0.03098440787608563
0.0342268626846315
0.03644963355132147
0.038204053438113776
0.03968104671455843
0.04097170570006988
0.042127307531923994
0.04317985773511977
0.04415080748481292
0.0450553051468003
0.04590448508546706
0.04670679470029572
0.04746880972356482
0.048195759010928915
0.04889187554181509
0.04956063884689187
0.050204947085838725
0.050827242099408386
0.05142960216857132
0.05201381206983737
0.05258141683435013
0.05313376359246755
0.0536720345630241
0.05419727336246458
0.054710406207083416
0.055212259163252286
0.05570357230491248
0.05618501142639215
0.05665717780425065
0.057120616388840174
0.05757582272184218
0.058023248812258614
0.058463308155103005
0.058896380039981745
0.05932281326767327
0.05974292937054303
0.060157025414868726
0.0605653764490579
0.06096823765054923
0.06136584621514819
0.06175842302534784
0.06214617412811469
0.06252929204790003
0.06290795695655917
0.06328233771867203
0.0636525928279259
0.06401887124799249
0.06438131316943717
0.06474005069262417
0.06509520844509277
0.06544690414094126
0.06579524908863334
0.06614034865283705
0.06648230267527926
0.06682120585885543
0.06715714811888167
0.06749021490471642
0.06782048749482164
0.06814804326776237
0.06847295595154744
0.06879529585331733
0.06911513007121692
0.06943252269013225
0.06974753496268006
0.07006022547683474
0.0703706503112978
0.07067886317973161
0.07098491556475997
0.07128885684260831
0.07159073439917811
0.07189059373820036
0.07218847858217821
0.07248443096663953
0.07277849132822037
0.07307069858711238
0.07336109022421586
0.07364970235349613
0.07393656978981482
0.07422172611261808
0.07450520372577152
0.07478703391380742
0.07506724689484971
0.07534587187044765
0.07562293707252254
0.07589846980764434
0.07617249649879408
0.0764450427248031
0.0767161332576065
0.07698579209745883
0.0772540425062586
0.07752090703906903
0.07778640757397841
0.07805056534040557
0.07831340094591642
0.07857493440168165
0.07883518514662625
0.07909417207037235
0.0793519135350289
0.07960842739591846
0.0798637310212752
0.08011784131100166
0.08037077471451588
0.08062254724775882
0.08087317450938944
0.08112267169623402
0.081371053618015
0.08161833471141063
0.08186452905346991
0.08210965037441986
0.08235371206991665
0.08259672721273832
0.08283870856397221
0.0830796685837153
0.08331961944131228
0.08355857302515261
0.08379654095206032
0.0840335345762826
0.08426956499809903
0.08450464307208966
0.0847387794150453
0.08497198441357202
0.08520426823137575
0.08543564081626462
0.08566611190686754
0.0858956910390876
0.08612438755230838
0.0863522105953531
0.08657916913221597
0.08680527194757348
0.08703052765209525
0.08725494468753785
0.08747853133166442
0.08770129570297118
0.0879232457652513
0.0881443893319737
0.088364734070521
0.08858428750626826
0.08880305702650922
0.08902104988425374
0.08923827320188724
0.08945473397469554
0.08967043907428225
0.08988539525184865
0.09009960914138032
0.09031308726270962
0.09052583602448895
0.09073786172704874
0.09094917056517536
0.0911597686307829
0.09136966191551293
0.09157885631323205
0.09178735762246144
0.09199517154872329
0.09220230370681229
0.0924087596229941
0.09261454473713807
0.09281966440477589
0.09302412389910557
0.09322792841292508
0.09343108306051164
0.09363359287943997
0.09383546283234935
0.09403669780865313
0.09423730262620043
0.0944372820328863
0.09463664070821523
0.09483538326481915
0.09503351424992854
0.09523103814680225
0.09542795937611916
0.09562428229732674
0.09582001120994804
0.09601515035485803
0.0962097039155238
0.09640367601920137
0.09659707073811173
0.0967898920905723
0.0969821440421072
0.09717383050652398
0.09736495534695547
0.09755552237688217
0.09774553536112225
0.09793499801679742
0.098123914014269
0.09831228697806002
0.0985001204877336
0.09868741807877425
0.09887418324342209
0.09906041943150296
0.09924613005122603
0.09943131846996907
0.09961598801504012
0.09980014197441968
0.09998378359748317
0.10016691609571346
0.10034954264338505
0.10053166637823621
0.10071329040212858
0.10089441778168344
0.10107505154890746
0.10125519470180411
0.10143485020496466
0.1016140209901528
0.10179270995687038
0.101970919972912
0.10214865387490366
0.1023259144688363
0.1025027045305749
0.10267902680637116
0.10285488401335045
0.10303027883999545
0.10320521394661891
0.10337969196581985
0.10355371550293956
0.10372728713649608
0.1039004094186198
0.10407308487546893
0.10424531600764746
0.10441710529060311
0.10458845517502453
0.10475936808722631
0.10492984642952545
0.10509989258061393
0.10526950889591562
0.10543869770794574
0.10560746132665359
0.10577580203976458
0.10594372211311295
0.1061112237909635
0.10627830929633664
0.10644498083131557
0.10661124057735744
0.10677709069558876
0.10694253332710284
0.10710757059324578
0.10727220459590131
0.10743643741776562
0.10760027112261931
0.10776370775559471
0.10792674934343637
0.10808939789475606
0.10825165540028506
0.10841352383312076
0.10857500514896729
0.10873610128637112
0.10889681416695886
0.10905714569565758
0.10921709776092796
0.10937667223497473
0.10953587097397129
0.10969469581826329
0.10985314859258333
0.110011231106251
0.11016894515337404
0.11032629251304735
0.11048327494954364
0.11063989421250386
0.11079615203712463
0.1109520501443412
0.11110759024100617
0.11126277402006889
0.11141760316074709
0.11157207932869678
0.11172620417618385
0.11187997934224454
0.11203340645285077
0.11218648712106782
0.11233922294721212
0.11249161551900437
0.11264366641172008
0.11279537718834189
0.11294674939970281
0.11309778458463111
0.11324848427009138
0.1133988499713259
0.11354888319199088
0.11369858542428757
0.11384795814910348
0.11399700283613155
0.11414572094401049
0.11429411392044075
0.11444218320231658
0.11458993021584342
0.11473735637666145
0.11488446308996371
0.11503125175061044
0.11517772374324767
0.1153238804424175
0.11546972321267292
0.11561525340868126
0.11576047237534101
0.11590538144788144
0.11604998195196779
0.11619427520381016
0.11633826251025892
0.11648194516890675
0.11662532446819115
0.11676840168748547
0.1169111780971985
0.1170536549588691
0.11719583352525725
0.11733771504043804
0.11747930073988884
0.11762059185058203
0.11776158959106997
0.11790229517157311
0.11804270979406489
0.11818283465235459
0.11832267093217283
0.11846221981125044
0.11860148245940193
0.11874046003860167
0.11887915370306462
0.11901756459932421
0.11915569386630571
0.11929354263540438
0.1194311120305566
0.11956840316831625
0.11970541715792449
0.11984215510138214
0.11997861809351928
0.1201148072220641
0.12025072356771398
0.12038636820419747
0.12052174219834766
0.12065684661016161
0.12079168249287033
0.12092625089299902
0.12106055285043066
0.12119458939847169
0.12132836156390822
0.12146187036707262
0.12159511682189815
0.12172810193598019
0.1218608267106369
0.12199329214096262
0.12212549921588829
0.12225744891823757
0.12238914222477752
0.12252058010628109
0.12265176352757572
0.12278269344759742
0.12291337081944605
0.12304379659043552
0.12317397170214577
0.1233038970904745
0.12343357368568462
0.12356300241245793
0.12369218418994218
0.12382111993179766
0.12394981054624944
0.12407825693613075
0.1242064599989311
0.12433442062684327
0.12446213970680851
0.124589618120561
0.12471685674467281
0.12484385645059864
0.1249706181047179
0.12509714256837975
0.12522343069794303
0.12534948334482143
0.1254753013555222
0.12560088557168914
0.12572623683014258
0.1258513559629181
0.12597624379730968
0.12610090115590605
0.12622532885662985
0.12634952771277805
0.1264734985330556
0.1265972421216184
0.1267207592781065
0.12684405079768202
0.1269671174710656
0.12708996008457196
0.12721257942014577
0.12733497625539572
0.12745715136363112
0.12757910551389415
0.12770083947099578
0.1278223539955469
0.12794364984399464
0.12806472776865288
0.12818558851773587
0.12830623283538975
0.12842666146172454
0.12854687513284607
0.12866687458088805
0.128786660534039
0.1289062337165788
0.12902559484890308
0.1291447446475578
0.12926368382526363
0.1293824130909518
0.1295009331497864
0.12961924470319805
0.12973734844891013
0.1298552450809659
0.12997293528975876
0.1300904197620575
0.13020769918103467
0.13032477422629438
0.13044164557389587
0.13055831389638414
0.13067477986281217
0.1307910441387689
0.13090710738640585
0.13102297026445908
0.13113863342827772
0.13125409752984693
0.13136936321781284
0.13148443113750724
0.1315993019309727
0.13171397623698336
0.131828454691072
0.13194273792555142
0.1320568265695393
0.13217072124897805
0.132284422586663
0.13239793120225765
0.13251124771232337
0.1326243727303366
0.1327373068667121
0.13285005072882555
0.13296260492103398
0.13307497004469715
0.13318714669819867
0.1332991354769689
0.13341093697350043
0.13352255177737513
0.13363398047528016
0.13374522365102773
0.1338562818855793
0.13396715575706014
0.1340778458407821
0.1341883527092626
0.13429867693224284
0.1344088190767072
0.13451877970690196
0.13462855938435592
0.1347381586678953
0.13484757811366455
0.1349568182751449
0.13506587970317055
0.13517476294594694
0.13528346854907086
0.135391997055544
0.1355003490057929
0.13560852493768671
0.1357165253865519
0.1358243508851902
0.1359320019638976
0.1360394791504762
0.13614678297025595
0.13625391394610636
0.1363608725984563
0.1364676594453077
0.13657427500225294
0.1366807197824886
0.1367869942968341
0.13689309905374403
0.13699903455932638
0.13710480131735447
0.13721039982928593
0.13731583059427396
0.1374210941091851
0.13752619086861192
0.1376311213648883
0.13773588608810514
0.1378404855261219
0.13794492016458335
0.1380491904869322
0.13815329697442413
0.13825724010614027
0.1383610203590036
0.1384646382077888
0.1385680941251376
0.1386713885815748
0.13877452204551607
0.13887749498328641
0.1389803078591292
0.13908296113522176
0.13918545527168785
0.13928779072660838
0.1393899679560372
0.13949198741401075
0.1395938495525627
0.1396955548217344
0.1397971036695888
0.13989849654222208
0.1399997338837741
0.1401008161364436
0.14020174374049715
0.14030251713428113
0.14040313675423569
0.14050360303490436
0.14060391640894454
0.14070407730714274
0.14080408615842088
