0.0009421252547074494
0.0010507037109347092
0.0011264671215800803
0.001187122933024522
0.001238843619943961
0.001284588537550956
0.0013260302747769431
0.0013198606521902983
0.0013618939483910446
0.0013978357503586726
0.0014249886491022451
0.0014524770564763386
0.0014813965386505305
0.0015072383669112318
0.0015333633412104965
0.0015584099819328338
0.0015830157825426478
0.0016069191019368074
0.0016302620644291852
0.0016532432788697834
0.0016758771736156764
0.0016981033690759123
0.0017200866981268515
0.0017417639902997505
0.001763167743575501
0.0017843605400504516
0.001805361815958411
0.0018261771625257461
0.0018468271365898984
0.0018673303728868123
0.0018876995889044732
0.0019079510789407588
0.0019280985745460698
0.001948147861973554
0.0019681106826298566
0.0019879989717048567
0.00200781560583677
0.0020275713663418997
0.002047274528436017
0.0020669274719612215
0.002086539704229275
0.0021061136054678856
0.0021256554607977903
0.002145169863978026
0.0021646604441905547
0.002184130912858493
0.002203584928361327
0.0022230257679807896
0.0022424559872061263
0.0022618786575864776
0.0022812960137214124
0.002300710532991449
0.002320124076898082
0.0023395389612207466
0.0023589565942425147
0.0023783787104297857
0.0023978069159275115
0.0024172425282241194
0.0024366867969418107
0.0024561408910848807
0.0024756059516722823
0.0024950828980572336
0.0025145726298966115
0.0025340759105144514
0.002553593556781743
0.0025731261950790183
0.0025926744456329
0.0026122389317535153
0.002631820040304097
0.002651418290346284
0.002671034058511552
0.0026906677499558356
0.002710319612611232
0.0027299899781012224
0.0027496860608664047
0.00276939356927781
0.0027891202440194543
0.0028088662286359623
0.0028286316517719978
0.0028484165910013536
0.002868221165330548
0.002888049559399429
0.0029078932088131716
0.0029277566068046145
0.0029476397351076294
0.0029675457472637485
0.0029874680781200157
0.0030074128407225967
0.003027374263632024
0.0030473576564188894
0.0030673579266940654
0.0030873797266527813
0.0031074205553257915
0.0031274803162195325
0.003147558931470434
0.0031676562988213054
0.0031877722965745225
0.0032079068069719653
0.0032280611474725445
0.0032482335936067875
0.0032684227418014198
0.003288632308501108
0.0033088583139716924
0.0033291019035182156
0.003349363960558674
0.003369643203186243
0.0033899394853301006
0.003410253545281353
0.0034305842580383337
0.0034509322811245185
0.003471295823572349
0.0034916770253774895
0.003512073451436074
0.003532487028713669
0.0035529161619503417
0.0035733607079969833
0.0035938210845604013
0.0036142970724409207
0.0036347884413430935
0.0036552944795235085
0.0036758155166633443
0.0036963513494434087
0.0037169022119609885
0.003737467005523434
0.003758045995068876
0.0037786393773261108
0.003799246546096553
0.003819867319472173
0.0038405018630404126
0.0038611496292254104
0.003881810766368043
0.0039024850694218153
0.003923172045307475
0.003943872099547902
0.003964584738802252
0.003985309780870148
0.004006047046415705
0.004026796604416102
0.004047558257298485
0.00406833159126441
0.0040891168776164485
0.004109913706720882
0.0041307219028603685
0.004151541298413383
0.004172372104717658
0.004193213759219568
0.004214066457816156
0.004234929846243663
0.0042558037593395945
0.004276688358609187
0.004297583150145256
0.004318488431366003
0.004339403585152119
0.004360328887358633
0.004381264028862178
0.004402208853854886
0.004423163462737418
0.0044441275617669975
0.004465101000519276
0.004486083743571247
0.004507075750426102
0.004528076862491237
0.004549086821608707
0.0045701056935024305
0.004591133425199024
0.004612169670577813
0.004633214575615136
0.004654267898296294
0.004675329586931982
0.004696399585092916
0.004717477667048174
0.004738563862038537
0.004759658107862375
0.004780760187321494
0.004801870044160528
0.004822987691220999
0.004844112919726693
0.004865245739612767
0.004886385949828474
0.004907533622345823
0.004928688559258063
0.00494985069830897
0.004971020034700029
0.004992196440606969
0.005013379791489572
0.005034570079885701
0.005055767236671507
0.005076971192624106
0.005098181826340291
0.005119399071208026
0.0051406229099238004
0.005161853223671907
0.005183090038414799
0.005204333189782213
0.005225582611019229
0.005246838321374381
0.005268100206258597
0.0052893682378148624
0.005310642304613026
0.005331922417645806
0.0053532084658616105
0.005374500380244353
0.005395798166344529
0.005417101752208133
0.005438411031322551
0.0054597260051975115
0.005481046636352527
0.005502372819946593
0.005523704552405956
0.005545041730521059
0.005566384379417672
0.005587732396508902
0.005609085742500363
0.005630444406226781
0.0056518083161403755
0.005673177431016262
0.005694551708171386
0.005715931104639134
0.005737315577189521
0.005758705082496196
0.0057800996010106236
0.0058014990876341654
0.0058229034725626435
0.005844312758733012
0.0058657268762334095
0.0058871458246881865
0.005908569534362492
0.005929997959030243
0.005951431116407356
0.005972868936620608
0.005994311372277084
0.006015758436631356
0.006037210040441769
0.006058666214037697
0.006080126869038141
0.006101592013453714
0.006123061597365277
0.006144535589353256
0.006166013975366994
0.006187496705102442
0.00620898377990018
0.006230475148715278
0.00625197079397079
0.006273470681020775
0.006294974790856838
0.006316483087867299
0.006337995566740509
0.006359512175739842
0.006381032908019442
0.006402557740626583
0.006424086635755467
0.006445619569864839
0.006467156532477531
0.006488697498135056
0.006510242440986668
0.006531791334815427
0.006553344165813789
0.006574900906466386
0.006596461541483288
0.0066180260544226955
0.0066395944042246325
0.006661166585702416
0.006682742580414491
0.006704322369425505
0.00672590592186601
0.006747493228846791
0.0067690842697758205
0.006790679023112683
0.006812277467212701
0.006833879600531592
0.0068554853893663895
0.006877094820619525
0.0068987078800053754
0.0069203245429000975
0.006941944803731921
0.006963568636571777
0.006985196034155922
0.0070068269697284025
0.007028461434680679
0.007050099419213882
0.007071740886353511
0.007093385842846521
0.007115034268069122
0.007136686141324417
0.007158341449458519
0.007180000178919511
0.007201662315432302
0.007223327851998786
0.0072449967572546575
0.007266669038355113
0.0072883446632464296
0.007310023629769511
0.0073317059127511
0.007353391515742929
0.007375080412419061
0.007396772597689123
0.007418468051405065
0.007440166767017356
0.007461868723531189
0.007483573919788758
0.007505282333680329
0.007526993955999447
0.0075487087831697846
0.007570426785454896
0.007592147964365205
0.007613872301896623
0.007635599791774257
0.007657330420894192
0.007679064169936583
0.007700801036468638
0.007722541000278845
0.007744284063229411
0.007766030203925086
0.0077877794118388745
0.007809531675733991
0.007831286989340646
0.007853045334937825
0.007874806705050611
0.007896571091460873
0.00791833848019837
0.007940108861853083
0.00796188222652218
0.007983658558782887
0.008005437852567432
0.008027220096257412
0.008049005277768435
0.008070793389189354
0.00809258442203447
0.008114378358068643
0.008136175196863165
0.008157974919198908
0.008179777519001381
0.00820158298945736
0.008223391314492312
0.00824520248628831
0.00826701649637202
0.008288833331617633
0.00831065298658223
0.00833247544722579
0.008354300702992007
0.008376128746931284
0.008397959567439241
0.008419793156471497
0.008441629501565684
0.00846346859736871
0.00848531042666929
0.00850715498694754
0.008529002263796536
0.008550852246258357
0.008572704929999926
0.008594560302914988
0.008616418356117421
0.008638279076683061
0.008660142454807094
0.008682008486900214
0.0087038771587164
0.008725748459041439
0.008747622379499737
0.008769498911234118
0.008791378048026903
0.008813259773671239
0.008835144081181544
0.00885703095978797
0.008878920404598116
0.008900812400885715
0.008922706939808364
0.008944604011904304
0.008966503610353149
0.008988405721853578
0.009010310338700523
0.009032217449725053
0.009054127046317705
0.00907603911927463
0.009097953656353115
0.009119870650366664
0.009141790090892787
0.009163711969869657
0.009185636273454846
0.009207562995389563
0.00922949212374441
0.009251423651337723
0.009273357565477935
0.009295293858200568
0.009317232518617796
0.009339173540351872
0.009361116909253875
0.009383062615807463
0.009405010652405562
0.009426961008717049
0.009448913673972572
0.00947086863942595
0.009492825893630989
0.00951478542935171
0.009536747234391406
0.009558711298522756
0.009580677611167123
0.009602646165752713
0.009624616950939122
0.009646589955074964
0.00966856517045601
0.009690542584754583
0.009712522189535867
0.009734503973887018
0.009756487926616033
0.009778474042311839
0.009800462305033963
0.009822452708600934
0.009844445242461959
0.009866439893820661
0.009888436655413281
0.009910435515753555
0.009932436464955976
0.009954439492784276
0.00997644458872033
0.009998451743800462
0.01002046094498139
0.010042472184536431
0.01006448545068211
0.010086500734939805
0.010108518024970908
0.01013053731166516
0.010152558583911439
0.010174581831967408
0.01019660704409137
0.010218634211679904
0.01024066332244768
0.010262694368822312
0.010284727337971603
0.010306762218416777
0.010328799001715263
0.010350837677456296
0.01037287823496317
0.010394920661712603
0.010416964949599592
0.01043901108561996
0.010461059062656087
0.010483108865609686
0.01050516048680236
0.010527213916748717
0.010549269141125932
0.010571326151434829
0.010593384935898776
0.010615445485417964
0.010637507787719509
0.010659571833159872
0.010681637610434832
0.010703705109376925
0.0107257743181819
0.010747845226179926
0.010769917822504381
0.010791992096029953
0.010814068038087802
0.010836145634357072
0.010858224877038445
0.010880305752720571
0.01090238825308844
0.01092447236427683
0.010946558077506616
0.010968645381085242
0.010990734264433305
0.011012824715453408
0.011034916724374412
0.011057010279908382
0.011079105369345784
0.011101201984689604
0.011123300111568596
0.011145399741523884
0.01116750086224483
0.011189603463582467
0.01121170753280761
0.011233813059401269
0.011255920032597008
0.011278028441399149
0.01130013827462038
0.011322249520917158
0.011344362167541845
0.011366476206149416
0.011388591623629625
0.011410708408964436
0.011432826552014021
0.011454946040263458
0.01147706686210339
0.011499189007913893
0.011521312465686218
0.011543437223273893
0.011565563270461378
0.011587690595790807
0.011609819186582606
0.011631949034123203
0.011654080124364148
0.011676212447217798
0.011698345992336519
0.011720480746247075
0.011742616699280823
0.011764753838616816
0.011786892154257052
0.011809031633999524
0.01183117226655681
0.011853314041340823
0.011875456944793757
