1.3483804256379282e-6
5.329778621888398e-6
0.000011859061800576342
0.000020857232004724396
0.000032249463410967696
0.00004596443238047846
0.00006193393413853224
0.00008009261387904655
0.00010037776078206936
0.00012272913503634896
0.00014708882098199967
0.00017340109584700777
0.00020161231152299866
0.00023167078764821418
0.00026352671247818467
0.0002971320516536914
0.00033244046297582503
0.00036940721724660805
0.00040798912393754343
0.00044814446124922093
0.0004898329106384166
0.0005330154949740274
0.0005776545201712934
0.0006237135200720317
0.0006711572043907489
0.0007199514092449498
0.0007700630504550177
0.000821460079204406
0.0008741114398907217
0.0009279870301383464
0.0009830576628729077
0.0010392950300834756
0.0010966716685353172
0.0011551609269679272
0.0012147369349518183
0.0012753745732042025
0.0013370494451740436
0.0013997378501154514
0.001463416757278854
0.0015280637812725888
0.0015936571585838668
0.0016601757251023552
0.0017275988946711754
0.0017959066385448484
0.0018650794657682167
0.001935098404369495
0.0020059449834129925
0.002077601215745121
0.002150049581536165
0.0022232730124390754
0.0022972548764593733
0.0023719789634545803
0.0024474294711608435
0.0025235909918682412
0.002600448499558051
0.002677987337628079
0.0027561932070323037
0.0028350521549708914
0.002914550563915306
0.0029946751411804836
0.0030754129087917615
0.003156751193836517
0.0032386776190856405
0.003321180094056856
0.0034042468063669373
0.0034878662134131804
0.003572027034352994
0.0036567182424164252
0.003741929057463225
0.003827648938812128
0.003913867578345675
0.0040005748938712555
0.004087761022660949
0.004175416315311283
0.004263531329717556
0.004352096825342104
0.004441103757635892
0.004530543272668569
0.004620406701926187
0.0047106855573041725
0.004801371526266838
0.004892456467158769
0.004983932404668729
0.005075791525472248
0.0051680261739853834
0.005260628848279504
0.005353592196102443
0.005446909011071476
0.0055405722289340546
0.0056345749239989345
0.005728910305647848
0.005823571714963425
0.00591855262146742
0.006013846619963571
0.0061094474274782685
0.006205348880263663
0.00630154493094997
0.006398029645739296
0.006494797201692415
0.0065918418841065815
0.006689158083972823
0.006786740295492353
0.006884583113682334
0.006982681232042149
0.007081029440297059
0.00717962262218935
0.00727845575335739
0.0073775238992497315
0.007476822213124102
0.007576345934079381
0.0076760903851529425
0.007776050971481136
0.007876223178487754
0.007976602570144804
0.008077184787266774
0.008177965545863254
0.00827894063551286
0.00838010591781873
0.008481457324864931
0.008582990857747615
0.008684702585113672
0.008786588641770924
0.008888645227311797
0.008990868604768797
0.009093255099335324
0.00919580109708053
0.009298503043729353
0.009401357443450524
0.009504360857684772
0.009607509904012284
0.009710801255026087
0.009814231637252162
0.009917797830095727
0.010021496664796308
0.010125325023422484
0.01022927983789415
0.01033335808902231
0.010437556805566605
0.010541873063322962
0.010646303984239337
0.01075084673553031
0.01085549852883762
0.01096025661940029
0.01106511830523245
0.011170080926340569
0.011275141863946845
0.011380298539732993
0.011485548415098511
0.011590888990443653
0.011696317804454777
0.01180183243342905
0.01190743049058268
0.012013109625402313
0.012118867522999384
0.012224701903473563
0.012330610521302979
0.012436591164737613
0.012542641655210152
0.012648759846751166
0.012754943625438112
0.012861190908831345
0.012967499645439999
0.013073867814182226
0.013180293423879509
0.013286774512740586
0.013393309147865896
0.013499895424765327
0.013606531466874905
0.013713215425096617
0.013819945477338565
0.013926719828062912
0.01403353670785532
0.014140394372992585
0.014247291105016407
0.014354225210326357
0.01446119501977503
0.014568198888271896
0.014675235194387013
0.01478230233998559
0.014889398749839893
0.014996522871271692
0.015103673173788839
0.015210848148736507
0.015318046308952709
0.015425266188426361
0.015532506341966344
0.015639765344876395
0.015747041792636144
0.015854334300588212
0.015961641503625616
0.016068962055897657
0.01617629463050785
0.016283637919227274
0.01639099063220299
0.01649835149768789
0.016605719261753322
0.0167130926880312
0.016820470557444386
0.016927851667940398
0.017035234834247525
0.01714261888761662
0.017250002675573264
0.017357385061679834
0.017464764925299785
0.017572141161360175
0.017679512680119868
0.01778687840695086
0.01789423728211391
0.018001588260542083
0.018108930311622154
0.018216262418992563
0.018323583580330018
0.018430892807154903
0.018538189124620727
0.018645471571328325
0.01875273919912872
0.018859991072932434
0.018967226270528926
0.019074443882397627
0.01918164301153092
0.019288822773259617
0.019395982295070904
0.019503120716448802
0.01961023718869479
0.01971733087477085
0.019824400949134752
0.019931446597573056
0.020038467017055233
0.02014546141556829
0.020252429011973012
0.020359369035847154
0.02046628072734305
0.02057316333703836
0.02068001612579724
0.020786838364626473
0.02089362933454109
0.02100038832642238
0.02110711464089151
0.021213807588169358
0.02132046648795584
0.0214270906692948
0.021533679470450495
0.021640232238787135
0.021746748330642964
0.02185322711121158
0.021959667954424205
0.02206607024283353
0.02217243336749836
0.022278756727875444
0.022385039731696994
0.022491281794876722
0.022597482341390987
0.022703640803173414
0.02280975662001972
0.022915829239473946
0.0230218581167325
0.023127842714544756
0.023233782503111956
0.02333967695999122
0.023445525570004472
0.023551327825137372
0.023657083224451654
0.023762791273992077
0.023868451486697456
0.023974063382309948
0.024079626487290496
0.02418514033473197
0.02429060446427327
0.02439601842201569
0.024501381760442267
0.024606694038337415
0.024711954820702108
0.02481716367868042
0.024922320189477883
0.02502742393629019
0.025132474508219347
0.02523747150020736
0.025342414512956907
0.025447303152864687
0.025552137031945418
0.025656915767761777
0.025761638983357003
0.025866306307187743
0.025970917373051534
0.026075471820027108
0.026179969292401246
0.026284409439611973
0.02638879191617921
0.026493116381641903
0.026597382500501466
0.026701589942153176
0.026805738380833652
0.026909827495551684
0.027013856970041696
0.027117826492692943
0.027221735756503364
0.027325584459017865
0.027429372302272534
0.027533098992739542
0.027636764241277364
0.027740367763073134
0.027843909277589115
0.027947388508518075
0.02805080518372061
0.028154159035186827
0.02825744979897607
0.02836067721517416
0.02846384102784241
0.028566940984970195
0.028669976838426803
0.0287729483439178
0.028875855260933198
0.02897869735270696
0.029081474386172264
0.029184186131913672
0.02928683236412611
0.029389412860569168
0.029491927402528425
0.02959437577477069
0.029696757765502818
0.029799073166331267
0.029901321772221306
0.030003503381457335
0.03010561779560249
0.03020766481946231
0.030309644261043996
0.030411555931518265
0.03051339964518428
0.030615175219430357
0.0307168824747004
0.030818521234452056
0.030920091325127977
0.031021592576117987
0.031123024819722796
0.031224387891120586
0.031325681628336245
0.0314269058722029
0.03152806046633329
0.03162914525708399
0.03173016009352761
0.03183110482741362
0.0319319793131453
0.0320327834077445
0.032133516970819904
0.03223417986454017
0.032334771953602
0.032435293105201136
0.0325357431890014
0.03263612207711146
0.03273642964404949
0.03283666576672064
0.03293683032438567
0.033036923198635305
0.033136944273362993
0.03323689343473939
0.03333677057118237
0.03343657557333539
0.033536308334037944
0.03363596874830227
0.03373555671328986
0.03383507212828123
0.03393451489465652
0.03403388491587044
0.034133182097425795
0.034232406346851554
0.034331557573679346
0.03443063568942099
0.034529640607545486
0.034628572243453816
0.03472743051446169
0.03482621533977196
0.0349249266404579
0.035023564339438894
0.035122128361457415
0.035220618633063396
0.035319035082589115
0.03541737764013042
0.03551564623752552
0.035613840808335795
0.03571196128782632
0.03581000761294422
0.035907979722301156
0.03600587755615606
0.03610370105639067
0.03620145016649801
0.03629912483155693
0.03639672499821948
0.03649425061468887
0.03659170163070484
0.03668907799752312
0.03678637966790149
0.036883606596078394
0.03698075873775939
0.0370778360501003
0.03717483849168592
0.03727176602252052
0.03736861860400639
0.037465396198930814
0.03756209877144714
0.03765872628706237
0.0377552787126194
0.037851756016283725
0.03794815816752623
0.03804448513710831
0.03814073689706944
0.03823691342070916
0.038333014682575314
0.03842904065844854
0.03852499132532872
0.03862086666142037
0.038716666646119176
0.03881239125999715
0.03890804048479008
0.039003614303387404
0.03909911269981101
0.0391945356592107
0.03928988316784534
0.039385155213073994
0.03948035178333912
0.03957547286815932
0.03967051845811205
0.03976548854482417
0.03986038312095859
0.0399552021802041
0.04004994571726197
0.040144613727834136
0.04023920620861232
0.04033372315726657
0.04042816457243384
0.04052253045370632
0.04061682080162196
0.04071103561765073
0.040805174904187766
0.04089923866453803
0.04099322690290929
0.041087139624401414
0.04118097683499243
0.04127473854153414
0.0413684247517366
0.04146203547416138
0.04155557071820939
0.04164903049411347
0.041742414812927967
0.04183572368651719
0.04192895712754783
0.04202211514948111
0.04211519776655923
0.04220820499379979
0.04230113684698593
0.042393993342654715
0.04248677449809351
0.04257948033132683
0.0426721108611087
0.04276466610691442
0.04285714608893318
0.042949550828056696
0.04304188034587425
0.04313413466466195
0.04322631380737673
0.04331841779764634
0.04341044665976139
0.043502400418670116
0.04359427909996707
0.04368608272988861
0.0437778113353016
0.043869464943700955
0.04396104358319659
0.044052547282509506
0.0441439760709649
0.04423532997848149
0.04432660903556865
0.044417813273316425
0.044508942723388026
0.04459999741801699
0.04469097738999529
0.04478188267266945
0.04487271329993399
0.044963469306224205
0.04505415072650671
0.04514475759627982
0.04523528995155921
0.04532574782887806
0.045416131265277
0.04550644029829754
0.04559667496598005
0.04568683530685298
0.04577692135992894
0.045866933164699815
0.045956870761126915
0.046046734189641364
0.046136523491132224
0.046226238706943514
0.04631587987886928
0.04640544704914672
0.04649494026045164
0.0465843595558901
0.04667370497899841
0.04676297657373234
0.046852174384464595
0.046941298455978914
