0.030986762315194313
0.0342360308437992
0.03646982287945624
0.03823927003624189
0.039735119540742464
0.041048302639032745
0.04222994758772447
0.04331192107899165
0.04431554382263544
0.04525584108766534
0.046143830717897655
0.04698784943744223
0.04779436769822644
0.04856851400331564
0.049314425531939536
0.050035490258182616
0.050734518723479324
0.0514138688530172
0.05207553848218123
0.05272123521589589
0.05335242998712145
0.053970398740867835
0.05457625527452339
0.055170977401712055
0.05575542800366577
0.056330372186371686
0.05689649129852513
0.05745439455657593
0.0580046286901233
0.05854768605034174
0.05908401144049982
0.059614007904262606
0.060138041668023064
0.06065644637786116
0.06116952674523108
0.06167756170379634
0.06218080714869219
0.06267949832601281
0.0631738519251802
0.06366406791415216
0.06415033115734038
0.06463281284917846
0.0651116717779313
0.06558705545382093
0.06605910111362996
0.06652793661914608
0.0669936812575098
0.06745644646519333
0.06791633647621795
0.06837344890683043
0.06882787528310975
0.06927970152224816
0.0697290083610684
0.07017587175355765
0.07062036322825911
0.07106255021222983
0.07150249633387214
0.07194026168867984
0.07237590309334142
0.0728094743122661
0.07324102626609746
0.07367060722666595
0.07409826299033179
0.07452403704669668
0.0749479707228663
0.07537010332686324
0.07579047227322835
0.07620911320407914
0.07662606009689715
0.07704134536823382
0.0774549999667278
0.07786705346218438
0.07827753412719032
0.07868646901142588
0.0790938840150385
0.07949980395210082
0.0799042526134941
0.0803072528236239
0.08070882649480696
0.0811089946765973
0.08150777760252041
0.08190519473436196
0.08230126480343986
0.08269600584888886
0.0830894352529288
0.08348156977626152
0.08387242558886025
0.08426201829985303
0.0846503629866139
0.08503747421969489
0.08542336608890919
0.08580805222635282
0.08619154582845406
0.08657385967676948
0.08695500615781458
0.08733499728133592
0.08771384469785949
0.08809155971567777
0.08846815331529334
0.08884363616591451
0.08921801863751753
0.08959131081565136
0.08996352251300803
0.0903346632819662
0.09070474242470986
0.0910737690049925
0.09144175185793402
0.09180869959932994
0.09217462063494178
0.09253952316898202
0.0929034152123824
0.09326630459082766
0.0936281989518673
0.09398910577188048
0.09434903236291432
0.09470798587910562
0.09506597332313708
0.09542300155097079
0.09577907727831893
0.09613420708509397
0.0964883974215754
0.09684165461176772
0.0971939848589334
0.09754539424966714
0.09789588875786859
0.09824547424867815
0.09859415648281929
0.09894194111932288
0.09928883371974498
0.09963483975097488
0.09997996458861194
0.10032421351988613
0.10066759174651496
0.10101010438789482
0.1013517564829109
0.10169255299316105
0.10203249880529452
0.10237159873271659
0.10270985751885049
0.10304727983822883
0.10338387029958757
0.10371963344685883
0.1040545737612689
0.10438869566400995
0.10472200351659933
0.1050545016239058
0.10538619423450166
0.1057170855433084
0.10604717969225164
0.10637648077218641
0.1067049928238808
0.10703271983974058
0.10735966576481895
0.10768583449804517
0.10801122989329347
0.10833585576101375
0.10865971586863
0.10898281394215571
0.1093051536667109
0.10962673868807632
0.1099475726129414
0.11026765901047483
0.11058700141280198
0.11090560331587729
0.11122346818046591
0.11154059943274151
0.11185700046526979
0.11217267463747588
0.11248762527644465
0.11280185567766886
0.11311536910587583
0.1134281687952287
0.1137402579501786
0.1140516397463145
0.114362317330421
0.11467229382144192
0.11498157231091782
0.11529015586346164
0.11559804751731753
0.11590525028465881
0.11621176715249021
0.11651760108275261
0.11682275501281808
0.11712723185601819
0.11743103450211505
0.11773416581745685
0.11803662864566042
0.11833842580792918
0.1186395601032234
0.11894003430893721
0.119239851180982
0.11953901345426979
0.11983752384302551
0.12013538504125029
0.12043259972259679
0.12072917054129079
0.12102510013181002
0.12132039110966529
0.12161504607153208
0.1219090675953499
0.12220245824083852
0.12249522054951253
0.12278735704528436
0.12307887023431378
0.12336976260548149
0.12366003663073455
0.12394969476487024
0.12423873944636431
0.12452717309706632
0.12481499812271597
0.12510221691299905
0.1253888318419415
0.12567484526780764
0.12596025953355025
0.12624507696705817
0.12652929988088674
0.12681293057298482
0.12709597132664174
0.12737842441058123
0.12766029207922952
0.12794157657282693
0.12822228011763218
0.1285024049261714
0.12878195319718466
0.12906092711593573
0.12933932885427524
0.12961716057087902
0.12989442441129032
0.13017112250809756
0.1304472569811443
0.13072282993757334
0.13099784347195403
0.13127229966648266
0.131546200590978
0.13181954830324843
0.13209234484896726
0.13236459226190256
0.13263629256403933
0.13290744776564797
0.13317805986546083
0.13344813085074553
0.1337176626973923
0.13398665737009718
0.13425511682232377
0.13452304299660786
0.13479043782449193
0.13505730322674583
0.1353236411133566
0.13558945338368625
0.13585474192657543
0.13611950862040953
0.13638375533322275
0.1366474839227987
0.13691069623669147
0.13717339411245918
0.137435579377664
0.13769725384985945
0.13795841933688352
0.1382190776367222
0.13847923053785444
0.13873887981896452
0.13899802724946103
0.13925667458920346
0.13951482358869458
0.13977247598924847
0.1400296335228545
0.14028629791259337
0.1405424708722392
0.14079815410680688
0.141053349312302
0.1413080581759515
0.1415622823761051
0.1418160235825502
0.14206928345636433
0.1423220636501247
0.14257436580781244
0.1428261915650714
0.1430775425491545
0.1433284203789563
0.14357882666521152
0.14382876301038452
0.14407823100887648
0.14432723224706723
0.14457576830318752
0.14482384074768268
0.1450714511430471
0.14531860104391583
0.14556529199722734
0.14581152554215607
0.14605730321022728
0.14630262652534698
0.14654749700390934
0.14679191615478776
0.1470358854794011
0.14727940647180143
0.14752248061864062
0.14776510939940166
0.14800729428622664
0.14824903674404355
0.1484903382307885
0.1487312001971269
0.14897162408681822
0.14921161133661262
0.14945116337625092
0.1496902816286318
0.14992896750975263
0.15016722242881783
0.15040504778835478
0.15064244498406315
0.15087941540503
0.15111596043368467
0.15135208144590814
0.15158777981105076
0.1518230568918922
0.15205791404487784
0.15229235261991042
0.15252637396067042
0.15275997940434194
0.1529931702819595
0.15322594791825775
0.15345831363176393
0.15369026873484565
0.15392181453372789
0.15415295232860673
0.15438368341355074
0.1546140090766697
0.15484393060007007
0.15507344925995944
0.15530256632660247
0.15553128306444197
0.15575960073208825
0.15598752058234563
0.15621504386228705
0.1564421718132866
0.1566689056710261
0.1568952466654878
0.1571211960211218
0.15734675495677694
0.1575719246857446
0.15779670641582008
0.15802110134933697
0.15824511068318556
0.15846873560881294
0.15869197731233226
0.1589148369745495
0.15913731577088344
0.159359414871504
0.15958113544133734
0.1598024786401652
0.16002344562240808
0.16024403753756167
0.16046425552984075
0.16068410073841546
0.16090357429740598
0.16112267733591948
0.16134141097799287
0.16155977634276358
0.1617777745444292
0.1619954066922107
0.16221267389051514
0.16242957723886736
0.16264611783193125
0.16286229675964786
0.1630781151070971
0.1632935739547407
0.16350867437814612
0.16372341744838806
0.16393780423177035
0.16415183578998582
0.16436551318006679
0.16457883745459262
0.1647918096614774
0.16500443084415675
0.16521670204155853
0.1654286242880912
0.1656401986138003
0.16585142604422565
0.1660623076005777
0.1662728442995993
0.16648303715374782
0.16669288717117622
0.16690239535567689
0.16711156270681315
0.1673203902198505
0.1675288788858641
0.16773702969171955
0.16794484362007128
0.16815232164945934
0.16835946475420843
0.1685662739046907
0.16877275006698986
0.16897889420324008
0.1691847072715413
0.16939019022594226
0.16959534401647208
0.16980016958920646
0.17000466788627955
0.17020883984584742
0.17041268640222376
0.1706162084857407
0.17081940702294407
0.17102228293650792
0.17122483714522146
0.17142707056418327
0.1716289841046052
0.17183057867398022
0.17203185517602645
0.17223281451078726
0.17243345757455603
0.17263378525998288
0.17283379845603844
0.1730334980479997
0.1732328849176034
0.1734319599429116
0.173630723998455
0.17382917795517827
0.17402732268044743
0.17422515903817481
0.17442268788866358
0.17461991008879207
0.17481682649195768
0.17501343794812826
0.175209745303773
0.17540574940200168
0.17560145108248046
0.17579685118153468
0.17599195053212133
0.1761867499638152
0.17638125030289076
0.17657545237232206
0.17676935699175728
0.17696296497762481
0.17715627714304194
0.17734929429787474
0.1775420172488603
0.17773444679939399
0.17792658374977896
0.1781184288971048
0.1783099830353203
0.1785012469552063
0.1786922214444512
0.17888290728761624
0.1790733052661681
0.17926341615851324
0.17945324073996
0.17964277978282922
0.1798320340563666
0.18002100432682505
0.18020969135743647
0.18039809590847786
0.18058621873723635
0.18077406059805956
0.1809616222423465
0.1811489044186026
0.18133590787240447
0.18152263334640992
0.18170908158043056
0.18189525331142958
0.18208114927348354
0.18226677019784723
0.1824521168129742
0.1826371898444828
0.18282199001521934
0.18300651804524523
0.18319077465182979
0.18337476054958585
0.183558476450293
0.18374192306302753
0.1839251010941917
0.1841080112474487
0.18429065422381802
0.1844730307216577
0.1846551414366132
0.18483698706173088
0.18501856828744384
0.18519988580152158
0.18538094028917407
0.18556173243300625
0.18574226291301638
0.1859225324066843
0.1861025415889277
0.18628229113211245
0.18646178170608776
0.18664101397816799
0.1868199886131913
0.18699870627350462
0.18717716761896833
0.18735537330696142
0.18753332399243847
0.18771102032791276
0.18788846296345255
0.18806565254672067
0.18824258972296434
0.1884192751350218
0.1885957094233763
0.1887718932261632
0.18894782717909367
0.1891235119155874
0.18929894806667574
0.1894741362611414
