0.002080387256510014
0.002267957539269881
0.0024181121456519216
0.0025455327000192193
0.002653156248661655
0.002748302607831577
0.0028341032760007133
0.002912825880597047
0.002985940636929404
0.0030545347580349055
0.0031193796758150743
0.003181066362919362
0.0032400607312679376
0.00329672675785933
0.0033513636467645412
0.003404217616352418
0.003455492144855761
0.0035053600472982624
0.0035539677784370573
0.00360144152417401
0.0036478902366785895
0.0036934090041884286
0.003738081212701278
0.0037819802875791457
0.0038251714050308175
0.0038677126379851466
0.003909655826799221
0.003951047591432679
0.003991929892454511
0.004032343195545589
0.004072316546694028
0.004111884183369617
0.004151074632157099
0.004189915305088635
0.0042284284041969955
0.004266635952747396
0.004304558185525464
0.004342213757426285
0.004379620575567525
0.004416794311002452
0.004453749005290112
0.004490498854914027
0.00452705603118025
0.004563433162029337
0.004599640719905016
0.004635689233608913
0.004671588168388643
0.004707346141346163
0.0047429719953287226
0.004778473462808105
0.004813858001004035
0.004849132227767608
0.004884302899952018
0.004919376149678324
0.004954357455607467
0.004989252401554985
0.005024066083184486
0.005058803295773698
0.005093468553341756
0.005128066111338824
0.0051626000719386085
0.005197074209714478
0.005231492241620308
0.005265857517673288
0.005300173278509156
0.005334442583460129
0.005368668436138813
0.005402853501264194
0.005437000412551514
0.005471111749123801
0.005505189804935744
0.005539236802225025
0.0055732549608378725
0.005607246296016699
0.005641212682702908
0.005675156032618561
0.0057090780833196995
0.005742980453007948
0.00577686481622971
0.005810732617877598
0.00584458535717159
0.005878424399479565
0.0059122510613340154
0.005946066588606834
0.005979872201184523
0.006013669013642702
0.006047458173733774
0.006081240675756364
0.0061150175477711665
0.006148789743390028
0.006182558164526407
0.006216323707884756
0.006250087177614086
0.006283849402312156
0.0063176111369117735
0.006351373119018225
0.006385136044913105
0.006418900582997667
0.006452667374952492
0.0064864370562941216
0.006520210185619555
0.006553987357555972
0.006587769093487319
0.006621555929300857
0.006655348342897349
0.006689146825417729
0.006722951821821103
0.006756763780645547
0.006790583107949685
0.006824410220313851
0.006858245493743253
0.006892089294113353
0.0069259419890286816
0.0069598039034152615
0.00699367536509972
0.0070275566913664145
0.007061448172294856
0.007095350105047012
0.007129262750596809
0.007163186376786497
0.007197121237029239
0.007231067571050566
0.007265025605564855
0.007298995559250975
0.00733297765123183
0.007366972079315217
0.007400979033964921
0.007434998705918229
0.007469031262743215
0.007503076880114504
0.007537135711754841
0.007571207922085617
0.007605293647587279
0.007639393032062161
0.0076735062089883085
0.007707633305453731
0.007741774439236518
0.007775929730735907
0.007810099282608042
0.007844283203030763
0.007878481591297368
0.007912694535631402
0.007946922126734219
0.00798116444950539
0.008015421580930335
0.008049693595226122
0.008083980563588024
0.008118282552082077
0.008152599619519736
0.008186931826346742
0.008221279223904572
0.008255641864980663
0.008290019795520085
0.008324413056936257
0.008358821690126248
0.00839324573139524
0.00842768521453973
0.008462140169068242
0.008496610622078009
0.00853109659823266
0.008565598118154445
0.00860011520175845
0.008634647864977913
0.008669196119949455
0.008703759979632278
0.008738339451726605
0.008772934541751116
0.008807545254566031
0.008842171592822825
0.008876813554315539
0.008911471136229636
0.008946144336326487
0.008980833146396604
0.009015537557601174
0.009050257560425165
0.009084993142182628
0.00911974428951306
0.009154510984848423
0.00918929321347947
0.009224090955338002
0.009258904188690846
0.009293732892284315
0.009328577042030241
0.009363436613224207
0.009398311579458859
0.009433201911696124
0.00946810758134218
0.00950302855815037
0.00953796480839433
0.0095729163006838
0.009607883000175095
0.009642864870562427
0.009677861875042274
0.009712873976210111
0.009747901135276743
0.009782943311190166
0.009818000463276993
0.009853072549489791
0.009888159526478457
0.009923261350405554
0.009958377976154887
0.009993509357378676
0.010028655447298994
0.010063816198646141
0.010098991562257142
0.010134181488577757
0.010169385928294816
0.010204604829598271
0.010239838140977307
0.010275085809867007
0.010310347782649432
0.01034562400599126
0.010380914424915092
0.010416218984102568
0.010451537627275324
0.010486870298436608
0.010522216940648298
0.010557577494882793
0.010592951903619965
0.010628340107846882
0.010663742047166212
0.010699157662604155
0.0107345868932306
0.010770029677883302
0.010805485954652303
0.010840955661399055
0.010876438736279465
0.010911935115693312
0.010947444735846844
0.010982967533792071
0.011018503444374387
0.011054052402830111
0.011089614344672748
0.011125189203846338
0.011160776915114006
0.01119637741123683
0.011231990626261812
0.011267616493205802
0.01130325494497516
0.011338905913522433
0.011374569330738445
0.011410245129270037
0.011445933240018727
0.011481633594253084
0.011517346122792286
0.01155307075682287
0.011588807426291477
0.011624556061529649
0.011660316592459792
0.011696088949018729
0.011731873060365713
0.011767668856063946
0.011803476265321841
0.011839295216275735
0.01187512563856709
0.01191096746006875
0.011946820609081801
0.011982685014312145
0.012018560603493225
0.012054447304100697
0.01209034504437397
0.012126253751636
0.012162173353634138
0.01219810377725163
0.012234044949816553
0.01226999679875888
0.012305959250396388
0.012341932232104445
0.012377915670778042
0.012413909492561279
0.012449913624353175
0.012485927992614812
0.012521952523683618
0.01255798714436644
0.012594031780488566
0.012630086358638952
0.012666150805030188
0.012702225045524677
0.01273830900646566
0.012774402613855254
0.012810505793656928
0.012846618472304875
0.012882740575153333
0.012918872028827902
0.012955012758907956
0.012991162691470324
0.013027321752336753
0.013063489867579948
0.013099666963047794
0.013135852964849048
0.013172047799102074
0.013208251391262265
0.01324446366777207
0.013280684554420174
0.013316913977509988
0.013353151862722576
0.013389398136497793
0.01342565272511356
0.013461915554265938
0.013498186550639916
0.013534465640337896
0.013570752749586076
0.013607047804921793
0.013643350732788962
0.01367966145954145
0.013715979912077849
0.013752306016597937
0.013788639699867586
0.013824980888985983
0.013861329510593528
0.01389768549150081
0.013934048758865903
0.013970419239632569
0.014006796861107786
0.0140431815505708
0.01407957323530582
0.014115971842589243
0.014152377300265747
0.014188789535636468
0.014225208476752252
0.014261634051142698
0.014298066186906684
0.014334504812187994
0.014370949854977506
0.014407401243677507
0.014443858906575884
0.014480322772004364
0.014516792768887619
0.014553268825868448
0.014589750871507672
0.014626238835280364
0.014662732645910781
0.014699232232720755
0.01473573752495656
0.014772248452457488
0.014808764944516063
0.014845286930867545
0.014881814341671499
0.014918347106741486
0.014954885156169925
0.014991428420484409
0.015027976830046993
0.015064530315351349
0.015101088807185116
0.015137652236347535
0.015174220534062205
0.015210793631427215
0.015247371459555858
0.015283953950291388
0.015320541034939357
0.015357132645393129
0.015393728713723565
0.015430329171760508
0.015466933951932358
0.015503542986573478
0.015540156208344898
0.015576773549961622
0.015613394944203208
0.015650020324177474
0.01568664962319117
0.015723282774500434
0.015759919711821196
0.015796560368568944
0.01583320467900836
0.015869852576861004
0.015906503996568948
0.015943158872424226
0.01597981713906259
0.016016478731105385
0.016053143583522504
0.016089811631396278
0.016126482810041753
0.016163157054772156
0.016199834301378734
0.016236514485422713
0.01627319754294386
0.01630988341011359
0.016346572023344694
0.01638326331896392
0.01641995723366322
0.016456653704392282
0.016493352668126696
0.016530054062210742
0.016566757823819327
0.016603463890600346
0.01664017220046612
0.016676882691273504
0.016713595301041412
0.016750309968266604
0.01678702663129768
0.01682374522896376
0.016860465700054342
0.01689718798364083
0.01693391201886262
0.016970637745340588
0.017007365102471885
0.017044094030238002
0.017080824468598266
0.01711755635760143
0.01715428963778351
0.017191024249567248
0.017227760133763887
0.017264497231285564
0.01730123548322855
0.017337974830896885
0.01737471521578625
0.017411456579592338
0.01744819886421281
0.017484942011654635
0.017521685964223575
0.01755843066433752
0.017595176054623414
0.01763192207791462
0.017668668677257197
0.017705415795820984
0.01774216337698465
0.01777891136434369
0.017815659701625738
0.01785240833294253
0.017889157202365568
0.01792590625419286
0.017962655433019496
0.017999404683499656
0.018036153950677612
0.0180729031795651
0.018109652315489066
0.01814640130391683
0.018183150090622914
0.018219898621369315
0.018256646842304342
0.01829339469956846
0.0183301421396935
0.018366889109279704
0.01840363555516336
0.018440381424411494
0.01847712666409244
0.01851387122173974
0.018550615044819255
0.01858735808110572
0.01862410027868941
0.018660841585591014
0.018697581950224338
0.018734321321088786
0.018771059646928673
0.018807796876573853
0.018844532959174348
0.018881267844042315
0.018918001480592195
0.018954733818479407
0.018991464807596826
0.019028194397942528
0.01906492253975695
0.01910164918338716
0.019138374279558057
0.019175097778893667
0.01921181963247358
0.019248539791412205
0.01928525820707132
0.01932197483092415
0.01935868961475419
0.01939540251039301
0.019432113469918893
0.01946882244565615
0.019505529389975754
0.019542234255568072
0.019578936995234907
0.019615637561962256
0.019652335908920435
0.019689031989528313
0.01972572575732249
0.019762417166029562
0.019799106169490592
0.019835792721864146
0.01987247677743421
0.019909158290599797
0.019945837216082746
0.01998251350859799
0.020019187123237137
0.020055858015093075
0.020092526139572436
0.020129191452207956
0.020165853908723358
0.02020251346496662
0.020239170076984433
0.020275823701121673
0.020312474293745608
0.020349121811406596
0.020385766210964676
0.020422407449356486
0.02045904548365251
0.020495680271167875
0.020532311769468174
0.020568939936140552
0.020605564728962855
0.02064218610602018
0.020678804025415165
0.020715418445617483
0.02075202932500229
0.020788636622312853
0.02082524029642345
