0.45921614395340343
0.4072252944154201
0.3707861847172004
0.3425805831380986
0.3195995365134919
0.3002624371307794
0.2836227682950641
0.26906424173567633
0.2561613091178357
0.24460698749250281
0.23417217180014047
0.22468116095200005
0.21599616658930232
0.20800709482646926
0.20062457232200365
0.1937750479620639
0.18739726697367448
0.18143967851791992
0.17585849395423525
0.1706162084857551
0.1656804591235374
0.16102313090607387
0.15661964916370685
0.15244841312376511
0.14849033823076824
0.1447284830345981
0.14114774254538728
0.1377345943254963
0.13447688679050726
0.13136366156944596
0.1283850035510148
0.12553191359594318
0.12279619992353852
0.12017038497909176
0.11764762520712967
0.11522164164096736
0.11288665960335703
0.1106373561170884
0.10846881386975676
0.1063764807721866
0.10435613431057546
0.10240385002081535
0.10051597352035946
0.09868909562045997
0.09692003011231133
0.09520579388270148
0.09354358906117843
0.09193078694709281
0.09036491349459831
0.08884363616586921
0.0873647519886361
0.0859261766719205
0.08452593465242171
0.08316214996068828
0.08183303780820293
0.0805368968019239
0.0792721017124129
0.07803709671696765
0.07683038905258799
0.07565054301774037
0.07449617425892462
0.07336594429191524
0.07225855519365895
0.07117274441804079
0.07010727966622901
0.06906095376510915
0.06803257947456207
0.06702098416456394
0.06602500427293621
0.06504347945501406
0.06407524631505786
0.06311913159550983
0.06217394465732476
0.061238469071109664
0.06031145307716017
0.05939159861148026
0.05847754851693685
0.05756787144756401
0.05666104382907812
0.05575542800464743
0.0548492454315064
0.05394054338947041
0.05302715301614736
0.052106635656556315
0.05117621320933606
0.05023267610347535
0.04927225939896968
0.04829047246605963
0.04728185905143484
0.04623964982434765
0.045155242710464
0.04401739495743851
0.04281090703776065
0.04151435071867887
0.04009584465670942
0.03850438426888425
0.03664938805691911
0.03434088112028408
0.03102950308757471
