0.22318595289296256
0.18575241082691693
0.15984816495472773
0.14026143156151327
0.12470714256402862
0.11195449846935415
0.10125856586187888
0.09213264441459437
0.0842409009990846
0.07734185371415288
0.0712561576506784
0.06584709197099713
0.06100815744548112
0.056654878200546835
0.05271920285070544
0.04914557381648775
0.04588810162678746
0.04290849134299311
0.04017449319741233
0.03765872628706237
0.03533777269730861
0.033191470919806475
0.031202358333261397
0.02935522667930158
0.02763676424127745
0.026035265294431717
0.02454039228467386
0.02314297972574204
0.021834871390012233
0.020608784282935853
0.01945819432467973
0.01837723974680159
0.017360639039616717
0.016403620923527075
0.01550186431276791
0.01465144662753693
0.01384879911594811
0.013090668089713159
0.012374081171113287
0.011696317804454777
0.01105488341102191
0.010447486668735722
0.009872019481289249
0.009326539270043973
0.0088092532784954
0.008318504626010035
0.00785275988645791
0.007410597999844149
0.006990700352489715
0.006591841884106583
0.006212883099592282
0.005852762879789281
0.005510491999457948
0.005185147272507042
0.004875866254917319
0.004581842444311806
0.004302320922857191
0.00403659439650237
0.0037839995892618855
0.0035439139560851695
0.003315752682096383
0.003098965939632334
0.002893036377742066
0.0026974768216497355
0.002511828162069935
0.0023356574165062953
0.002168555946536413
0.0020101378167103785
0.001860038282329233
0.001717912394472851
0.0015834337119529371
0.0014562931109412063
0.0013361976836647024
0.0012228697188661653
0.0011160457568867978
0.0010154757133593393
0.000920922065808407
0.0008321590981135469
0.0007489721981213356
0.0006711572043909439
0.000598519798069468
0.000530874936559385
0.00046804632587846463
0.00040986592875541023
0.00035617350602512024
0.00030681618890312894
0.0002616480801935788
0.00022052988286702923
0.00018332855362979944
0.00014991698169171906
0.00012017369050194644
0.00009398256336903554
0.00007123259213207068
0.00005181765218146457
0.00003563630672250448
0.000022591650283536882
0.000012591209653809135
5.546956016575349e-6
1.375583464841892e-6
