6.933539206364616e-7
2.748542713380247e-6
6.127487126626631e-6
0.000010792740367950886
0.00001670783844112269
0.000023837371570590877
0.00003214699236508665
0.00004160340422235777
0.00005217433983329852
0.00006382853434801431
0.00007653569697518113
0.00009026648171521201
0.00010499245787967367
0.00012068608104750943
0.0001373208410265562
0.00015487049187689895
0.0001733104282074847
0.00019261596687199519
0.0002127638864345152
0.00023373131782288695
0.00025549606823011147
0.0002780368599567707
0.0003013328351684648
0.0003253639883153725
0.0003501107150314124
0.0003755542025928404
0.00040167609313591164
0.000428458607563619
0.0004558845354174811
0.00048393716880380745
0.000512600322655654
0.0005418582955521961
0.0005716958547099147
0.000602098232402024
0.0006330510971954103
0.0006645405687252081
0.0006965531691551758
0.000729075813596045
0.0007620958419411625
0.0007956009407682871
0.0008295791887687673
0.0008640189961501811
0.0008989091358329723
0.0009342387107569826
0.000969997147340281
0.0010061741795289085
0.0010427598470060181
0.0010797444945158678
0.0011171187339818977
0.0011548734649817203
0.0011929998554791156
0.0012314893233446602
0.001270333548258139
0.001309524447173975
0.0013490541742691537
0.0013889151098507827
0.0014290998612991649
0.0014696012456056021
0.0015104122925131188
0.001551526228565183
0.0015929364780015935
0.0016346366552280884
0.001676620557863229
0.0017188821617505463
0.0017614156130916928
0.0018042152282735056
0.0018472754833037236
0.0018905910136102575
0.0019341566055424727
0.0019779671935562346
0.0020220178537486123
0.002066303803372631
0.0021108203923552457
0.002155563100863834
0.0022005275375921733
0.002245709432150061
0.00229110463192174
0.0023367091023306944
0.0023825189181786123
0.0024285302625049925
0.002474739425095125
0.0025211427955544904
0.002567736862925759
0.0026145182121419253
0.0026614835206467905
0.0027086295558657737
0.0027559531720788696
0.002803451308669291
0.002851120987121444
0.0028989593064593496
0.0029469634457839075
0.0029951306568970063
0.0030434582651523443
0.0030919436642941676
0.003140584318756825
0.003189377757634586
0.003238321574031166
0.0032874134233473254
0.00333665102203089
0.003386032143314088
0.0034355546187670584
0.0034852163341780778
0.00353501522857781
0.0035849492924739336
0.0036350165676418108
0.0036852151427702994
0.0037355431552527963
0.003785998787359029
0.003836580265846162
0.003887285860806052
0.003938113883252863
0.003989062686052772
0.004040130659985596
0.004091316234717725
0.004142617876598768
0.004194034087772089
0.004245563405033731
0.0042972043995405385
0.0043489556740439654
0.004400815863814323
0.004452783635016502
0.004504857683223976
0.004557036733010478
0.004609319537518065
0.004661704876808339
0.004714191557047515
0.004766778410621251
0.004819464295062477
0.0048722480911541
0.004925128703780412
0.004978105060500833
0.005031176110870683
0.005084340825967579
0.005137598197534692
0.005190947237367155
0.005244386977280076
0.005297916467734154
0.005351534777485118
0.005405240993947972
0.005459034221004719
0.005512913579966386
0.005566878208341529
0.0056209272595414824
0.005675059902420718
0.005729275320826469
0.005783572713167101
0.005837951291839311
0.005892410283144111
0.005946948926425143
0.0060015664744696605
0.006056262191923866
0.006111035356155722
0.006165885256312986
0.006220811192575104
0.006275812476984684
0.006330888432001163
0.006386038390648204
0.00644126169635455
0.00649655770228743
0.006551925771611739
0.006607365276463814
0.006662875598353409
0.006718456127666738
0.006774106263442858
0.00682982541303209
0.00688561299177329
0.006941468423265044
0.006997391138576008
0.007053380576185992
0.007109436182251721
0.007165557409534207
0.007221743718011824
0.007277994574275416
0.007334309451274752
0.007390687828583418
0.007447129191638694
0.007503633032210984
0.007560198847566617
0.007616826141036783
0.0076735144212022105
0.007730263202073635
0.0077870720030709505
0.007843940348621743
0.007900867768067114
0.007957853795744966
0.008014897970609348
0.008071999836240846
0.008129158940836172
0.008186374836858488
0.008243647080963121
0.008300975234004412
0.00835835886112226
0.00841579753108652
0.008473290816728788
0.008530838294541963
0.008588439544788105
0.008646094151342433
0.008703801701413348
0.008761561785792538
0.00881937399857097
0.00887723793701189
0.008935153201656842
0.008993119396271088
0.009051136127438133
0.0091092030048799
0.009167319641128388
0.009225485651702132
0.009283700654716735
0.009341964271198998
0.009400276124775637
0.00945863584164592
0.009517043050553427
0.009575497382886256
0.009633998472322722
0.009692545955069236
0.009751139469638487
0.009809778656769404
0.009868463159713722
0.009927192623659905
0.009985966696204664
0.010044785026970302
0.01010364726764811
0.010162553072104508
0.010221502096125072
0.010280493997637202
0.010339528436350146
0.010398605073971381
0.01045772357419606
0.010516883602358971
0.010576084825871981
0.010635326913823136
0.010694609537032064
0.01075393236809079
0.010813295081414272
0.010872697353016937
0.010932138860562397
0.010991619283362888
0.011051138302470858
0.01111069560037258
0.011170290861236592
0.01122992377071217
0.011289594016075126
0.011349301286075511
0.011409045270936979
0.011468825662313838
0.011528642153473536
0.011588494438967591
0.011648382214867907
0.01170830517862362
0.01176826302911152
0.011828255466496896
0.011888282192375048
0.011948342909679275
0.012008437322727383
0.012068565137090594
0.01212872605964303
0.01218891979860297
0.012249146063411744
0.012309404564902593
0.012369695015048391
0.012430017127099038
0.012490370615575164
0.012550755196195033
0.012611170585918359
0.012671616502907603
0.012732092666531122
0.012792598797331467
0.012853134617063331
0.012913699848585971
0.01297429421598007
0.01303491744451574
0.013095569260538816
0.013156249391554456
0.013216957566194319
0.013277693514293839
0.013338456966748314
0.013399247655482229
0.013460065313710539
0.013520909675577848
0.013581780476452943
0.013642677452683655
0.013703600341778756
0.013764548882305936
0.013825522813829533
0.013886521877121298
0.013947545813889288
0.01400859436692085
0.014069667280123615
0.014130764298387825
0.014191885167634529
0.014253029634878808
0.01431419744810663
0.014375388356345182
0.014436602109698384
0.014497838459222567
0.014559097156996902
0.014620377956158824
0.014681680610812502
0.01474300487606835
0.014804350508043558
0.014865717263868029
0.014927104901627722
0.014988513180401227
0.015049941860321062
0.01511139070239885
0.015172859468710671
0.01523434792224958
0.015295855826991712
0.015357382947956829
0.015418929050980565
0.015480493903037207
0.015542077271924807
0.015603678926471135
0.015665298636423783
0.01572693617248232
0.015788591306356084
0.015850263810602262
0.01591195345882343
0.015973660025478103
0.016035383285993007
0.01609712301676615
0.0161588789950908
0.016220650999183666
0.016282438808216233
0.01634424220226376
0.016406060962362735
0.016467894870405883
0.016529743709277095
0.01659160726270129
0.016653485315398057
0.016715377652957164
0.016777284061842014
0.016839204329467995
0.01690113824415641
0.01696308559513178
0.017025046172480518
0.017087019767223235
0.017149006171245693
0.017211005177373822
0.017273016579276965
0.017335040171521317
0.01739707574959204
0.017459123109828365
0.017521182049443564
0.017583252366556876
0.01764533386016552
0.01770742633010505
0.017769529577115067
0.01783164340277822
0.017893767609607654
0.017955902000913595
0.018018046380920152
0.018080200554650927
0.018142364328044443
0.018204537507908767
0.018266719901858238
0.018328911318357753
0.018391111566790217
0.018453320457324413
0.018515537801005958
0.0185777634096909
0.018639997096112724
0.018702238673838092
0.01876448795727205
0.018826744761630734
0.0188890089029899
0.018951280198242517
0.019013558465138095
0.01907584352222353
0.019138135188863318
0.01920043328528202
0.019262737632480827
0.019325048052300616
0.019387364367421243
0.01944968640128085
0.019512013978177974
0.019574346923209276
0.019636685062251077
0.01969902822201971
0.019761376230009908
0.019823728914536255
0.01988608610469128
0.019948447630349645
0.020010813322240643
0.020073183011833706
0.02013555653137922
0.02019793371396104
0.02026031439338702
0.02032269840431433
0.020385085582126095
0.020447475762995975
0.020509868783877713
0.020572264482534516
0.02063466269741546
0.020697063267814883
0.020759466033764933
0.020821870836053715
0.02088427751622138
0.020946685916615932
0.021009095880301015
0.021071507251110237
0.02113391987359323
0.021196333593100303
0.02125874825571339
0.02132116370824406
0.02138357979825342
0.021445996374060285
0.021508413284680165
0.02157083037993744
0.02163324751029837
0.021695664527036158
0.021758081282097552
0.021820497628214183
0.021882913418775806
0.02194532850793766
0.02200774275057254
0.022070156002253413
0.022132568119283744
0.02219497895864923
0.022257388378078467
0.02231979623601023
0.022382202391544304
0.02244460670455269
0.022507009035531596
0.022569409245715905
0.022631807197056292
0.022694202752173445
0.022756595774342175
0.022818986127595
0.022881373676615472
0.02294375828674928
0.02300613982406645
0.023068518155311205
0.023130893147857892
0.023193264669810535
0.02325563258993056
0.023317996777600963
0.023380357102963177
0.02344271343673248
0.023505065650347108
0.02356741361587761
0.02362975720606561
0.023692096294297985
0.023754430754617733
0.02381676046171876
0.023879085290947958
0.023941405118288003
0.024003719820382255
0.024066029274506007
0.024128333358550334
0.024190631951089524
0.02425292493128232
0.02431521217897869
0.024377493574583495
0.024439768999188354
0.024502038334490217
0.024564301462813538
0.024626558267070175
0.024688808630851704
0.02475105243830392
0.024813289574220812
0.02487551992398774
0.024937743373634604
0.02499995980973641
0.025062169119524153
0.025124371190821927
0.025186565912024145
0.02524875317215439
0.025310932860804547
0.02537310486819102
0.025435269085078812
0.025497425402840456
0.025559573713457455
0.025621713909451727
0.02568384588395031
0.025745969530663906
0.02580808474385397
0.02587019141837676
0.025932289449657038
0.02599437873367353
0.026056459166994155
0.02611853064672247
0.02618059307057347
0.026242646336767962
0.026304690344107838
0.026366724991959054
0.026428750180239876
0.02649076580937744
0.026552771780421345
0.02661476799490163
0.02667675435492724
0.026738730763136508
0.026800697122724863
0.026862653337388433
0.026924599311406353
0.026986534949559226
0.027048460157159573
0.027110374840054914
0.027172278904631857
0.02723417225778094
