0.566608733815257
0.5661050023465592
0.5657577313622655
0.5654815300634962
0.5652468721655467
0.5650396983384072
0.5648521149909087
0.5646792113036909
0.5645177089859295
0.5643653038699606
0.5642203115690587
0.5640814621050534
0.563947773754968
0.5638184718900279
0.5636929347180404
0.5635706558237833
0.5634512175956147
0.5633342719359711
0.5632195259504106
0.5631067311599929
0.562995675226487
0.5628861755230247
0.5627780740660944
0.5626712334840968
0.5625655337725474
0.5624608696568822
0.5623571484348098
0.5622542881931689
0.5621522163261032
0.5620508682941481
0.5619501865791163
0.5618501197991711
0.5617506219549875
0.5616516517857877
0.5615531722134591
0.5614551498652797
0.5613575546585277
0.5612603594399785
0.5611635396704368
0.5610670731492263
0.5609709397715962
0.5608751213146724
0.5607796012491545
0.5606843645719187
0.5605893976569216
0.5604946881237209
0.5604002247187443
0.5603059972100742
0.5602119962931571
0.5601182135052833
0.5600246411500052
0.5599312722278166
0.5598381003748154
0.5597451198060573
0.5596523252651487
0.5595597119785684
0.5594672756133804
0.5593750122400757
0.5592829182979504
0.5591909905632946
0.5590992261215676
0.5590076223407309
0.5589161768481439
0.5588248875076799
0.5587337524011218
0.5586427698090085
0.5585519381945258
0.5584612561875665
0.5583707225713322
0.5582803362689344
0.5581900963319898
0.5581000019291888
0.5580100523366086
0.5579202469286825
0.5578305851690436
0.5577410666033564
0.5576516908518387
0.5575624576025787
0.5574733666054156
0.5573844176664161
0.5572956106425039
0.5572069454368211
0.5571184219940148
0.5570300402964703
0.5569418003602867
0.5568537022318688
0.5567657459847363
0.5566779317165039
0.5565902595460406
0.5565027296112711
0.5564153420663434
0.5563280970798852
0.5562409948328305
0.5561540355165999
0.556067219331367
0.5559805464847166
0.5558940171898793
0.5558076316646278
0.5557213901301323
0.5556352928095484
0.555549339927298
0.5554635317079908
0.5553778683754961
0.5552923501523278
0.5552069772588589
0.5551217499124786
0.5550366683273175
0.5549517327134569
0.5548669432765053
0.554782300217235
0.5546978037310356
0.5546134540075806
0.5545292512306391
0.5544451955776055
0.5543612872193657
0.5542775263199626
0.5541939130364737
0.5541104475187865
0.5540271299094978
0.553943960343726
0.5538609389490172
0.5537780658453126
0.5536953411447492
0.553612764951714
0.5535303373627559
0.5534480584665995
0.5533659283440132
0.5532839470679762
0.5532021147035114
0.5531204313077975
0.5530388969302229
0.5529575116123754
0.5528762753880307
0.5527951882832874
0.5527142503165856
0.5526334614987891
0.5525528218331724
0.5524723313156519
0.552391989934681
0.5523117976714641
0.5522317544999541
0.5521518603869768
0.5520721152923603
0.5519925191689402
0.5519130719627278
0.5518337736129364
0.551754624052153
0.5516756232063892
0.551596770995227
0.5515180673318208
0.5514395121231704
0.5513611052700408
0.5512828466671772
0.5512047362034029
0.5511267737616639
0.5510489592191963
0.5509712924476214
0.5508937733130009
0.5508164016759747
0.5507391773918823
0.5506621003108837
0.5505851702779448
0.5505083871330931
0.5504317507114237
0.5503552608432138
0.5502789173540346
0.5502027200648698
0.5501266687921917
0.5500507633480272
0.5499750035401294
0.5498993891719935
0.5498239200430078
0.5497485959485366
0.5496734166799678
0.5495983820248942
0.5495234917670845
0.5494487456866963
0.5493741435602427
0.5492996851608007
0.5492253702579947
0.549151198618117
0.5490771700042677
0.5490032841762817
0.54892954089105
0.5488559399023153
0.5487824809610153
0.548709163815162
0.5486359882100127
0.548562953888128
0.5484900605894667
0.5484173080514102
0.5483446960088274
0.5482722241942837
0.5481998923378486
0.5481277001674328
0.5480556474086808
0.5479837337851081
0.5479119590181676
0.5478403228272465
0.5477688249298341
0.5476974650414536
0.5476262428758801
0.5475551581450269
0.5474842105591563
0.5474133998268139
0.547342725654962
0.5472721877490311
0.5472017858129152
0.5471315195490748
0.5470613886585711
0.546991392841135
0.5469215317951879
0.5468518052178882
0.5467822128052787
0.5467127542521024
0.5466434292521469
0.5465742374980234
0.5465051786813961
0.546436252492943
0.5463674586223625
0.5462987967585297
0.5462302665894537
0.5461618678022963
0.546093600083472
0.5460254631186747
0.5459574565929047
0.5458895801904766
0.5458218335951149
0.5457542164899518
0.5456867285575525
0.5456193694799697
0.5455521389387796
0.5454850366151113
0.5454180621896736
0.5453512153427734
0.5452844957543588
0.5452179031040646
0.5451514370712295
0.5450850973349111
0.5450188835739291
0.5449527954668749
0.5448868326921846
0.5448209949280908
0.5447552818527424
0.5446896931441304
0.5446242284801874
0.5445588875387749
0.5444936699977181
0.5444285755348207
0.5443636038279175
0.5442987545548525
0.5442340273935228
0.5441694220218859
0.5441049381180318
0.5440405753601301
0.5439763334264924
0.5439122119955866
0.5438482107460382
0.5437843293566873
0.5437205675065412
0.5436569248748984
0.5435934011412166
0.5435299959852751
0.5434667090871087
0.5434035401270331
0.5433404887856834
0.543277554744011
0.5432147376833169
0.5431520372852391
0.5430894532317567
0.5430269852052992
0.5429646328886205
0.5429023959649125
0.5428402741177868
0.5427782670312656
0.5427163743898306
0.5426545958784272
0.5425929311824453
0.5425313799877667
0.5424699419807706
0.5424086168483059
0.5423474042777812
0.542286303957059
0.5422253155746064
0.5421644388193704
0.5421036733808876
0.5420430189492278
0.5419824752150387
0.5419220418695482
0.5418617186045601
0.5418015051124783
0.5417414010863122
0.5416814062196553
0.5416215202067456
0.5415617427424445
0.5415020735222187
0.5414425122421819
0.5413830585991054
0.5413237122904145
0.5412644730141536
0.5412053404690935
0.5411463143545974
0.5410873943707796
0.5410285802183596
0.5409698715988049
0.5409112682142413
0.5408527697675145
0.5407943759621392
0.5407360865023593
0.5406779010931211
0.5406198194401015
0.5405618412496448
0.5405039662288802
0.540446194085648
0.5403885245284826
0.5403309572666993
0.5402734920103149
0.5402161284701221
0.5401588663576342
0.540101705385122
0.5400446452655814
0.5399876857128066
0.5399308264413356
0.5398740671664225
0.539817407604142
0.5397608474712854
0.5397043864854627
0.5396480243649847
0.5395917608290076
0.5395355955973967
0.5394795283908314
0.539423558930741
0.539367686939354
0.539311912139677
0.5392562342554735
0.5392006530113296
0.5391451681325705
0.5390897793453419
0.5390344863765638
0.5389792889539358
0.5389241868059641
0.5388691796619133
0.5388142672518665
0.5387594493067049
0.5387047255580628
0.5386500957383864
0.5385955595809366
0.5385411168197278
0.5384867671895994
0.5384325104261756
0.5383783462658437
0.5383242744458527
0.5382702947041866
0.5382164067796364
0.5381626104117937
0.5381089053410627
0.5380552913086099
0.5380017680563941
0.5379483353272175
0.5378949928646277
0.5378417404129587
0.5377885777173809
0.537735504523823
0.53768252057902
0.5376296256304925
0.5375768194265513
0.5375241017163024
0.5374714722496372
0.5374189307772287
0.5373664770505611
0.5373141108218694
0.5372618318442042
0.537209639871386
0.5371575346580483
0.5371055159595529
0.5370535835321039
0.537001737132644
0.5369499765189164
0.5368983014494252
0.5368467116834821
0.5367952069811571
0.5367437871032861
0.5366924518115038
0.5366412008681964
0.536590034036533
0.5365389510804491
0.5364879517646588
0.5364370358546265
0.5363862031165981
0.5363354533175764
0.5362847862253356
0.5362342016083941
0.5361836992360395
0.5361332788783488
0.5360829403061039
0.5360326832908757
0.5359825076049735
0.5359324130214853
0.535882399314224
0.5358324662577463
0.5357826136273728
0.5357328411991839
0.5356831487499837
0.5356335360573005
0.5355840028994513
0.5355345490554346
0.5354851743050584
0.5354358784287965
0.5353866612078759
0.5353375224242908
0.5352884618607208
0.5352394793005955
0.5351905745280741
0.5351417473280146
0.5350929974860322
0.5350443247884337
0.5349957290222707
0.5349472099752749
0.5348987674359312
0.5348504011934184
0.5348021110376308
0.5347538967591576
0.5347057581493272
0.5346576950001292
0.5346097071042953
0.5345617942552353
0.53451395624707
0.5344661928746113
0.5344185039333617
0.5343708892195302
0.534323348529998
0.534275881662346
0.53422848841485
0.5341811685864623
0.5341339219768014
0.534086748386191
0.5340396476156402
0.5339926194667848
0.5339456637420011
0.5338987802442906
0.5338519687773363
0.5338052291455092
0.5337585611538072
0.5337119646079314
0.5336654393142285
0.5336189850796955
0.5335726017120166
0.5335262890194911
0.5334800468110868
0.5334338748964528
0.5333877730858444
0.5333417411901994
0.5332957790210637
0.5332498863906537
0.5332040631118311
0.533158308998063
0.5331126238634958
0.5330670075228789
0.533021459791614
0.5329759804857033
0.5329305694218102
0.5328852264172174
0.5328399512898133
0.5327947438581303
0.5327496039413075
0.5327045313591011
0.5326595259318804
0.532614587480654
0.5325697158270161
0.5325249107931639
0.5324801722019238
0.532435499876718
0.5323908936415551
0.5323463533210917
0.5323018787405267
0.5322574697256873
0.5322131261029888
0.5321688476994315
0.5321246343426375
0.5320804858607749
0.5320364020826258
0.5319923828375286
0.5319484279554378
0.5319045372668846
0.5318607106029417
0.5318169477952976
0.5317732486761957
0.5317296130784549
0.531686040835467
0.5316425317811815
0.531599085750125
0.5315557025773909
0.5315123820986091
0.5314691241500075
0.5314259285683414
0.5313827951909347
0.5313397238556516
0.531296714400922
0.531253766665727
0.5312108804895855
