0.2853394468594751
0.2595352137228009
0.24052128365165745
0.22548539798932704
0.21308065957810854
0.20255345929283117
0.19343599072854584
0.1854164736173244
0.17827611350940348
0.17185522251627444
0.16603358716320188
0.16071840963745154
0.15583654884259732
0.15132933508909113
0.14714899347860821
0.14325610995585236
0.13961779430031773
0.13620632148444717
0.13299810904157086
0.12997293528975876
0.12711333333881247
0.12440411546708224
0.12183199559443697
0.1193852865379814
0.11705365495886925
0.11482792130017544
0.1126998951622694
0.11066223884746383
0.10870835348656688
0.10683228341056761
0.1050286353712257
0.10329250992867971
0.10161944287183663
0.10000535496072392
0.09844650861005437
0.09693947039246603
0.0954810784449319
0.094068414025091
0.09269877659503113
0.09136966191551293
0.09007874271902949
0.08882385159971011
0.08760296581507353
0.08641419374146808
0.08525576276376792
0.08412600841197848
0.08302336458407603
0.0819463547167359
0.08089358378421675
0.07986373102127511
0.0788555432791705
0.07786782893476084
0.0768994522819311
0.07594932834232229
0.07501641803868409
0.07409972367945888
0.07319828470735178
0.07231117366805126
0.07143749235757862
0.07057636810848167
0.06972695017577964
0.06888840618364157
0.06805991859281602
0.06724068114698757
0.06642989525326082
0.06562676624772684
0.06483049949138836
0.06404029623395559
0.06325534917325802
0.062474837625053896
0.061697922201620174
0.06092373887596655
0.06015139228107516
0.059379948057418995
0.05860842401507186
0.05783577981442382
0.057060904786829715
0.056282603405079915
0.05549957776203787
0.054710406207083395
0.05391351699832674
0.05310715541530943
0.05228934218130517
0.05145782016945221
0.050609985057253726
0.04974279358653189
0.048852639930212216
0.04793518556475799
0.046985119516715405
0.045995811053144806
0.04495879005339897
0.04386293908761746
0.04269317722928907
0.04142818783942825
0.04003619376290948
0.03846628631522975
0.03662797019582936
0.03433134402641213
0.03102710185192541
