4.770513028870256e-7
1.8974718118759222e-6
4.133305411654915e-6
7.264952135583256e-6
0.000011249781601735706
0.000016052590116664364
0.000021653278720074084
0.000028026398608345257
0.00003515069042060737
0.00004300451526362049
0.00005156735400443972
0.00006081866664418242
0.0000707383005561376
0.00008130768737050389
0.00009250781421421118
0.00010432044633839507
0.00011672805227783791
0.0001297134024473094
0.0001432598821293443
0.00015735124379759628
0.0001719717449535423
0.00018710610857415372
0.00020273945510036927
0.00021885729358656316
0.00023544563811791932
0.00025249083128587435
0.0002699796114905906
0.0002878990981358492
0.00030623678832670213
0.0003249805191054725
0.00034411847070275875
0.00036363916054991735
0.00038353143289037003
0.0004037844508731317
0.0004243876784148545
0.0004453308825983284
0.000466604116786092
0.0004881977094111991
0.0005101022749336341
0.0005323086833163357
0.0005548080659051139
0.0005775918068073682
0.0006006515263419929
0.0006239790825005191
0.0006475665705920464
0.0006714063010627985
0.0006954908020675764
0.0007198128132123958
0.0007443652778463826
0.0007691429084368947
0.0007941357589651346
0.000819339077748316
0.0008447465682630971
0.0008703521070757028
0.0008961507472132156
0.0009221346270392839
0.0009483000597084452
0.0009746398277084676
0.001001150258781417
0.0010278246999832106
0.0010546595271242673
0.0010816491621369077
0.0011087894063108994
0.0011360745665945009
0.0011635012045898658
0.0011910644545274488
0.0012187601014183728
0.0012465844196435155
0.001274533001550874
0.0013026019782806425
0.0013307878943107994
0.0013590870344495137
0.0013874955232024175
0.0014160101645856878
0.0014446273180016046
0.001473344174903247
0.00150215706280589
0.0015310633056794495
0.0015600596548793044
0.0015891431732730507
0.0016183111787460454
0.0016475607115113552
0.001676889386068161
0.0017062942521164667
0.0017357730468705904
0.0017653231331287646
0.001794942098356443
0.0018246278349322476
0.0018543778095943104
0.0018841901342151028
0.001914062415454722
0.0019439926552802867
0.0019739788065580247
0.002004019058832297
0.0020341113757663095
0.0020642538752311387
0.0020944448859873685
0.002124682542525416
0.0021549652579930982
0.0021852912703976294
0.0022156590754307463
0.0022460670718567055
0.002276513766889311
0.0023069976484179178
0.0023375173603276795
0.002368071415673683
0.002398658532586632
0.0024292774555147584
0.0024599268154089156
0.002490605381818912
0.0025213120448722964
0.0025520455454857726
0.0025828048313658327
0.0026135887528325563
0.0026443962715330216
0.002675226337968393
0.002706077967192866
0.002736950164439205
0.002767841963899225
0.0027987524903467006
0.00282968079613991
0.0028606260824499143
0.0028915874794249404
0.002922564143125852
0.0029535553352840883
0.0029845602284528927
0.003015578123180881
0.0030466082858347193
0.003077650026557861
0.0031087026275425306
0.0031397654594083634
0.0031708378641765378
0.003201919244321443
0.003233008975954674
0.0032641064927612434
0.003295211204152345
0.003326322592291839
0.003357440115123541
0.003388563262925239
0.003419691522506625
0.003450824411504662
0.00348196147641253
0.0035131022590710608
0.0035442463138592954
0.0035753932218637982
0.003606542560787394
0.0036376939480390943
0.0036688469964342605
0.0037000013158816855
0.0037311565663837565
0.0037623123779273113
0.0037934684284145486
0.003824624391054851
0.0038557799363235427
0.0038869347780695557
0.003918088603555247
0.0039492411415156855
0.003980392106088336
0.004011541240145246
0.00404268828275601
0.0040738329801117724
0.004104975104641868
0.004136114415384398
0.004167250705537508
0.0041983837464229
0.004229513333390591
0.004260639267191948
0.004291761353764195
0.004322879420497045
0.004353993282845713
0.004385102761511708
0.0044162077051027185
0.004447307943285269
0.004478403332586429
0.004509493725813207
0.0045405789727829176
0.0045716589549698195
0.004602733536147603
0.0046338025906791395
0.004664866002587294
0.004695923652748148
0.004726975437594112
0.004758021256058304
0.004789061003793893
0.0048200945908688
0.004851121918430369
0.004882142906991345
0.004913157473613966
0.004944165542799199
0.004975167035787541
0.005006161881263998
0.005037150019709639
0.005068131378355465
0.005099105905841832
0.005130073537781705
0.0051610342302574296
0.005191987922072677
0.005222934571894083
0.005253874139238167
0.0052848065759975235
0.005315731848325507
0.0053466499147080465
0.005377560751257539
0.0054084643145293175
0.005439360586118473
0.005470249536221533
0.005501131143545425
0.005532005383659432
0.005562872236417783
0.00559373168953081
0.005624583720262
0.005655428320630916
0.005686265479264644
0.005717095181795802
0.005747917424229705
0.005778732202614395
0.005809539506677012
0.005840339335967878
0.005871131686973631
0.005901916565366493
0.005932693964620709
0.00596346389333286
0.005994226356747697
0.006024981354318849
0.006055728894109382
0.006086468986630177
0.006117201639400316
0.006147926862409787
0.00617864466800024
0.006209355065645947
0.006240058072187129
0.006270753696528402
0.006301441959710163
0.006332122869959161
0.006362796452212598
0.006393462716425915
0.006424121686380102
0.006454773378257934
0.006485417812326416
0.006516055010606178
0.006546684990015242
0.006577307775829594
0.0066079233882710515
0.006638531849163738
0.006669133185928417
0.006699727419096603
0.0067303145727227376
0.006760894672149469
0.006791467742074097
0.006822033810350328
0.006852592900233709
0.006883145040023033
0.006913690253509115
0.006944228571165457
0.006974760018984859
0.007005284624019515
0.007035802412634693
0.007066313417316648
0.00709681766283845
0.007127315178381538
0.007157805993913907
0.00718829013858469
0.0072187676391279034
0.007249238526344959
0.007279702830110176
0.007310160579503208
0.007340611804312398
0.00737105653496416
0.0074014947996010345
0.007431926628473415
0.007462352052468848
0.0074927711015548605
0.007523183806276307
0.007553590194922297
0.007583990299142472
0.007614384148273365
0.007644771773534398
0.007675153202581307
0.007705528468872497
0.007735897599654001
0.007766260626565448
0.007796617579049393
0.007826968485697857
0.007857313379199954
0.007887652286436947
0.00791798523831444
0.007948312264828918
0.00797863339395473
0.008008948657439306
0.008039258082701766
0.008069561698591679
0.008099859535365366
0.008130151621277193
0.008160437984817494
0.008190718655807857
0.008220993662101689
0.008251263031779813
0.008281526792081974
0.008311784972533279
0.008342037600730663
0.008372284704445739
0.008402526310623912
0.008432762446348331
0.008462993139875648
0.008493218417579204
0.008523438306003082
0.008553652831816548
0.008583862021784563
0.008614065902788445
0.008644264499006116
0.008674457837512278
0.008704645944522466
0.008734828843642881
0.008765006561248982
0.008795179122887156
0.008825346552407706
0.008855508873754747
0.008885666112659871
0.008915818293142514
0.00894596543845953
0.008976107571953905
0.00900624471860135
0.009036376900152672
0.00906650414004797
0.009096626461713676
0.009126743887020958
0.0091568564386679
0.009186964138544532
0.009217067008609943
0.009247165070796991
0.009277258345557919
0.009307346855580581
0.009337430620583608
0.00936750966176094
0.009397584000301936
0.009427653655218264
0.009457718646971074
0.009487778995283866
0.009517834720560123
0.009547885841120643
0.00957793237595459
0.009607974344726038
0.009638011765694466
0.009668044657145698
0.00969807303665658
0.009728096923728845
0.00975811633462162
0.009788131287483307
0.009818141798535109
0.009848147886482523
0.009878149566855371
0.009908146855818156
0.009938139770708555
0.00996812832757782
0.009998112541296835
0.010028092427859117
0.010058068003260574
0.010088039281649424
0.010118006278922816
0.010147969009190353
0.010177927487106617
0.010207881726719216
0.010237831742049884
0.010267777547065331
0.010297719155155063
0.010327656580208186
0.010357589834458223
0.01038751893170639
0.010417443884116247
0.010447364704343055
0.010477281404492533
0.010507193996617563
0.010537102492748647
0.01056700690434529
0.010596907242850949
0.010626803519655266
0.010656695745627352
0.010686583931107507
0.010716468087371802
0.010746348224197391
0.010776224352304386
0.01080609648141809
0.010835964621209605
0.01086582878088966
0.01089568897052808
0.010925545198799413
0.01095539747479845
0.01098524580712726
0.011015090204807489
0.011044930675946819
0.011074767228175028
0.01110459987041538
0.011134428610235923
0.011164253454769194
0.011194074411540484
0.011223891488050655
0.0112537046917713
0.011283514028466028
0.011313319505560028
0.01134312112960996
0.011372918906744665
0.011402712843074727
0.011432502944690517
0.011462289217265376
0.011492071666451815
0.01152185029787743
0.011551625116381052
0.011581396127555174
0.011611163336208341
0.01164092674676003
0.01167068636473071
0.011700442193397075
0.011730194237873533
0.011759942501791527
0.011789686989503905
0.011819427704622886
0.011849164650760727
0.011878897831502871
0.011908627249742251
0.011938352909409575
0.011968074813027573
0.01199779296347144
0.012027507363610674
0.012057218015964337
0.012086924923060835
0.012116628087071882
0.012146327510188654
0.012176023194266822
0.012205715141490684
0.012235403353061227
0.012265087830853526
0.012294768576399858
0.01232444559061281
0.012354118875369307
0.012383788430645993
0.012413454258323029
0.012443116358721966
0.012472774732187684
0.012502429379987343
0.012532080301580496
0.012561727497949338
0.012591370968890866
0.012621010714506479
0.012650646734630011
0.012680279028812153
0.012709907597209266
0.012739532438542442
0.012769153553004542
0.012798770939367215
0.012828384596993713
0.012857994524988557
0.012887600722195334
0.012917203187218933
0.012946801919235796
0.012976396916335639
0.013005988177479999
0.013035575700554336
0.01306515948429164
0.013094739526908006
0.013124315825863006
0.013153888379715236
0.013183457186240019
0.013213022243007484
0.0132425835476164
0.013272141097958184
0.013301694891198918
0.013331244925040116
0.01336079119646008
0.013390333702743267
0.013419872440953296
0.013449407407953496
0.01347893860113513
0.01350846601670443
0.013537989651897852
0.013567509503005996
0.013597025566629766
0.013626537839399393
0.01365604631775575
0.013685550997720546
0.013715051875592858
0.013744548947719953
0.013774042210039448
0.013803531658305912
0.013833017288778851
0.013862499096876141
0.013891977078721703
0.013921451229838563
0.01395092154578851
0.01398038802219913
0.014009850654307217
0.014039309437622367
0.014068764367503761
0.014098215438920552
0.014127662647340153
0.014157105987643394
0.014186545455200962
0.01421598104436859
0.014245412750635856
0.014274840568499732
0.014304264492926818
