0.005979133784666251
0.006650987851189256
0.007116819196817737
0.007487497492656544
0.007801598619982207
0.008077592654938154
0.008325908714383514
0.008553071043814186
0.008763466562863408
0.008960198920446511
0.009145555287346998
0.009321275079374485
0.009488715440746377
0.009648958082851026
0.009802880631066154
0.009951206422083254
0.010094539214786166
0.010233388979356304
0.010368190778042873
0.010499319164442352
0.010627099099894087
0.010751814650398355
0.010873715668118959
0.010993023247712872
0.011109934070963851
0.011224623932356653
0.011337250707680865
0.011447956730806796
0.01155687080758191
0.01166410994013071
0.011769780727259406
0.011873980591754965
0.011976798829035597
0.012078317483476106
0.012178612139952265
0.012277752575815166
0.012375803362290848
0.012472824361557833
0.012568871179573459
0.012663995561030063
0.012758245742890277
0.0128516667578955
0.012944300712619724
0.013036187034730282
0.013127362694277056
0.013217862396444404
0.013307718765812018
0.013396962501970682
0.013485622525414864
0.013573726110782839
0.01366129900416955
0.013748365530925196
0.013834948696572586
0.013921070275644652
0.01400675089396218
0.014092010105555336
0.014176866460267864
0.014261337569483308
0.01434544016291602
0.01442919014422898
0.014512602641071555
0.014595692049888292
0.014678472079849125
0.014760955793489376
0.01484315564135046
0.014925083497439278
0.015006750692066539
0.015088168039473944
0.015169345867269538
0.01525029404181255
0.015331021991597677
0.015411538731446647
0.015491852882124782
0.015571972691096633
0.015651906050964146
0.01573166051708629
0.015811243323722246
0.015890661399506994
0.015969921382578255
0.016049029633700505
0.01612799224927975
0.016206815073633262
0.01628550371109406
0.016364063535954265
0.01644249970309201
0.016520817158141587
0.01659902064623264
0.016677114721171102
0.016755103753016337
0.016832991936701607
0.01691078329923298
0.016988481706546463
0.017066090870473664
0.017143614355181785
0.017221055583097184
0.017298417841019997
0.017375704285037187
0.017452917946450697
0.017530061736327648
0.017607138450500995
0.017684150774217137
0.01776110128619064
0.01783799246279666
0.017914826682518745
0.017991606228926312
0.018068333294974252
0.018145009986404
0.01822163832455632
0.018298220250203286
0.018374757625946703
0.018451252239739563
0.01852770580723667
0.018604119974669802
0.018680496321230675
0.01875683636172192
0.018833141548956916
0.018909413275772904
0.018985652877339127
0.01906186163321265
0.0191380407694544
0.019214191460402118
0.019290314830443706
0.019366411956156484
0.019442483867621804
0.019518531550298698
0.019594555946360937
0.019670557956664236
0.019746538441624495
0.01982249822312518
0.01989843808563292
0.019974358777498414
0.02005026101220069
0.02012614546980876
0.020202012797726532
0.020277863612209877
0.020353698499142595
0.020429518015365196
0.020505322689428042
0.02058111302274128
0.0206568894903653
0.020732652542037214
0.02080840260303013
0.02088414007494084
0.020959865336528143
0.021035578744453217
0.02111128063417704
0.021186971320481765
0.021262651098403584
0.02133832024369902
0.02141397901368719
0.02148962764775745
0.021565266368113394
0.02164089538024427
0.021716514873518115
0.0217921250217614
0.021867725983947633
0.021943317904387784
0.02201890091349246
0.02209447512826641
0.02217004065259408
0.02224559757780692
0.022321145983198825
0.022396685936267445
0.022472217493300646
0.02254774069965179
0.022623255590231515
0.02269876218979222
0.02277426051332902
0.02284975056640497
0.0229252323455808
0.023000705838629384
0.02307617102486245
0.023151627875517392
0.023227076354035776
0.023302516416261063
0.02337794801081039
0.023453371079362177
0.023528785556787404
0.023604191371613157
0.023679588446027695
0.023754976696298
0.023830356032946916
0.023905726360945137
0.02398108757996972
0.02405643958456509
0.024131782264455268
0.024207115504572267
0.024282439185399126
0.02435775318308251
0.02443305736962173
0.024508351613058373
0.024583635777592896
0.02465890972382377
0.024734173308852057
0.024809426386468957
0.024884668807269826
0.024959900418849972
0.025035121065829488
0.025110330590142484
0.025185528831090265
0.025260715625419535
0.02533589080752856
0.025411054209595208
0.02548620566157941
0.02556134499143744
0.025636472025216264
0.025711586587143617
0.025786688499696415
0.0258617775837767
0.02593685365871817
0.026011916542454896
0.026086966051575858
0.026162002001414955
0.026237024206116764
0.026312032478773537
0.026387026631417402
0.02646200647521586
0.026536971820395227
0.02661192247647721
0.02668685825220153
0.0267617789556858
0.026836684394477284
0.026911574375562654
0.026986448705493323
0.02706130719042531
0.02713614963614149
0.027210975848151547
0.027285785631726737
0.027360578791980047
0.027435355133835247
0.027510114462175543
0.02758485658181496
0.02765958129761284
0.02773428841445033
0.02780897773730207
0.02788364907128328
0.027958302221685737
0.028032936993996123
0.02810755319395623
0.028182150627618394
0.02825672910132169
0.028331288421771107
0.02840582839603905
0.028480348831642185
0.028554849536524953
0.028629330319094714
0.028703790988283094
0.028778231353539182
0.028852651224861
0.028927050412852085
0.029001428728674332
0.029075785984151864
0.02915012199176162
0.02922443656460779
0.029298729516524544
0.029373000662058637
0.029447249816460762
0.029521476795752667
0.02959568141669014
0.029669863496856456
0.029744022854595525
0.029818159309069683
0.029892272680309983
0.029966362789130653
0.03004042945723818
0.030114472507210714
0.030188491762502705
0.030262487047437867
0.030336458187299534
0.030410405008232992
0.030484327337346864
0.030558225002657674
0.03063209783314617
0.03070594565875598
0.03077976831038129
0.030853565619868416
0.030927337420084848
0.031001083544845487
0.031074803828993164
0.031148498108322716
0.031222166219681748
0.031295808000902745
0.03136942329083239
0.03144301192934627
0.03151657375735163
0.031590108616776386
0.031663616350568705
0.03173709680273518
0.03181054981832074
0.03188397524339369
0.031957372925089225
0.03203074271158038
0.032104084452099
0.03217739799691245
0.03225068319735901
0.0323239399058418
0.0323971679757829
0.03247036726169606
0.03254353761913542
0.03261667890472978
0.032689790976163376
0.03276287369215978
0.03283592691252412
0.03290895049812553
0.032981944310859906
0.033054908213718405
0.03312784207072695
0.033200745746984055
0.03327361910861083
0.033346462022831806
0.033419274357881196
0.03349205598305702
0.03356480676872907
0.0336375265862925
0.03371021530817358
0.03378287280788578
0.03385549895994941
0.03392809363993095
0.03400065672443279
0.03407318809110968
0.03414568761861963
0.034218155186674974
0.03429059067599771
0.03436299396833246
0.03443536494645634
0.034507703494152116
0.034580009496225396
0.03465228283847893
0.03472452340774391
0.034796731091830325
0.034868905779567555
0.03494104736076132
0.035013155726241404
0.035085230767796155
0.03515727237821098
0.03522928045125764
0.03530125488168744
0.03537319556521043
0.03544510239851281
0.03551697527925713
0.03558881410605856
0.035660618778487384
0.03573238919707521
0.03580412526329369
0.03587582687956136
0.035947493949253916
0.03601912637665323
0.036090724066993006
0.03616228692643748
0.036233814862060884
0.03630530778186967
0.036376765594762515
0.03644818821057065
0.03651957554002453
0.036590927494747655
0.0366622439872647
0.03673352493099392
0.03680477024022845
0.0368759798301684
0.03694715361685637
0.03701829151724302
0.037089393449119934
0.03716045933116236
0.03723148908288694
0.03730248262467359
0.037373439877756216
0.03744436076420046
0.037515245206919456
0.03758609312966977
0.03765690445701784
0.037727679114378486
0.03779841702796486
0.037869118124824956
0.03793978233281665
0.03801040958058174
0.03808099979759767
0.038151552914117814
0.03822206886118704
0.038292547570651536
0.03836298897512248
0.03843339300801288
0.03850375960348555
0.03857408869648752
0.03864438022272795
0.03871463411866085
0.038784850321515414
0.038855028769258
0.03892516940061039
0.038995272155020674
0.039065336972684654
0.0391353637945233
0.03920535256218607
0.03927530321805239
0.03934521570520843
0.03941508996745474
0.03948492594929829
0.039554723595960344
0.03962448285334974
0.0396942036680767
0.03976388598744358
0.03983352975942534
0.03990313493268832
0.03997270145656991
0.04004222928109112
0.04011171835692788
0.04018116863542666
0.04025058006858233
0.0403199526090547
0.04038928621014338
0.040458580825807326
0.040527836410640256
0.04059705291985968
0.04066623030933305
0.04073536853555202
0.04080446755561844
0.040873527327273264
0.04094254780886286
0.04101152895934328
0.04108047073827554
0.041149373105829855
0.041218236022774704
0.04128705945046155
0.0413558433508429
0.04142458768644951
0.041493292420406835
0.0415619575164012
0.04163058293869838
0.041699168652144084
0.04176771462213282
0.04183622081462787
0.04190468719615449
0.04197311373378131
0.04204150039514021
0.04210984714839282
0.04217815396224872
0.04224642080595924
0.042314647649309395
0.04238283446260732
0.042450981216690144
0.042519087882920595
0.042587154433171195
0.04265518083984445
0.042723167075837655
0.042791113114567264
0.042859018929939596
0.04292688449637967
0.04299470978879243
0.0430624947825819
0.04313023945363539
0.04319794377834036
0.04326560773354424
0.0433332312965917
0.0434008144452893
0.04346835715792069
0.04353585941323629
0.04360332119044487
0.043670742469225435
0.04373812322970757
0.04380546345247191
0.04387276311855354
0.043940022209437865
0.044007240707048596
0.044074418593745716
0.044141555852329525
0.044208652466043157
0.044275708418543475
0.04434272369392485
0.0444096982767038
0.044476632151810164
0.04454352530460218
0.04461037772084257
0.044677189386709414
0.044743960288784385
0.04481069041406292
0.04487737974993217
0.044944028284177595
0.0450106360049884
0.04507720290093676
0.04514372896099104
0.04521021417449663
0.04527665853119683
0.04534306202119655
0.0454094246349902
0.04547574636344397
0.04554202719779554
0.04560826712964673
0.04567446615097309
0.045740624254100054
0.04580674143172511
0.04587281767689918
0.04593885298302478
0.04600484734385605
0.046070800753498224
0.04613671320639688
0.04620258469734547
0.04626841522148278
0.04633420477427119
0.04639995335151913
0.04646566094936047
0.04653132756426847
