0.04516142346580633
0.0453612567092951
0.04556266580808742
0.04576566546390798
0.045970270482704176
0.04617649577392817
0.0463843563497623
0.046593867324298106
0.04680504391267875
0.04701790143018358
0.04723245529127324
0.04744872100859049
0.04766671419189793
0.04788645054699475
0.048107945874565856
0.048331216068991004
0.04855627711711351
0.048783145096947825
0.04901183617635801
0.04924236661167563
0.04947475274628238
0.04970901100914085
0.04994515791328171
0.05018321005424465
0.05042318410848154
0.050665096831705815
0.05090896505719947
0.0511548056940922
0.05140263572556768
0.05165247220706186
0.05190433226438707
0.05215823309184263
0.052414191950260626
0.05267222616502135
0.052932353124032286
0.05319459027565995
0.053458955126615186
0.053725465239811435
0.05399413823217243
0.0542649917724033
0.05453804357871786
0.05481331141652707
0.055090813096083165
0.05537056647007886
0.05565258943121104
0.0559368999096864
0.056223515870694754
0.056512455311822876
0.05680373626042494
0.057097376770939685
0.057393394922150495
0.05769180881439503
0.05799263656670932
0.05829589631390902
0.058601606203607076
0.058909784393157326
0.059220449046525396
0.05953361833107633
0.05984931041428074
0.060167543460325365
0.06048833562663133
0.06081170506026471
0.06113766989423759
0.06146624824369351
0.06179745820196218
0.062131317836483554
0.06246784518458482
0.06280705824910716
0.06314897499386764
0.06349361333894779
0.06384099115579861
0.06419112626214708
0.0645440364166967
0.06489973931360668
0.06525825257673752
0.06561959375365065
0.06598378030934278
0.0663508296197132
0.06672075896473226
0.06709358552131142
0.06746932635585015
0.06784799841644812
0.06822961852476257
0.06861420336750022
0.06900176948752466
0.06939233327455858
0.06978591095547235
0.07018251858413392
0.07058217203080974
0.07098488697109669
0.07139067887436674
0.07179956299171403
0.07221155434338102
0.07262666770565346
0.07304491759720542
0.07346631826488123
0.07389088366890037
0.07431862746746827
0.07474956300078561
0.07518370327444035
0.07562106094216935
0.07606164828798724
0.07650547720766465
0.07695255918955425
0.07740290529475519
0.07785652613661359
0.07831343185955263
0.07877363211723322
0.07923713605004491
0.07970395226192675
0.08017408879652729
0.08064755311270325
0.08112435205937085
0.08160449184971805
0.08208797803478912
0.08257481547646182
0.08306500831982955
0.08355855996501602
0.08405547303843798
0.08455574936355212
0.08505938993110612
0.0855663948689336
0.08607676341132398
0.08659049386800935
0.08710758359280694
0.08762802895196198
0.08815182529224377
0.08867896690884085
0.08920944701310993
0.08974325770024177
0.09028038991689553
0.09082083342887501
0.0913645767889038
0.09191160730457637
0.09246191100655413
0.09301547261707858
0.09357227551888525
0.09413230172459226
0.09469553184664693
0.09526194506791773
0.09583151911301026
0.09640423022040208
0.09698005311547833
0.09755896098456224
0.09814092545002735
0.09872591654658536
0.09931390269883925
0.09990485070018938
0.10049872569319113
0.1010954911514436
0.10169510886310698
0.10229753891612907
0.10290273968527135
0.10351066782101329
0.10412127824041968
0.10473452412004601
0.10535035689095752
0.10596872623593226
0.10658958008891692
0.10721286463679583
0.10783852432353218
0.10846650185673734
0.1090967382167094
0.10972917266799286
0.11036374277348647
0.11100038441113717
0.11163903179323943
0.11227961748836086
0.11292207244590258
0.11356632602330051
0.11421230601586133
0.11485993868922563
0.11550914881444119
0.11615985970561724
0.11681199326013199
0.11746547000135038
0.11812020912380723
0.11877612854079954
0.11943314493432687
0.12009117380731217
0.12075012953802325
0.12140992543661841
0.12207047380372048
0.12273168599092771
0.12339347246315734
0.12405574286271667
0.12471840607498459
0.12538137029558827
0.12604454309894977
0.12670783150807463
0.12737114206545083
0.12803438090492272
0.1286974538243983
0.12936026635925102
0.13002272385626862
0.13068473154800517
0.13134619462738492
0.1320070183224131
0.13266710797083955
0.1333263690946297
0.13398470747408942
0.13464202922149807
0.13529824085410114
0.13595324936631834
0.13660696230102035
0.13725928781973923
0.13791013477166797
0.13855941276132264
0.13920703221473052
0.13985290444402046
0.1404969417102979
0.14113905728468032
0.14177916550739061
0.14241718184479676
0.14305302294430333
0.14368660668699537
0.1443178522379553
0.14494668009416503
0.1455730121299276
0.1461967716397327
0.14681788337851637
0.14743627359925415
0.14805187008784956
0.1486646021952736
0.14927440086693167
0.14988119866923086
0.15048492981333111
0.15108553017607854
0.15168293731810925
0.15227709049914184
0.15286793069046065
0.1534554005846179
0.1540394446023792
0.1546200088969419
0.1551970413554715
0.15577049159799866
0.15634031097373183
0.15690645255483662
0.1574688711277532
0.15802752318211322
0.15858236689732955
0.1591333621269422
0.1596804703807971
0.1602236548051386
0.1607628801607197
0.16129811279900558
0.16182932063657934
0.1623564731278375
0.16287954123608625
0.1633984974031322
0.1639133155174727
0.1644239708812003
0.16493044017571504
0.16543270142635877
0.16593073396607763
0.16642451839822298
0.16691403655858722
0.16739927147679767
0.1678802073371608
0.16835682943906444
0.16882912415704524
0.1692970789006187
0.1697606820739754
0.17021992303563366
0.17067479205815175
0.17112528028798704
0.1715713797055972
0.17201308308585814
0.17245038395890203
0.17288327657143476
0.1733117558486277
0.17373581735664045
0.17415545726586232
0.17457067231492443
0.17498145977555435
0.17538781741831666
0.17578974347932214
0.17618723662792357
0.17658029593546637
0.17696892084513158
0.17735311114290334
0.17773286692970808
0.17810818859473693
0.178479076790002
0.17884553240612902
0.1792075565494123
0.17956515052015334
0.1799183157922822
0.1802670539942807
0.1806113668914013
0.18095125636919543
0.18128672441833593
0.18161777312072833
0.18194440463692
0.1822666211947683
0.1825844250793682
0.18289781862423296
0.18320680420367141
0.1835113842263861
0.1838115611302232
0.18410733737808066
0.18439871545492673
0.18468569786589994
0.18496828713546337
0.1852464858075748
0.18552029644683474
0.18578972164058002
0.18605476400188128
0.18631542617339633
0.18657171083206087
0.18682362069454891
0.18707115852347828
0.1873143271343099
0.1875531294029011
0.18778756827367168
0.1880176467683331
0.1882433679951373
0.18846473515860854
0.18868175156971
0.1888944206563989
0.18910274597452925
0.18930673121906572
0.18950638023555752
0.18970169703182876
0.18989268578986626
0.19007935087783057
0.19026169686218036
0.19043972851985988
0.19061345085050382
0.19078286908864836
0.19094798871588328
0.19110881547292854
0.1912653553716052
0.19141761470665358
0.19156560006738224
0.19170931834911406
0.19184877676439624
0.1919839828539558
0.19211494449737082
0.1922416699234324
0.19236416772018042
0.1924824468445818
0.1925965166318428
0.19270638680432944
0.1928120674800761
0.19291356918088634
0.19301090283997496
0.193104079809175
0.19319311186568294
0.19327801121831414
0.193358790513303
0.19343546283958643
0.19350804173361177
0.19357654118362932
0.19364097563348298
0.1937013599858964
0.19375770960523717
0.1938100403197783
0.1938583684234439
0.19390271067704035
0.1939430843089868
0.1939795070155353
0.19401199696048657
0.1940405727744141
0.19406525355340012
0.19408605885727617
0.19410300870740288
0.19411612358396702
0.19412542442282657
0.19413093261190598
0.19413266998714554
0.19413065882802463
0.1941249218526714
0.19411548221256153
0.19410236348681184
0.19408558967611658
0.1940651851962862
0.19404117487145514
0.19401358392693083
0.19398243798171588
0.1939477630407262
0.1939095854866975
0.19386793207180697
0.19382282990903008
0.1937743064632328
0.19372238954202958
0.19366710728640146
0.19360848816111517
0.19354656094493292
0.19348135472064215
0.19341289886492563
0.19334122303805062
0.19326635717344945
0.19318833146715436
0.19310717636712088
0.19302292256245804
0.19293560097257986
0.19284524273626372
0.19275187920067435
0.19265554191032422
0.1925562625960192
0.1924540731637623
0.19234900568366822
0.19224109237886464
0.192130365614427
0.19201685788631478
0.1919006018103715
0.19178163011134716
0.1916599756119962
0.19153567122222823
0.19140874992834406
0.19127924478235464
0.19114718889139076
0.19101261540721456
0.19087555751584834
0.19073604842731404
0.19059412136549664
0.19044980955814242
0.19030314622699443
0.1901541645780716
0.1900028977920991
0.18984937901508422
0.1896936413490757
0.1895357178430584
0.1893756414840397
0.1892134451882973
0.1890491617928138
0.18888282404687431
0.18871446460387462
0.18854411601328333
0.18837181071282236
0.18819758102081968
0.18802145912875962
0.18784347709402716
0.18766366683285138
0.18748206011344484
0.1872986885493292
0.1871135835928794
0.18692677652904435
0.1867382984692888
0.18654818034570475
0.18635645290535474
0.18616314670478223
0.18596829210474058
0.185771919265099
0.18557405813996594
0.18537473847297825
0.1851739897928116
0.1849718414088551
0.18476832240708982
0.18456346164615567
0.18435728775358742
0.18414982912225344
0.18394111390695952
0.18373117002123196
0.1835200251342966
0.18330770666819526
0.18309424179510225
0.1828796574347988
0.1826639802523091
0.18244723665570037
0.18222945279404462
0.18201065455553894
0.18179086756576446
0.18157011718611651
0.18134842851236935
0.1811258263733767
0.18090233532993655
0.18067797967377366
0.18045278342665932
0.18022677033967396
0.17999996389258038
0.17977238729333891
0.17954406347773047
0.17931501510910866
0.1790852645782504
0.1788548340033476
0.17862374523007388
0.1783920198317779
0.17815967910978112
0.17792674409375148
0.17769323554220812
0.17745917394308564
0.17722457951441034
0.17698947220505365
0.1767538716955735
0.1765177973991357
0.17628126846250997
0.17604430376715408
0.17580692193034553
0.17556914130641066
0.17533097998800504
0.17509245580746136
0.17485358633819936
0.17461438889619174
0.1743748805414955
0.17413507807982087
0.17389499806417327
0.17365465679652384
0.17341407032953735
