0.5642271556275459
0.564187760531885
0.5641477529114071
0.5641071152340056
0.5640658293709407
0.5640238765690319
0.5639812374366218
0.563937891931778
0.5638938193234379
0.5638489981886864
0.5638034063787748
0.5637570210024466
0.5637098184052917
0.5636617741406876
0.563612862957949
0.5635630587636532
0.5635123346136685
0.5634606626752657
0.5634080142128737
0.5633543595584
0.5632996680870653
0.563243908190204
0.563187047253973
0.5631290516293376
0.5630698866092037
0.5630095163992742
0.5629479040932792
0.5628850116484079
0.5628207998537592
0.5627552283111575
0.5626882554010391
0.5626198382625789
0.5625499327622948
0.5624784934742298
0.5624054736475069
0.5623308251857144
0.5622544986196308
0.5621764430834998
0.5620966062908684
0.5620149345117461
0.5619313725473393
0.5618458637114908
0.5617583498069022
0.5616687711055849
0.5615770663294243
0.5614831726313306
0.5613870255797836
0.5612885591409261
0.5611877056643403
0.5610843958717503
0.5609785588432611
0.5608701220083258
0.5607590111385033
0.5606451503393568
0.5605284620478641
0.5604088670288627
0.5602862843758984
0.5601606315128137
0.5600318241985232
0.5598997765341608
0.5597644009728504
0.5596256083317178
0.5594833078075108
0.5593374069938783
0.5591878119033036
0.5590344269908237
0.5588771551813949
0.558715897900263
0.5585505551071341
0.5583810253334435
0.5582072057230527
0.5580289920765579
0.5578462788996043
0.557658959453886
0.5574669258129409
0.5572700689211416
0.5570682786562632
0.55686144389615
0.5566494525890954
0.5564321918278934
0.5562095479279335
0.5559814065084216
0.5557476525782097
0.5555081706243084
0.5552628447047934
0.5550115585449328
0.5547541956365404
0.5544906393410477
0.5542207729957912
0.553944480023107
0.5536616440428306
0.5533721489873366
0.5530758792195414
0.5527727196532107
0.552462555875823
0.5521452742734448
0.5518207621575278
0.5514889078938378
0.5511496010322381
0.5508027324385584
0.5504481944267213
0.5500858808922743
0.5497156874461905
0.5493375115489318
0.5489512526445464
0.5485568122944818
0.5481540943109101
0.5477430048889814
0.5473234527380634
0.5468953492116145
0.5464586084350737
0.5460131474319638
0.5455588862474622
0.5450957480694735
0.544623659346588
0.5441425499031448
0.5436523530504386
0.54315300569444
0.5426444484392781
0.5421266256865672
0.5415994857300562
0.5410629808454814
0.5405170673755264
0.5399617058093081
0.53939686085657
0.5388225015160772
0.5382386011383058
0.5376451374819079
0.5370420927642172
0.5364294537053271
0.5358072115657391
0.5351753621775077
0.5345339059687564
0.5338828479814501
0.5332221978824504
0.5325519699678036
0.5318721831601836
0.5311828609994933
0.5304840316267513
0.5297757277611843
0.5290579866705416
0.5283308501348961
0.527594364403721
0.5268485801466947
0.5260935523979745
0.5253293404944138
0.5245560080075707
0.523773622669958
0.5229822562953618
0.5221819846938928
0.5213728875813254
0.5205550484836895
0.5197285546365611
0.5188934968799731
0.5180499695486941
0.5171980703583452
0.5163379002875804
0.5154695634565925
0.5145931670021157
0.5137088209493814
0.5128166380811279
0.5119167338039856
0.511009226012632
0.5100942349518163
0.5091718830766885
0.508242294911584
0.507305596907684
0.506361917299686
0.5054113859619047
0.5044541342639417
0.5034902949262291
0.5025200018758734
0.5015433901027325
0.5005605955162914
0.49957175480344496
0.49857700528735027
0.49757648478784006
0.49657033148325275
0.4955586837742843
0.494541680149757
0.4935194590546957
0.4924921587608386
0.4914599172397379
0.4904228720386977
0.48938116015962
0.48833491794105005
0.4872842809433336
0.48622938383731307
0.48517036029647975
0.48410734289272417
0.48304046299588094
0.4819698506770732
0.48089563461598694
0.4798179420121269
0.4787368985001452
0.47765262806931263
0.4765652529870835
0.4754748937269364
0.4743816689004539
0.47328569519355473
0.47218708730716485
0.471085957902006
0.46998241754774744
0.4688765746764032
0.46776853553994907
0.4666584041721879
0.465546282354737
0.4644322695872989
0.463316463061852
0.4621989576410379
0.46107984584046996
0.45995921781496507
0.4588371613486914
0.4577137618490426
0.4565891023442378
0.45546326348459265
0.4543363235472433
0.4532083584444291
0.45207944173502396
0.450949644639388
0.4498190360573575
0.44868768258929514
0.4475556485601073
0.44642299604601976
0.4452897849041872
0.44415607280486374
0.4430219152660439
0.4418873656905622
0.44075247540541773
0.4396172937032466
0.4384818678858392
0.43734624330956734
0.4362104634326225
0.435074569863878
0.4339386024133662
0.43280259914416797
0.4316665964255542
0.4305306289874702
0.4293947299759389
0.4282589310095152
0.4271232622365698
0.42598775239328457
0.42485242886231994
0.42371731773187105
0.4225824438552596
0.4214478309106963
0.4203135014612701
0.4191794770150335
0.4180457780849745
0.4169124242489695
0.4157794342093968
0.4146468258524898
0.41351461630726283
0.412382822003894
0.4112514587315672
0.4101205416955615
0.40899008557363964
0.4078601045715421
0.4067306124775794
0.4056016227162422
0.40447314840071746
0.4033452023843146
0.40221779731065277
0.40109094566261394
0.3999646598100012
0.39883895205580344
0.3977138346810781
0.3965893199883323
0.3954654203434447
0.3943421482160175
0.3932195162181905
0.3920975371417662
0.39097622399379367
0.38985559003042053
0.38873564878910916
0.38761641411910763
0.3864979002102284
0.38538012161991564
0.3842630932985345
0.38314683061296173
0.3820313493684058
0.3809166658285304
0.37980279673377976
0.37868975931804266
0.37757757132355924
0.3764662510141756
0.37535581718684335
0.3742462891815304
0.3731376868894493
0.3720300307596967
0.37092334180425934
0.36981764160152175
0.3687129522982112
0.3676092966098436
0.36650669781974166
0.36540517977663134
0.364304766890816
0.36320548412909004
0.36210735700827135
0.36101041158754926
0.3599146744596083
0.3588201727405862
0.357726934058915
0.35663498654311726
0.35554435880859336
0.35445507994342174
0.3533671794932462
0.35228068744534974
0.35119563421183725
0.3501120506121361
0.34902996785473955
0.3479494175183047
0.34687043153214947
0.34579304215619694
0.3447172819603924
0.3436431838036949
0.34257078081263476
0.3415001063595413
0.3404311940404343
0.3393640776526692
0.3382987911723565
0.33723536873162335
0.3361738445957478
0.3351142531401748
0.33405662882754417
0.3330010061846847
0.33194741977965947
0.33089590419886145
0.329846494024284
0.32879922381085147
0.3277541280640468
0.3267112412176459
0.3256705976117534
0.32463223147114634
0.3235961768838405
0.3225624677800887
0.3215311379116436
0.3205022208314766
0.3194757498738724
0.31845175813492843
0.31743027845355576
0.3164113433928852
0.31539498522220044
0.314381235899328
0.3133701270535795
0.31236168996917374
0.31135595556922485
0.3103529544002666
0.3093527166173033
0.30835527196946483
0.3073606497861903
0.3063688789640019
0.30537998795384735
0.304394004749019
0.3034109568736516
0.302430871371796
0.30145377479708707
0.30047969320296036
0.2995086521334876
0.29854067661473094
0.2975757911467102
0.29661401969590984
0.29565538568836003
0.29469991200324336
0.29374762096707435
0.29279853434840997
0.29185267335307064
0.2909100586199107
0.2899707102170843
0.28903464763880526
0.2881018898026246
0.28717245504716604
0.2862463611303475
0.2853236252280585
0.28440426393327983
0.2834882932556552
0.28257572862147956
0.2816665848740889
0.2807608762746843
0.2798586165035162
0.27895981866144914
0.27806449527191496
0.2771726582831795
0.27628431907098466
0.275399488441501
0.2745181766345935
0.27364039332739554
0.27276614763816476
0.27189544813043637
0.2710283028174113
0.2701647191666199
0.269304704104827
0.2684482640231439
0.2675954047823988
0.266746131718661
0.2659004496490072
0.2650583628774473
0.26421987520102347
0.2633849899160762
0.26255370982466586
0.26172603724112337
0.2609019739987467
0.2600815214566008
0.25926468050644474
0.25845145157975546
0.2576418346548318
0.25683582926401505
0.25603343450094823
0.25523464902792514
0.25443947108327775
0.25364789848885366
0.2528599286574859
0.25207555860053193
0.2512947849354398
0.25051760389331656
0.24974401132653679
0.2489740027163322
0.248207573180412
0.24744471748056251
0.24668543003022933
0.24592970490211524
0.24517753583572985
0.24442891624492366
0.24368383922538878
0.24294229756214622
0.24220428373695635
0.24146978993572482
0.24073880805583467
0.24001132971344274
0.23928734625071735
0.23856684874301792
0.237849828006021
0.2371362746027655
0.2364261788506537
0.23571953082837185
0.23501632038273412
0.2343165371354704
0.2336201704899194
0.23292720963765287
0.2322376435650277
0.23155146105963892
0.23086865071670856
0.23018920094538237
0.22951309997493097
0.2288403358608871
0.22817089649107838
0.22750476959157603
0.22684194273255226
0.22618240333405876
0.22552613867169546
0.22487313588220995
0.22422338196898853
0.22357686380746308
0.2229335681504319
0.22229348163327237
0.22165659077907818
0.22102288200369632
0.2203923416206761
0.2197649558461218
0.21914071080346081
0.21851959252811412
0.21790158697207587
0.2172866800084179
0.21667485743567982
0.21606610498218518
0.21546040831027843
0.21485775302044569
0.21425812465537594
0.21366150870392014
0.2130678906049699
0.21247725575125068
0.21188958949302975
0.2113048771417374
0.21072310397352154
0.2101442552326899
0.20956831613511023
0.20899527187149378
0.2084251076106273
0.20785780850251226
0.20729335968143753
0.2067317462689591
0.20617295337682942
0.2056169661098299
0.20506376956854672
0.20451334885206796
0.20396568906060686
0.20342077529806601
0.20287859267452155
0.202339126308649
0.20180236133007526
0.2012682828816731
0.20073687612178173
0.20020812622637896
0.19968201839117117
0.19915853783364124
0.1986376697950267
0.19811939954224014
0.1976037123697319
0.19709059360129974
0.19658002859183735
