0.045137484105876036
0.04533614784024513
0.04553633127620199
0.04573804649478997
0.045941305565143205
0.046146120535419895
0.046352503433062756
0.046560466255031026
0.046770020958941845
0.04698117946568094
0.047193953642845024
0.04740835530342207
0.047624396196654144
0.04784208800176968
0.04806144232026875
0.048282470666490884
0.04850518446233539
0.04872959502508296
0.04895571356173319
0.049183551160062046
0.049413118776730866
0.04964442723062725
0.04987748719252881
0.050112309174023636
0.050348903517914816
0.05058728038859168
0.050827449759100536
0.05106942140213981
0.05131320487744982
0.05155880952117884
0.05180624443262102
0.052055518463664865
0.052306640204655544
0.052559617973692845
0.0528144598015306
0.05307117342075815
0.053329766249925865
0.05359024538188165
0.05385261756832396
0.054116889207140334
0.05438306632643591
0.05465115457182212
0.05492115918974426
0.05519308501435584
0.055466936450380665
0.055742717459927066
0.056020431545552446
0.05630008173547205
0.05658167056681319
0.05686520007115001
0.05715067175767698
0.05743808659723014
0.057727445006852514
0.05801874683277298
0.058311991334580364
0.05860717716978629
0.058904302376507275
0.05920336435806444
0.05950435986690139
0.05980728498831498
0.06011213512488775
0.060418904980575505
0.06072758854510596
0.06103817907848869
0.06135066909596224
0.06166505035295229
0.06198131383015576
0.06229944971910325
0.06261944740830155
0.06294129546883266
0.06326498164134407
0.06359049282275438
0.06391781505343104
0.06424693350513486
0.0645778324692316
0.06491049534518407
0.0652449046299268
0.06558104190766248
0.06591888783995263
0.06625842215695595
0.06659962364877364
0.06694247015753929
0.0672869385705251
0.06763300481342047
0.06798064384485315
0.06832982965108145
0.06868053524183669
0.06903273264691019
0.06938639291333007
0.06974148610339402
0.07009798129368029
0.07045584657482196
0.07081504905187556
0.07117555484598177
0.0715373290965689
0.07190033596457379
0.07226453863633973
0.07262989932890539
0.07299637929541963
0.07336393883227199
0.07373253728649537
0.07410213306426978
0.07447268364055416
0.0748441455692044
0.07521647449425806
0.0755896251620375
0.07596355143403823
0.07633820630085184
0.07671354189671588
0.07708950951519489
0.07746605962533057
0.07784314188899578
0.07822070517883292
0.07859869759685137
0.07897706649415943
0.07935575849116883
0.07973471949850956
0.08011389473886069
0.08049322876929957
0.08087266550439695
0.08125214823993582
0.081631619677173
0.08201102194793504
0.08239029663995308
0.08276938482304459
0.08314822707562924
0.08352676351180473
0.08390493380894559
0.08428267723562335
0.08465993268006011
0.08503663867893128
0.08541273344646721
0.08578815490400837
0.08616284070974713
0.08653672828890195
0.08690975486393888
0.08728185748520637
0.08765297306165826
0.08802303839179827
0.0883919901947591
0.08875976514143219
0.08912629988579925
0.08949153109624206
0.08985539548691426
0.09021782984911662
0.0905787710826556
0.09093815622713658
0.09129592249326543
0.09165200729391933
0.09200634827521956
0.09235888334739917
0.09270955071551282
0.09305828890993106
0.0934050368166357
0.09374973370727048
0.09409231926889956
0.09443273363352103
0.09477091740719909
0.09510681169891562
0.09544035814902621
0.09577149895737685
0.09610017691095217
0.0964263354111613
0.09674991850064871
0.09707087088963116
0.09738913798179709
0.09770466589960619
0.09801740150919971
0.09832729244463329
0.09863428713166043
0.09893833481085733
0.0992393855602009
0.09953739031703632
0.09983230089938802
0.1001240700266712
0.10041265133971813
0.10069799942015303
0.10098006980906377
0.10125881902503085
0.10153420458140325
0.10180618500286737
0.10207471984130802
0.10233976969093897
0.10260129620265106
0.10285926209765989
0.10311363118036353
0.10336436835044929
0.10361143961422353
0.10385481209517608
0.10409445404377562
0.10433033484643937
0.10456242503380411
0.1047906962881224
0.10501512144993651
0.1052356745239548
0.10545233068413355
0.10566506627798143
0.10587385883010741
0.10607868704497542
0.10627953080889864
0.10647637119125783
0.10666919044498949
0.10685797200629163
0.10704270049361475
0.10722336170590914
0.10739994262013178
0.1075724313880526
0.1077408173323652
0.1079050909420892
0.10806524386727005
0.10822126891307128
0.10837316003313653
0.10852091232236055
0.10866452200900005
0.10880398644618171
0.10893930410282296
0.10907047455392883
0.10919749847035624
0.10932037760802295
0.1094391147965485
0.10955371392741348
0.10966417994158156
0.10977051881667743
0.10987273755364521
0.10997084416301324
0.11006484765067874
0.11015475800330557
0.11024058617333508
0.1103223440635828
0.11040004451152213
0.1104737012731967
0.11054332900682612
0.11060894325610679
0.11067056043323097
0.11072819780163425
0.1107818734585039
0.11083160631706239
0.11087741608861502
0.11091932326445257
0.11095734909753133
0.11099151558402497
0.11102184544473817
0.11104836210637455
0.11107108968273263
0.11109005295579247
0.11110527735673781
0.11111678894692018
0.11112461439879039
0.1111287809767969
0.111129316518289
0.11112624941441648
0.11111960859105072
0.11110942348974699
0.1110957240487573
0.11107854068409437
0.1110579042706944
0.11103384612363194
0.11100639797947907
0.1109755919777475
0.11094146064246314
0.1109040368638825
0.11086335388034343
0.11081944526028595
0.11077234488442973
0.1107220869281318
0.11066870584392526
0.11061223634426118
0.1105527133844357
0.11049017214574738
0.11042464801885424
0.11035617658736172
0.11028479361164743
0.11021053501290573
0.11013343685745616
0.11005353534128878
0.10997086677485338
0.10988546756813236
0.10979737421595138
0.10970662328356474
0.10961325139251525
0.10951729520676629
0.10941879141909701
0.10931777673779679
0.10921428787362193
0.10910836152705222
0.10900003437581027
0.1088893430626914
0.10877632418366477
0.10866101427626237
0.10854344980826111
0.10842366716665412
0.10830170264690633
0.10817759244249697
0.10805137263475614
0.10792307918297918
0.10779274791483322
0.10766041451705131
0.10752611452639313
0.10738988332091326
0.1072517561114764
0.10711176793358379
0.10696995363944917
0.10682634789036216
0.10668098514931547
0.10653389967390241
0.1063851255094798
0.10623469648259505
0.10608264619466189
0.10592900801591017
0.10577381507956785
0.10561710027631202
0.10545889624894972
0.10529923538735007
0.10513814982361232
0.10497567142746568
0.10481183180191095
0.1046466622790718
0.10448019391628868
0.1043124574924151
0.10414348350434095
0.10397330216372194
0.10380194339391564
0.1036294368271258
0.10345581180173342
0.10328109735984048
0.10310532224498757
0.10292851490006594
0.1027507034654111
0.10257191577707696
0.10239217936526801
0.10221152145297104
0.10202996895471923
0.10184754847554028
0.1016642863100507
0.10148020844170766
0.10129534054220787
0.10110970797103082
0.1009233357751237
0.10073624868872108
0.10054847113330231
0.10036002721766756
0.10017094073815172
0.09998123517895187
0.09979093371256803
0.09960005920036355
0.0994086341932369
0.09921668093239348
0.09902422135022183
0.09883127707126917
0.09863786941331387
0.09844401938852707
0.09824974770471918
0.09805507476668208
0.09786002067760488
0.09766460524056442
0.09746884796010406
0.09727276804387022
0.09707638440432816
0.09687971566053988
0.09668278014000252
0.0964855958805542
0.09628818063232926
0.09609055185977282
0.09589272674370442
0.09569472218343664
0.0954965547989278
0.09529824093299724
0.09509979665356381
0.0949012377559353
0.0947025797651304
0.09450383793823439
0.09430502726679035
0.09410616247921678
0.09390725804326132
0.09370832816846109
0.09350938680865319
0.09331044766448703
0.09311152418596616
0.09291262957500325
0.09271377678799662
0.09251497853841682
0.09231624729940975
0.09211759530640844
0.09191903455975609
0.09172057682733722
0.0915222336472142
0.0913240163302717
0.09112593596286343
0.09092800340946106
0.0907302293153024
0.09053262410905029
0.09033519800543267
0.09013796100789284
0.08994092291123906
0.08974409330427709
0.08954748157244447
0.08935109690044184
0.08915494827485197
0.08895904448674467
0.0887633941342873
0.0885680056253327
0.08837288717999743
0.08817804683323809
0.08798349243739928
0.08778923166476547
0.0875952720100815
0.08740162079307841
0.08720828516096381
0.08701527209091325
0.08682258839253322
0.08663024071031555
0.08643823552607205
0.08624657916134673
0.08605527777981994
0.0858643373896835
0.0856737638460039
0.08548356285306245
0.08529373996667894
0.0851043005965102
0.08491525000833454
0.08472659332631134
0.08453833553522115
0.08435048148268827
0.0841630358813697
0.08397600331114351
0.08378938822125238
0.08360319493244588
0.0834174276390839
0.0832320904112305
0.08304718719671943
0.08286272182319647
0.08267869800014628
0.08249511932088713
0.082311989264549
0.08212931119803357
0.08194708837793832
0.08176532395247073
0.08158402096333779
0.08140318234760202
0.08122281093953397
0.08104290947242192
0.0808634805803761
0.08068452680009741
0.08050605057263537
0.08032805424511219
0.0801505400724341
0.07997351021897614
0.07979696676024266
0.07962091168451411
0.0794453468944603
0.07927027420874408
0.07909569536359148
0.07892161201435235
0.07874802573702819
0.07857493802978764
0.0784023503144562
0.07823026393798597
0.07805868017390427
0.07788760022374216
0.07771702521844362
0.07754695621975263
0.07737739422157638
0.07720834015134011
0.07703979487130666
0.07687175917988937
0.07670423381294063
0.07653721944501556
0.07637071669062534
0.07620472610546972
0.07603924818764453
0.07587428337883721
0.0757098320655035
0.07554589458001945
0.07538247120182477
0.07521956215854103
0.0750571676270742
0.07489528773470287
0.07473392256014404
0.07457307213460448
0.07441273644281803
0.07425291542405957
0.07409360897314736
0.07393481694142816
0.07377653913774679
0.07361877532939817
0.07346152524306243
0.07330478856572907
0.07314856494560157
0.07299285399299119
0.07283765528118658
0.0726829683473226
0.07252879269322106
0.07237512778622758
0.07222197306002545
0.07206932791544282
0.0719171917212415
0.0717655638148929
0.07161444350334249
0.07146383006375888
0.07131372274427036
