0.08518974397129007
0.067706652567835
0.057200476464830334
0.04996743478144786
0.04458004194024058
0.04034786440549826
0.036892624297795364
0.03398898341382525
0.03149410996207387
0.02931292839394727
0.0273795610688996
0.025646792230367095
0.02407978472682494
0.022652176778845453
0.0213435717648475
0.020137874797813083
0.019022161107563
0.01798588805545197
0.017020334850006716
0.01611819657265685
0.015273284915367197
0.014480304081545589
0.01373468052394228
0.013032431842600334
0.012370064574836791
0.011744493584230997
0.011152977795696092
0.010593068443621304
0.010062567002121832
0.009559490682669274
0.009082043902567711
0.00862859450681708
0.008197653806205943
0.007787859703788408
0.007397962339661411
0.007026811803970821
0.006673347560073294
0.006336589290946154
0.006015628937344195
0.005709623739679805
0.005417790129981918
0.005139398347582167
0.004873767674068618
0.004620262200642775
0.004378287055280293
0.0041472850287035306
0.00392673354769291
0.0037161419520760513
0.003515049038214884
0.003323020837188455
0.0031396486003384652
0.002964546968655192
0.0027973523055756294
0.002637721175526338
0.0024853289527755115
0.002339868547063403
0.002201049234225047
0.0020685955813673253
0.0019422464573896495
0.0018217541207711473
0.0017068833773292123
0.0015974108016246816
0.001493124016196522
0.0013938210235913033
0.0012993095865403087
0.0012094066522153816
0.00112393781680868
0.0010427368272039965
0.000965645116567189
0.0008925113712705707
0.0008231911266168688
0.0007575463891016296
0.0006954452832273384
0.0006367617209210488
0.0005813750919891214
0.000529169973896757
0.0004800358596094756
0.00043386690208103366
0.00039056167419045156
0.00035002294317791556
0.0003121574583506096
0.00027687575129906256
0.00024409194760161316
0.00021372358945460714
0.0001856914680763307
0.0001599194657580787
0.00013633440614564568
0.00011486591305130872
0.00009544627609385551
0.00007801032363473589
0.00006249530160658005
0.00004884075783985342
0.00003698843097778522
0.000026882143413344657
0.00001846769574103472
0.000011692761295424281
6.506774434878484e-6
2.8608033977282693e-6
7.073686450482653e-7
