0.001403338656551185
0.0014103534501681766
0.001418490377577827
0.001422982752228592
0.0014294219554513345
0.0014373129897753915
0.0014462773652399931
0.0014537124466901625
0.0014623984133841322
0.0014703384100156725
0.0014780288003800133
0.0014857979592374476
0.0014938513195653156
0.0015023065329320745
0.001510481650747031
0.0015187220056847065
0.0015277796634067785
0.0015366335132131832
0.0015455845437491356
0.0015548218327815862
0.0015636108182203903
0.001573096234119113
0.0015824192420494864
0.0015918846052013188
0.0016016833368904504
0.0016114175396369278
0.0016214701795823805
0.0016315010687505647
0.0016417733670302814
0.0016521784892214377
0.0016627496864445592
0.0016734858573828567
0.001684333116198138
0.001695409064393509
0.0017066789839497432
0.0017180746700705546
0.0017296885908334389
0.0017415023861301155
0.0017535044557510171
0.0017657079106677721
0.001778116078671938
0.0017907432794932185
0.0018035939328013013
0.001816672533305134
0.0018299883798414802
0.0018435396846404799
0.0018573402806510598
0.00187140629948111
0.0018857283510980841
0.0019003271470588697
0.001915201680343694
0.0019303702390437367
0.0019458345342623974
0.001961606229189776
0.0019776920081154515
0.001994103650338633
0.002010851476534492
0.002027944474724464
0.0020453921235602957
0.002063208724406964
0.002081402500242987
0.0020999863189621265
0.0021189707125688116
0.0021383692017050283
0.002158193935279371
0.002178457242244137
0.0021991728814338076
0.00222035495057102
0.0022420166402758036
0.002264172871264599
0.0022868383016486013
0.002310028489660049
0.002333758450469077
0.0023580446411379133
0.002382903486120654
0.002408351606980058
0.002434406519359299
0.00246108592631392
0.0024884078469360957
0.002516390960106773
0.002545054265728137
0.002574417283723432
0.0026044999362195825
0.002635322522074432
0.0026669059149312187
0.002699271322698361
0.0027324405545549706
0.002766435707945897
0.0028012794732520424
0.0028369949264698937
0.0028736056014055196
0.002911135517491585
0.002949609112479267
0.002989051316873024
0.0030294874932136743
0.0030709434330836926
0.0031134454090962858
0.003157020126253999
0.0032016947293815982
0.003247496796131497
0.003294454340360674
0.003342595811335172
0.003391950073452603
0.003442546411981412
0.00349441452971404
0.0035475845307134865
0.003602086920776767
0.0036579525990566913
0.0037152128484627634
0.0037738993360036314
0.003834044091634939
0.003895679509501998
0.003958838339161045
0.004023553668681177
0.004089858924555185
0.0041577878530269265
0.00422737451431309
0.004298653272648014
0.004371658781640227
0.004446425976288176
0.004522990057190405
0.004601386481219089
0.0046816509473404325
0.004763819384602368
0.004847927937678788
0.00493401295319594
0.005022110966742638
0.005112258686246731
0.005204492979392378
0.005298850857307455
0.005395369458434988
0.005494086034246424
0.005595037931975695
0.005698262579082555
0.005803797465930348
0.005911680129172351
0.00602194813502911
0.006134639061731806
0.006249790482126023
0.00636743994601879
0.006487624962978834
0.006610382984361397
0.006735751385686232
0.006863767448855454
0.006994468344780566
0.007127891115701838
0.007264072657858279
0.00740304970445797
0.007544858808763159
0.007689536327526942
0.007837118404664067
0.007987640955652603
0.008141139652052867
0.008297649906702804
0.008457206859568706
0.008619845363959698
0.008785599973681899
0.008954504930698253
0.009126594153737375
0.009301901227469012
0.009480459392761958
0.009662301537672063
0.009847460189317883
0.010035967506800723
0.010227855274937702
0.010423154899094863
0.01062189740081238
0.01082411341461098
0.01102983318563153
0.01123908656818577
0.011451903025419442
0.01166831162972833
0.01188834106408357
0.012112019624250955
0.012339375221755811
0.012570435387503505
0.012805227276234265
0.013043777671407587
0.013286112990692505
0.013532259291838744
0.013782242278933208
0.014036087308859017
0.01429381939791815
0.014555463228447385
0.014821043155397036
0.015090583212669735
0.015364107119149083
0.01564163828430339
0.015923199813190098
0.016208814510743037
0.016498504885365167
0.01679229315134719
0.017090201230412144
0.017392250752007198
0.017698463052124688
0.0180088591709878
0.01832345984888174
0.018642285520425905
0.01896535630719612
0.019292692008334538
0.019624312089291874
0.01996023566844094
0.020300481501777008
0.020645067965208288
0.020994013034754545
0.021347334264741964
0.021705048763091518
0.022067173164690316
0.022433723602572554
0.022804715676589534
0.02318016441948086
0.023560084261425696
0.0239444889912463
0.02433339171653131
0.024726804821397674
0.025124739921066615
0.02552720781651921
0.025934218444886588
0.026345780830440094
0.026761903032349408
0.027182592091373317
0.027607853975589715
0.028037693525115877
0.028472114393590067
0.028911118992120392
0.02935470843168329
0.029802882460716516
0.03025563941155933
0.030712976135385723
0.031174887947434386
0.03164136856824165
0.03211241006004429
0.03258800277690605
0.03306813530321215
0.033552794400377485
0.034041964950953886
0.0345356299083288
0.035033770247448665
0.03553636491237885
0.0360433907714735
0.036554822578213984
0.03707063292218313
0.03759079219677652
0.03811526856183002
0.03864402791195428
0.039177033842528734
0.039714247636796034
0.04025562823440486
0.04080113220744153
0.04135071376418712
0.041904324720704045
0.04246191450792258
0.04302343016137356
0.04358881633150092
0.04415801527831714
0.04473096689078165
0.04530760870311563
0.04588787590372796
0.046471701375455914
0.047059015713067344
0.047649747244472455
0.04824382208842195
0.04884116419404881
0.04944169535802643
0.0500453353148614
0.050652001749473895
0.05126161038575671
0.05187407501673191
0.0524893075989613
0.05310721829969555
0.0537277155770426
0.05435070623495254
0.054976095544276724
0.055603787236783934
0.056233683702035936
0.056865685954654216
0.05749969383973849
0.0581356059798757
0.05877332000492771
0.05941273254513128
0.06005373937570753
0.06069623548191657
0.06134011516871316
0.06198527213848909
0.0626315996422363
0.06327899046409317
0.06392733711363073
0.06457653192859443
0.06522646706851425
0.06587703473885147
0.06652812713343019
0.06717963669878657
0.067831456058084
0.06848347825591446
0.06913559671022938
0.06978770533510062
0.07043969873226393
0.07109147208645543
0.07174292142177971
0.0723939435423014
0.07304443619660214
0.07369429809163434
0.0743434290324119
0.0749917298915538
0.07563910270538371
0.07628545083021938
0.07693067881032727
0.0775746926788983
0.07821739972979866
0.07885870874087994
0.07949853003754825
0.0801367754631309
0.08077335834188536
0.08140819376010111
0.08204119822164725
0.08267229010733135
0.08330138938194862
0.08392841759530542
0.0845532982805363
0.08517595655872785
0.0857963192655113
0.08641431510723557
0.0870298743826584
0.08764292945483836
0.0882534141143947
0.08886126414483002
0.089466417089671
0.09006881201944371
0.09066839005510766
0.09126509400553896
0.09185886816429754
0.09244965880641162
0.09303741367286737
0.09362208238265278
0.09420361604391536
0.09478196755310016
0.09535709127696752
0.09592894314881631
0.09649748082431668
0.09706266340088457
0.09762445144694588
0.0981828070532759
0.09873769366096927
0.09928907635850394
0.09983692115082962
0.10038119609150235
0.1009218699040137
0.1014589129071907
0.10199229675948576
0.10252199416392933
0.10304797920104872
0.10357022678071637
0.10408871333050411
0.10460341620459639
0.10511431384822864
0.1056213856888932
0.1061246123318777
0.10662397513060964
0.10711945677252256
0.10761104027815913
0.10809871020708207
0.10858245132179142
0.1090622499119683
0.10953809259900261
0.11000996699187379
0.11047786152987335
0.11094176513910226
0.1114016676006923
0.11185755939593459
0.11230943191516816
0.11275727696165684
0.11320108667870869
0.11364085422991894
0.1140765733244138
0.11450823844929767
0.11493584418061535
0.11535938585828005
0.11577885919942311
0.11619426107179613
0.11660558796965409
0.1170128374286166
0.11741600725027516
0.11781509568174604
0.1182101019564268
0.11860102457941102
0.11898786390023047
0.11937061957377557
0.11974929253008057
0.12012388305231582
0.1204943926965423
0.12086082348854796
0.12122317735565287
0.12158145656480546
0.12193566414117234
0.12228580345958616
0.12263187755352417
0.12297389129446318
0.12331184795850823
0.12364575302099301
0.1239756112372914
0.12430142766907154
0.1246232083096249
0.12494095911067933
0.12525468682629978
0.12556439774544317
0.1258700990952377
0.12617179820528387
0.12646950298809648
0.12676322125506562
0.12705296186893783
0.12733873292321535
0.12762054411595344
0.1278984043212823
0.12817232330251271
0.12844231148062824
0.12870837894481812
0.12897053614310278
0.12922879432628692
0.12948316487674683
0.12973365942234458
0.129980289900693
0.13022306792673244
0.13046200718041312
0.13069711955719845
0.13092841896986965
0.1311559185968421
0.1313796321008096
0.1315995736958526
0.13181575849476734
0.132028199812265
0.13223691355017414
0.132441915172976
0.13264322008058227
0.1328408437534155
0.13303480263886083
0.13322511339846402
0.13341179246794121
0.13359485709360927
0.13377432428084235
0.1339502117541356
0.13412253749224523
0.1342913191647474
0.13445657553050502
0.134618324946676
0.13477658650245225
0.1349313788522336
0.1350827221575233
0.13523063490654233
0.13537513794617173
0.13551625012705168
0.13565399319549284
0.13578838624375034
0.135919451118446
0.1360472080565794
0.13617167815594727
0.13629288334154208
0.1364108441715607
0.1365255826653213
0.1366371212078846
0.1367454814889781
0.13685068593616637
0.13695275608815738
0.13705171585475653
0.13714758679256076
0.1372403923828553
0.13733015548656646
0.13741689919418998
0.13750064664197134
0.1375814212476209
0.13765924691197257
0.13773414647156884
0.1378061446007844
0.13787526439095016
0.137941529913105
0.13800496549137722
0.1380655952755993
0.13812344279837907
0.13817853298899507
0.13823088981176931
0.13828053759621922
0.1383275009604408
0.13837180453358452
0.1384134726758822
0.13845252943766984
0.1384890005949702
0.13852290943930168
0.13855428119102062
0.1385831407400881
0.13860951265672397
0.13863342153294367
0.1386548918905174
0.13867394872875163
0.13869061604437563
0.1387049189826899
0.13871688228864112
0.13872653034716043
0.13873388775735865
0.13873897909418584
0.13874182865465778
0.13874246073895272
