0.07210984416420482
0.052501398148446406
0.04188490748007736
0.03504434116792365
0.030198957911767087
0.02655229791084507
0.023689698960966114
0.021372154237916337
0.01945129673506211
0.017829636714955688
0.01644016176354584
0.01523509222485322
0.014179315127718759
0.01324636317420579
0.012415851727547828
0.011671788316846142
0.011001424190425633
0.010394453728515003
0.00984244354110566
0.00933841708823203
0.008876546993556174
0.00845192344338751
0.008060377322080125
0.0076983433730561475
0.007362753067780984
0.007050949824355895
0.006760621250327923
0.006489744499637617
0.006236541841134087
0.005999444250683621
0.005777061368969229
0.005568156547883981
0.005371625998371946
0.005186481265571581
0.005011834421674771
0.004846885496745635
0.0046909117543384934
0.004543258504123466
0.004403331199256854
0.0042705886092634995
0.0041445369047089405
0.0040247245125482065
0.00391073761822874
0.003802196236945287
0.0036987507628770764
0.00360007891679846
0.0035058830715812565
0.0034158878659506344
0.0033298380852562082
0.003247496796131503
0.0031686436452238614
0.0030930733774139855
0.0030205944784355673
0.0029510279504033248
0.0028842062510997797
0.002819972260505939
0.002758178432222153
0.002698685967206045
0.0026413639896466726
0.002586089058954102
0.0025327443272486062
0.002481219002164247
0.0024314081568440815
0.002383211712035261
0.00233653418128713
0.0022912841223974257
0.0022473747475858486
0.0022047214082927856
0.0021632432810458554
0.0021228616428903397
0.002083500582306654
0.0020450854746226588
0.002007543353572435
0.001970802233261151
0.0019347922637288583
0.0018994411092294395
0.0018646730135578756
0.0018304223681891811
0.0017966163080915163
0.0017631676447628685
0.001730011180797917
0.001697073299899928
0.001664192945979247
0.0016313844857849017
0.0015983648132829502
0.0015650680663509583
0.0015315559483166413
0.0014983697631965685
0.0014634997826212836
0.0014271004296066798
0.0013913715104817614
0.0013409357324032222
0.0013465049859304387
0.0013009013730388539
0.001251377544889268
0.0011962597968266989
0.0011325966998276548
0.0010542396292031297
0.0009435408925749473
