0.009004173697568632
0.009048696677798356
0.009093640582234282
0.009139011361048716
0.009184815086876465
0.009231057964168666
0.009277746327337254
0.009324886649478854
0.00937248554055197
0.009420549757987734
0.009469086204612379
0.009518101940303426
0.009567604180409922
0.009617600303378887
0.009668097856698374
0.009719104558451002
0.009770628306665119
0.009822677181561656
0.009875259453899799
0.00992838358640829
0.009982058245626294
0.010036292302592701
0.01009109484242256
0.010146475168699182
0.01020244281208389
0.01025900753451746
0.010316179338890216
0.010373968473702862
0.01043238544205085
0.010491441008163146
0.01055114620537553
0.010611512343660876
0.010672551017696418
0.010734274114786146
0.010796693823602184
0.010859822641880942
0.01092367338567084
0.010988259197152933
0.011053593554698213
0.011119690280410238
0.011186563550251629
0.011254227902817068
0.011322698248393185
0.011391989878669033
0.011462118476123427
0.011533100123247214
0.01160495131224646
0.011677688954642006
0.011751330390713717
0.011825893399137038
0.011901396206432227
0.011977857496507342
0.01205529642020861
0.012133732604299364
0.012213186161019789
0.012293677696886142
0.012375228321811052
0.012457859657598592
0.012541593846547539
0.012626453559607991
0.012712462004350908
0.012799642932579904
0.012888020647510162
0.012977620010760655
0.013068466448742011
0.013160585958597112
0.013254005113842605
0.013348751069209304
0.013444851565125282
0.013542334931452675
0.013641230090727392
0.013741566560610777
0.013843374455607531
0.01394668448815142
0.014051527968803313
0.014157936805632335
0.014265943502824866
0.014375581158264423
0.014486883460337574
0.014599884683665687
0.014714619683920531
0.014831123891648612
0.014949433305007911
0.015069584481493991
0.015191614528579863
0.015315561093308309
0.01544146235073479
0.015569356991296494
0.01569928420708003
0.015831283676943385
0.01596539555058128
0.01610166043145351
0.016240119358615395
0.016380813787537373
0.01652378556979578
0.016669076931798636
0.01681673045249332
0.016966789040097328
0.017119295907960894
0.01727429454948296
0.017431828712272508
0.017591942371484814
0.017754679702479854
0.017920085052809138
0.018088202913627477
0.01825907789059736
0.018432754674351223
0.018609278010586903
0.018788692669899392
0.01897104341740663
0.01915637498227128
0.019344732027194906
0.01953615911799087
0.019730700693294776
0.01992840103454648
0.020129304236282043
0.02033345417687669
0.02054089448977935
0.02075166853536318
0.020965819373446232
0.021183389736578826
0.021404422004177595
0.02162895817755632
0.021857039855949424
0.02208870821356817
0.022324003977761832
0.022562967408319562
0.02280563827797063
0.02305205585411005
0.023302258881777956
0.023556285567918143
0.02381417356692673
0.024075959967491428
0.024341681280720038
0.0246113734295409
0.024885071739358396
0.02516281092992218
0.025444625108376834
0.025730547763443305
0.026020611760663028
0.026314849338648354
0.026613292106259193
0.026915971040619845
0.027222916485891643
0.027534158152695457
0.027849725118081516
0.028169645825940844
0.028493948087729214
0.02882265908339707
0.02915580536238694
0.029493412844573436
0.029835506821019087
0.0301821119544016
0.03053325227898731
0.030888951200008487
0.03124923149231404
0.03161411529815943
0.03198362412400127
0.03235777883617657
0.03273659965533464
0.03312010614950819
0.033508317225708954
0.03390125111994017
0.03429892538553097
0.034701356879696055
0.03510856174824271
0.035520555408350044
0.03593735252936049
0.03635896701152679
0.03678541196268147
0.037216699672790135
0.03765284158638181
0.038093848272841686
0.03853972939458433
0.03899049367311796
0.039446148853045725
0.039906701664038306
0.04037215778084985
0.0408425217814406
0.04131779710330064
0.04179798599806788
0.04228308948455041
0.04277310730028365
0.04326803785174791
0.043767878163397216
0.04427262382565422
0.044782268942034666
0.04529680607558055
0.04581622619478392
0.04634051861918427
0.04686967096485451
0.047403669089963865
0.04794249704062998
0.048486136997280736
0.049034569221728025
0.049587772005189656
0.050145721617458165
0.05070839225745684
0.051275756005377454
0.051847782776652994
0.052424440277928766
0.053005693965291215
0.05359150700493314
0.05418184023644738
0.05477665213897804
0.05537589880037232
0.05597953388952817
0.05658750863211994
0.05719977178982773
0.05781626964324417
0.058436945978588825
0.05906174207832533
0.059690596715848976
0.06032344615426967
0.06096022414946691
0.06160086195736139
0.06224528834559611
0.06289342960957718
0.06354520959291346
0.06420054971231431
0.06485936898688092
0.06552158407182956
0.0661871092965531
0.06685585670705667
0.0675277361126342
0.06820265513672204
0.06888051927189494
0.06956123193885913
0.07024469454928972
0.07093080657250406
0.07161946560570835
0.07231056744772212
0.07300400617605614
0.07369967422710567
0.07439746247930515
0.07509726033908191
0.075798955829408
0.07650243568068586
0.07720758542386473
0.07791428948544243
0.07862243128433073
0.07933189333011295
0.080042557322632
0.08075430425271597
0.08146701450365693
0.08218056795333409
0.08289484407670808
0.08360972204851932
0.08432508084581453
0.08504079935021346
0.08575675644979702
0.08647283114001611
0.08718890262384403
0.08790485041074309
0.08862055441418874
0.08933589504784155
0.09005075331971245
0.09076501092476996
0.09147855033505962
0.09219125488802432
0.09290300887203168
0.09361369760960626
0.09432320753787378
0.0950314262863197
0.09573824275147942
0.09644354716865751
0.09714723118064632
0.09784918790303311
0.09854931198642591
0.09924749967523704
0.09994364886298997
0.10063765914443464
0.10132943186391942
0.10201887016036168
0.10270587900888631
0.1033903652585506
0.10407223766711572
0.10475140693162227
0.1054277857162437
0.10610128867613962
0.10677183247822375
0.10743933581828063
0.10810371943537832
0.1087649061222481
0.10942282073320017
0.11007739018851419
0.11072854347632022
0.11137621165080003
0.11202032782842976
0.11266082718095398
0.1132976469259142
0.11393072631479662
0.11456000661835844
0.11518543111028733
0.11580694504830219
0.11642449565307951
0.11703803208560773
0.11764750542261547
0.11825286863003806
0.11885407653534925
0.11945108579805803
0.12004385487907002
0.12063234400881091
0.12121651515430103
0.1217963319850217
0.12237175983811521
0.12294276568297546
0.12350931808499625
0.1240713871685227
0.12462894457997019
0.12518196345018862
0.12573041835678458
0.12627428528628898
0.1268135415959577
0.12734816597637283
0.12787813841334744
0.12840344015053787
0.12892405365223877
0.1294399625665066
0.1299511516885238
0.13045760692501637
0.13095931525855828
0.13145626471297203
0.13194844431902217
0.13243584408092088
0.1329184549439675
0.13339626876256683
0.13386927826870407
0.13433747704226465
0.13480085948151913
0.13525942077448083
0.13571315687163038
0.13616206445913479
0.1366061409333455
0.13704538437601355
0.1374797935304947
0.13790936777918525
0.13833410712149727
0.1387540121532614
0.13916908404660547
0.1395793245312504
0.13998473587625812
0.14038532087314892
0.14078108281983373
0.14117202550487937
0.14155815319386472
0.14193947061506856
0.14231598294710102
0.14268769580740012
0.1430546152403062
0.14341674770748808
0.14377410007769023
0.14412667961816142
0.14447449398656295
0.14481755122297785
0.14515585974322956
0.14548942833247075
0.14581826613930307
0.14614238267056542
0.14646178778640562
0.1467764916963792
0.14708650495495865
0.14739183845856185
0.1476925034425897
0.1479885114781954
0.14827987447031818
0.1485666046553412
0.1488487145995583
0.14912621719748434
0.14939912567021865
0.14966745356480543
0.14993121475271276
0.15019042342937441
0.15044509411350182
0.1506952416455386
0.1509408811887287
0.1511820282268463
0.15141869856519344
0.15165090832923092
0.15187867396418983
0.15210201223515799
0.15232094022585438
0.1525354753383999
0.1527456352930283
0.1529514381266742
0.15315290219196387
0.15335004615792502
0.15354288900667104
0.15373145003409566
0.15391574884758283
0.154095805364976
0.15427163981244946
0.15444327272348582
0.15461072493658778
0.15477401759283713
0.15493317213457644
0.15508821030183487
0.15523915413062406
0.155386025949832
0.15552884837762884
0.15566764431960245
0.1558024369638722
0.15593324977914427
0.15606010650972624
0.15618303117172333
0.15630204804999162
0.15641718169292246
0.15652845690806202
0.1566358987578529
0.15673953255468462
0.15683938385581764
0.156935478458949
0.1570278423956562
0.15711650192716575
0.15720148353843613
0.15728281393206175
0.1573605200229846
0.15743462893265928
0.1575051679820568
0.15757216468618773
0.15763564674776612
0.1576956420508784
0.15775217865406926
0.15780528478358644
0.15785498882794624
0.1579013193294759
0.15794430497877832
0.15798397460727776
0.15802035718005158
0.15805348178973866
0.15808337764891858
0.15811007408260783
0.15813360052170664
0.1581539864961351
0.15817126162724604
0.1581854556208072
0.15819659825955965
0.15820471939691766
0.15820984894873444
0.15821201688763384
0.15821125323401242
0.15820758805069943
0.15820105143477736
0.15819167351180363
0.15817948442764695
0.15816451434204212
0.15814679342178373
0.15812635183429666
0.15810321974007022
0.15807742728693977
0.15804900460308452
0.15801798179026047
0.15798438891799413
0.15794825601641396
0.15790961307084683
0.15786849001556566
0.15782491672670398
0.1577789230178875
0.15773053863328468
0.15767979324167872
0.15762671643164194
0.15757133770537757
0.15751368647378267
0.1574537920503
0.15739168364694686
0.15732739036764964
0.15726094120445375
0.15719236503231773
0.15712169060441752
0.15704894654716628
0.15697416135597606
0.1568973633909178
0.15681858087233902
0.15673784187679746
0.15665517433320852
0.156570606017849
0.15648416455251807
0.15639587739914954
0.15630577185743494
0.15621387505985046
0.15612021397066542
0.15602481538101504
0.15592770590597788
0.15582891198210655
0.15572845986522463
0.1556263756261118
0.15552268514954742
0.15541741413026536
0.155310588072211
0.15520223228516758
0.1550923718829762
0.15498103178171746
0.15486823669767402
0.1547540111450408
0.15463837943516875
0.15452136567436814
0.15440299376266792
0.15428328739150918
0.15416227004437602
0.15403996499378894
