0.0030699496321307303
0.003085523331157441
0.003101255907793502
0.0031171521481126014
0.0031332152185158477
0.0031494467281037324
0.003165850676734528
0.0031824314758453084
0.0031991898117996347
0.003216129253399305
0.003233254663191381
0.0032505691683688727
0.0032680759818980677
0.0032857787067935265
0.0033036818040447034
0.0033217884365251316
0.0033401029753010784
0.0033586297655324392
0.0033773731543623353
0.003396337173181179
0.0034155270498830836
0.00343494682411284
0.0034546018368051636
0.0034744969297284124
0.003494637165149003
0.00351502806165358
0.00353567508725322
0.0035565838748050638
0.0035777603487896
0.0035992104591535587
0.0036209405434959635
0.003642956951110238
0.003665266426638372
0.0036878756897122784
0.0037107919222738104
0.003734022431382614
0.003757574659192751
0.0037814564149751327
0.0038056757266033843
0.003830240907121479
0.0038551604462200182
0.0038804431946918793
0.003906098228271719
0.003932134936645442
0.003958563002985064
0.003985392440236069
0.004012633526048684
0.004040296907841556
0.004068393545956456
0.0040969347455823086
0.004125932176710275
0.004155397850419961
0.004185344174945463
0.0042157839145955936
0.004246730246812054
0.0042781967345207695
0.004310197355694009
0.0043427465042721325
0.00437585901750355
0.004409550160116778
0.00444383564863283
0.004478731661955416
0.004514254848785094
0.004550422329663376
0.004587251723063985
0.004624761137549373
0.0046629691906598615
0.004701895016525007
0.004741558272476364
0.004781979149729821
0.0048231783801092505
0.0048651772459173065
0.004907997585637551
0.004951661801876369
0.004996192870811915
0.005041614344592362
0.005087950361332046
0.00513522564760085
0.005183465527433892
0.005232695923277363
0.005282943362562914
0.00533423498008829
0.005386598522210012
0.005440062347335225
0.005494655429470693
0.005550407357608141
0.005607348337041287
0.0056655091880130305
0.005724921344508541
0.00578561685256207
0.005847628365866849
0.005910989143477946
0.005975733043662333
0.006041894518450143
0.00610950860706548
0.006178610928145979
0.006249237670721552
0.006321425584807074
0.006395211970596507
0.006470634666422374
0.0065477320364170895
0.006626542956183524
0.0067071067981495786
0.006789463415706544
0.006873653125947793
0.0069597166920202505
0.007047695303740176
0.007137630557817761
0.007229564436910091
0.007323539287383944
0.0074195977966291845
0.007517782969192715
0.007618138102152396
0.007720706759579905
0.007825532746357259
0.007932660080999245
0.008042132968153906
0.008153995770172373
0.008268292978257805
0.008385069183076596
0.008504369044851252
0.00862623726332899
0.00875071854710425
0.008877857583091002
0.009007699005528298
0.009140287365201828
0.009275667098555826
0.009413882496913726
0.009554977676002456
0.009698996545690754
0.009845982780151842
0.009995979788516879
0.010149030686012042
0.010305178265909924
0.010464464972093794
0.01062693287248211
0.01079262363344996
0.01096157849514443
0.01113383824796909
0.01130944321019471
0.011488433206767453
0.01167084754946423
0.011856725018380074
0.01204610384481038
0.0122390216956369
0.012435515659167895
0.012635622232543995
0.012839377310711605
0.013046816176965506
0.013257973495091549
0.01347288330312115
0.013691579008657575
0.013914093385792317
0.014140458573582317
0.014370706076012398
0.014604866763486116
0.014842970875679337
0.015085048025820485
0.015331127206205037
0.015581236794964195
0.01583540456392952
0.016093657687548828
0.016356022752703033
0.016622525769346932
0.016893192181840367
0.017168046880844577
0.017447114215638625
0.017730418006757107
0.01801798155875858
0.0183098276730144
0.01860597866034594
0.018906456353381427
0.01921128211844492
0.019520476866857348
0.019834061065477967
0.020152054746320522
0.020474477515122828
0.020801348558686122
0.021132686650859614
0.021468510157019772
0.021808837036907915
0.02215368484569746
0.02250307073315779
0.022857011440807814
0.02321552329695022
0.023578622209472253
0.02394632365634902
0.024318642673735607
0.024695593841625074
0.025077191266954527
0.025463448564192536
0.025854378833282298
0.0262499946350143
0.026650307963757145
0.0270553302175769
0.027465072165758875
0.027879543913794727
0.02829875486583452
0.028722713684675688
0.02915142824944661
0.029584905610929912
0.03002315194471924
0.030466172502373958
0.03091397156054033
0.031366552368313365
0.031823917093022805
0.032286066764343646
0.03275300121730356
0.0332247190340643
0.03370121748469939
0.03418249246735952
0.03466853844780718
0.03515934839866094
0.03565491373857061
0.036155224271468035
0.036660268126151425
0.037170031696547895
0.03768449958271921
0.03820365453286829
0.03872747738669993
0.039255947020283045
0.03978904029262584
0.04032673199431861
0.04086899479806196
0.04141579921200259
0.04196711353551925
0.04252290381756058
0.043083133818615824
0.04364776497516369
0.04421675636804594
0.04479006469410694
0.04536764424177402
0.04594944687009443
0.04653542199240014
0.04712551656296033
0.047719675069326256
0.04831783952779747
0.04891994948362578
0.04952594201587073
0.05013575174643763
0.05074931085369802
0.05136654909093796
0.05198739380925517
0.05261176998414003
0.0532396002483136
0.05387080492699948
0.054505302079820524
0.05514300754477155
0.05578383498762457
0.0564276959563159
0.05707449993767988
0.057724154419175146
0.05837656495380069
0.05903163522958896
0.05968926714196725
0.060349360868461016
0.061011814949220367
0.06167652636713967
0.06234339063416694
0.0630123018768351
0.0636831529263826
0.06435583541117847
0.06503023984935696
0.06570625574362318
0.0663837716802017
0.06706267542300118
0.06774285401747183
0.06842419388512228
0.06910658092772302
0.06978990062621374
0.07047403814091438
0.07115887841422881
0.0718443062679984
0.07253020650345544
0.073216464002723
0.07390296382257086
0.07458959129327657
0.07527623211431754
0.07596277244458909
0.07664909899719881
0.07733509912576617
0.078020660916881
0.07870567327045877
0.07939002598370552
0.08007360983373647
0.08075631665044258
0.08143803939392422
0.08211867222772018
0.08279811058135733
0.08347625122408879
0.08415299231838604
0.08482823348595776
0.0855018758563656
0.08617382212878237
0.08684397661062922
0.08751224526596177
0.08817853576296779
0.08884275750551454
0.0895048216701171
0.09016464123624501
0.09082213102187216
0.09147720769372604
0.09212978980423854
0.09277979779736736
0.09342715403175673
0.09407178278672856
0.09471361027683398
0.09535256464983927
0.09598857599546294
0.09662157634269897
0.09725149965441754
0.09787828183222827
0.09850186069258293
0.09912217596959112
0.09973916929186548
0.10035278418006001
0.10096296601308076
0.1015696620245364
0.10217282127368085
0.10277239462298617
0.10336833471619715
0.10396059594755426
0.10454913444678578
0.10513390803094624
0.10571487619446389
0.10629200006550846
0.10686524237960628
0.10743456744551472
0.10799994111266101
0.10856133074292805
0.10911870516248968
0.10967203464293199
0.11022129085453859
0.1107664468404581
0.11130747697682371
0.11184435693128499
0.11237706364499597
0.11290557527872115
0.11342987119309676
0.1139499319014526
0.1144657390509443
0.11497727536932148
0.11548452464835289
0.11598747171234541
0.11648610236513793
0.11698040337641506
0.117470362457643
0.11795596820966073
0.1184372101085617
0.1189140784745614
0.11938656445043175
0.11985465995232851
0.1203183576685691
0.12077765102708023
0.12123253416236963
0.12168300190221458
0.12212904974231605
0.12257067381563368
0.12300787088903618
0.12344063832464061
0.12386897407768085
0.12429287666691827
0.12471234516175615
0.1251273791520886
0.12553797876483785
0.1259441446155121
0.12634587781031095
0.12674317993197748
0.12713605302317738
0.1275244995761609
0.12790852252824234
0.12828812523506658
0.1286633114758329
0.12903408544092457
0.12940045172137374
0.12976241530012295
0.13011998154278293
0.13047315620152589
0.1308219453993355
0.13116635561080373
0.13150639370480705
0.13184206687121547
0.132173382670137
0.1325003490117845
0.1328229741421861
0.1331412666545829
0.1334552354724474
0.13376488986755422
0.1340702394254967
0.13437129407587853
0.13466806407354176
0.13496055999574427
0.13524879274155885
0.13553277353883122
0.13581251393538507
0.13608802578560786
0.13635932128558428
0.1366264129259222
0.13688931352754777
0.13714803621694882
0.13740259443411573
0.13765300193611102
0.13789927278628422
0.13814142136285862
0.13837946235034362
0.1386134107306887
0.13884328180803543
0.13906909117765737
0.13929085473712582
0.13950858870908614
0.139722309573011
0.13993203414394856
0.14013777951525788
0.14033956308414783
0.14053740251566627
0.14073131580020115
0.14092132117718373
0.14110743720339544
0.141289682694742
0.1414680767583279
0.14164263876557193
0.1418133883710071
0.14198034549905872
0.142143530325097
0.14230296330979075
0.14245866515251537
0.14261065681823668
0.1427589595195771
0.142903594720366
0.1430445841118622
0.14318194964948494
0.14331571350186365
0.14344589807318728
0.1435725259902742
0.1436956200985981
0.1438152034681952
0.14393129936873822
0.1440439312735228
0.14415312285652948
0.14425889798952185
0.14436128073020651
0.14446029530517654
0.14455596615313646
0.14464831783756166
0.14473737513423465
0.1448231629376256
0.14490570631480243
0.1449850304836059
0.14506116080066966
0.14513412274202528
0.14520394193764807
0.14527064413539223
0.14533425517598236
0.14539480104134767
0.14545230780823362
0.14550680163903373
0.14555830880412873
0.1456068556471181
0.14565246860812897
0.14569517417778438
0.14573499894125608
0.14577196951744414
0.14580611259194282
0.14583745489994968
0.14586602322577877
0.1458918443732434
0.14591494519200698
0.1459353525376903
0.14595309330189726
0.14596819438950603
0.145980682699932
0.14599058513670352
0.14599792859577387
0.146002739977751
0.14600504614642057
0.14600487395991277
0.14600225023810334
0.14599720176902675
0.1459897553198959
0.14597993757724298
0.14596777523295693
0.14595329487383288
0.14593652306410984
0.14591748627287665
0.14589621094260644
0.14587272340125465
0.14584704991400024
0.14581921670346698
0.14578924982087657
0.14575717532305604
0.14572301909258065
0.14568680696733197
0.14564856464518486
0.1456083177433598
0.14556609176113772
0.1455219120774405
0.1454758039562512
0.1454277925428258
0.14537790284711422
0.14532615977347677
