0.00006669481227227152
0.00006968715224160562
0.00007281028411877251
0.00007606969320843826
0.00007947107963987697
0.00008302036582562995
0.00008672370391685073
0.00009058748399660739
0.00009461834154735872
0.0000988231662118193
0.00010320910982286191
0.00010778359505822109
0.0001125543244909864
0.00011752928916313787
0.0001227167781161863
0.0001281253874346676
0.00013376403007390607
0.00013964194551207177
0.00014576870945222427
0.00015215424420394298
0.00015880882868926733
0.00016574310901805867
0.00017296810881538565
0.00018049524023203118
0.00018833631454674804
0.00019650355319718573
0.00020500959893292523
0.0002138675268903263
0.00022309085600148942
0.00023269356027057043
0.0002426900802551677
0.00025309533454008726
0.00026392473123246907
0.0002751941795900656
0.00028692010141329516
0.000299119442709621
0.00031180968506239274
0.00032500885712650877
0.0003387355458751954
0.0003530089078689236
0.0003678486803239874
0.00038327519197418045
0.0003993093738455599
0.00041597276972887853
0.00043328754640717176
0.000451276503607772
0.00046996308363570714
0.0004893713806504293
0.0005095261495470779
0.0005304528143885622
0.000552177476413601
0.0005747269215224816
0.0005981286271352041
0.000622410768615954
0.0006476022249073366
0.0006737325835936892
0.0007008321451708698
0.0007289319265848308
0.000758063663982568
0.0007882598145174717
0.0008195535572997764
0.0008519787934327593
0.0008855701449354926
0.0009203629527021836
0.0009563932733170245
0.000993697874740918
0.001032314230763177
0.0010722805142499194
0.0011136355890742102
0.0011564190007046027
0.001200670965411403
0.0012464323580715976
0.0012937446984299364
0.001342650135936205
0.001393191432965985
0.0014454119464624882
0.0014993556079829515
0.0015550669020480221
0.001612590842822015
0.0016719729490913748
0.0017332592174794145
0.0017964960939239204
0.0018617304433746575
0.0019290095177098587
0.001998380921862739
0.002069892578146858
0.0021435926888040313
0.002219529696767055
0.002297752244643116
0.0023783091319827194
0.0024612492707820235
0.002546621639339671
0.0026344752344415927
0.002724859021952032
0.002817821885872688
0.002913412575881504
0.0030116796535031324
0.0031126714369083515
0.003216435944472892
0.003323020837188448
0.003432473359999317
0.0035448402822235866
0.0036601678371175894
0.003778501660771552
0.003899886730424752
0.004024367302371498
0.00415198684960936
0.004282787999367982
0.004416812470709056
0.004554101012365523
0.004694693340996564
0.004838628080046209
0.004985942699404682
0.005136673456073545
0.005290855336023728
0.005448521997468452
0.0056097057157517465
0.005774437330071723
0.005942746192245781
0.0061146601177366365
0.006290205339148744
0.00646940646240766
0.00665228642583625
0.006838866462318212
0.007029166064774118
0.007223202955110464
0.007420993056858037
0.007622550471662287
0.007827887459789146
0.008037014424827316
0.008249939902692772
0.00846667055511171
0.00868721116766597
0.008911564652516404
0.009139732055896807
0.009371712570435035
0.009607503552362878
0.009847100543639268
0.010090497299007545
0.010337685817979536
0.010588656381713177
0.010843397594746439
0.011101896431507231
0.011364138287524785
0.011630107035218397
0.01189978508414075
0.012173153445517641
0.012450191800920813
0.012730878574868456
0.0130151910111503
0.013303105252647633
0.013594596424388036
0.01388963871958431
0.014188205488359673
0.014490269328875104
0.01479580218053852
0.015104775418973319
0.015417159952414475
0.01573292631917985
0.01605204478586949
0.016374485445923802
0.01670021831817677
0.01702921344503559
0.017361440989903547
0.017696871333483327
0.01803547516856923
0.018377223592975618
0.018722088200213618
0.019070041167567206
0.019421055341203954
0.019775104317971835
0.020132162523551614
0.02049220528662611
0.020855208908764317
0.021221150729710692
0.021590009187799873
0.021961763875229766
0.02233639558793622
0.022713886369849605
0.023094219551310826
0.023477379781466214
0.023863353054463587
0.024252126729313105
0.02464368954328525
0.02503803161874914
0.02543514446337675
0.02583502096367387
0.02623765537178208
0.02664304328560886
0.027051181622247844
0.027462068584809814
0.027875703622676863
0.028292087385336014
0.028711221669897462
0.029133109362444547
0.029557754373421546
0.02998516156722121
0.030415336686236832
0.03084828626958779
0.031284017566845734
0.031722538446930335
0.032163857302646114
0.03260798295106038
0.03305492453007267
0.03350469139163902
0.03395729299190165
0.03441273877859499
0.0348710380763369
0.03533219996990688
0.03579623318614001
0.03626314597476785
0.03673294598869377
0.03720564016402882
0.037681234600333284
0.03815973444167863
0.0386411437586691
0.03912546543195374
0.03961270103785133
0.04010285073603568
0.04059591316023173
0.041091885311742446
0.04159076245679202
0.0420925380273142
0.042597203526319516
0.043104748437530156
0.04361516013999112
0.04412842382759865
0.04464452243433079
0.045163436564697325
0.04568514443049677
0.046209621793308134
0.04673684191333176
0.047266775504696906
0.04779939069735067
0.04833465300509329
0.04887252530118554
0.049412967799995794
0.049955938045966077
0.05050139090876031
0.05104927858600087
0.05159955061225471
0.05215215387507832
0.052707032636729025
0.05326412856405282
0.053823380762954454
0.05438472582027399
0.0549480978515767
0.05551342855399203
0.05608064726571059
0.056649681030086996
0.05722045466579584
0.057792890841206035
0.05836691015322198
0.05894243121174928
0.059519370726590824
0.06009764359981336
0.06067716302038423
0.06125784056242828
0.0618395862861815
0.062422308842332054
0.06300591557787365
0.06359031264293956
0.06417540510131843
0.06476109704088849
0.06534729168608269
0.06593389150827901
0.06652079834073941
0.06710791348952974
0.06769513784787817
0.06828237200631661
0.06886951636468634
0.06945647124277995
0.07004313698679511
0.07062941407962967
0.07121520324361554
0.0718004055440966
0.07238492249163732
0.07296865613903282
0.07355150917647874
0.07413338502762412
0.07471418793549418
0.07529382305143897
0.07587219651875643
0.07644921555091722
0.07702478851053732
0.07759882497944552
0.07817123583054462
0.07874193329152816
0.07931083100687655
0.0798778440964942
0.08044288920728157
0.08100588456698853
0.0815667500258855
0.08212540710300618
0.08268177902153301
0.08323579074399323
0.08378736900532803
0.08433644233568746
0.08488294108802487
0.0854267974539113
0.08596794548329775
0.08650632109415206
0.08704186208293033
0.08757450813250754
0.0881042008108404
0.08863088357376077
0.08915450176286895
0.08967500259647611
0.09019233516224495
0.09070645040828915
0.0912173011234665
0.09172484192864243
0.09222902925300606
0.09272982131709726
0.09322717810747014
0.09372106135553664
0.09421143450964056
0.09469826271080471
0.0951815127594879
0.09566115308880706
0.09613715373405213
0.09660948629599175
0.09707812391501838
0.0975430412288607
0.0980042143456442
0.0984616208024541
0.09891523953478029
0.09936505083611999
0.09981103632667142
0.10025317890976647
0.10069146274439762
0.10112587320108198
0.1015563968280051
0.10198302131635495
0.10240573546497443
0.1028245291385953
0.1032393932411109
0.10365031967305592
0.10405730130406053
0.10446033193540498
0.10485940626517233
0.10525451986203355
0.10564566912395922
0.10603285126205467
0.10641606425161261
0.10679530681856016
0.1071705784025392
0.10754187912875808
0.10790920978805663
0.10827257180451258
0.10863196721117918
0.10898739862676597
0.10933886923145048
0.10968638274773027
0.11002994341513765
0.11036955596877462
0.1107052256239989
0.1110369580514753
0.11136475936436646
0.11168863609980553
0.11200859520018736
0.11232464399996213
0.11263679021032885
0.11294504190272915
0.11324940750385305
0.11354989576647385
0.11384651577790797
0.11413927693764127
0.11442818894496844
0.114713261797886
0.11499450577209312
0.11527193142890592
0.11554554958806959
0.11581537133870129
0.1160814080184218
0.1163436712131299
0.11660217275184782
0.11685692470134286
0.11710793935618968
0.11735522923800625
0.11759880709524544
0.11783868588838718
0.11807487879475324
0.118307399207927
0.11853626072590999
0.11876147714933387
0.11898306249179319
0.1192010309581824
0.11941539695392833
0.11962617508814172
0.11983338015673216
0.12003702715486668
0.12023713126474612
0.12043370786570626
0.12062677251470379
0.12081634097079556
0.1210024291681743
0.12118505323105014
0.1213642294676983
0.12153997436598207
0.12171230460228191
0.12188123702023335
0.122046788658704
0.12220897672584921
0.12236781860578845
0.12252333186036259
0.12267553422668286
0.12282444360984003
0.12297007808506755
0.12311245590867743
0.12325159548851443
0.12338751540848214
0.12352023441524701
0.12364977141513916
0.12377614547369892
0.12389937581685385
0.12401948182555125
0.12413648303479424
0.12425039912729959
0.12436124993878596
0.12446905544625932
0.12457383577269068
0.12467561118086293
0.12477440206776853
0.1248702289694445
0.12496311254856683
0.12505307360067355
0.12514013303972452
0.12522431190645364
0.12530563135449813
0.12538411265561505
0.12545977719225376
0.1255326464495241
0.125602742018599
0.1256700855915221
0.1257346989519739
0.12579660397648093
0.12585582262996686
0.12591237695652308
0.12596628908974622
0.12601758122085155
0.1260662756303235
0.12611239464781004
0.12615596068233237
0.1261969961846027
0.12623552367283933
0.12627156569861997
0.12630514487273722
0.12633628383715173
0.12636500527572228
0.12639133190248453
0.12641528645250033
0.1264368916921908
0.12645617039603743
0.1264731453596199
0.1264878393894482
0.12650027528837354
0.12651047587337086
0.12651846393999447
0.12652426228983307
0.12652789370914408
0.12652938096388594
0.12652874680103285
0.12652601394254712
0.1265212050847359
0.12651434288718738
0.12650544997210844
0.1264945489218134
0.1264816622757059
0.1264668125211555
0.12645002209144476
0.12643131336736055
0.12641070867036522
0.12638823025141413
0.1263639003023491
0.1263377409338154
0.12630977419589168
0.1262800220460512
0.1262485063743185
0.1262152489742356
0.1261802715628643
0.1261435957577882
0.12610524308892382
0.1260652349858906
0.12602359278187125
0.12598033770414607
0.1259354908800354
0.1258890733261581
0.1258411059464607
0.12579160954177035
0.125740604783619
0.12568811223414747
0.12563415234074057
0.1255787454176891
0.1255219116617995
0.12546367114821239
0.1254040438122892
0.12534304946869398
0.12528070779759537
0.1252170383432617
