0.00012803731477566138
0.00013375701974981268
0.00013972535847881813
0.00014595268177461444
0.000152449741409701
0.00015922770371296598
0.00016629816350642858
0.00017367315837526261
0.0001813651832759743
0.0001893872054825349
0.00019775267985870233
0.00020647556446989494
0.0002155703365134276
0.0002250520085761782
0.00023493614520672432
0.00024523887979695724
0.0002559769317662791
0.0002671676240382811
0.0002788289008013699
0.00029097934553895283
0.00030363819932130703
0.000316825379338466
0.0003305614976639273
0.0003448678802322
0.00035976658600506405
0.00037528042631362635
0.0003914329843518768
0.0004082486347944078
0.00042575256351795935
0.0004439707873954743
0.00046293017413733
0.00048265846214342743
0.0005031842803364333
0.0005245371679414481
0.0005467475941724649
0.0005698469777864921
0.0005938677064667973
0.0006188431559885037
0.0006448077091225368
0.000671796774231016
0.000699846803500479
0.0007289953107662402
0.0007592808888721967
0.0007907432265083089
0.0008234231244687786
0.0008573625112733648
0.0008926044580901548
0.0009291931928917757
0.0009671741137871716
0.0010065938014591125
0.0010475000306397
0.0010899417805556393
0.0011339692442746611
0.001179633836880533
0.0012269882024065594
0.0012760862194553411
0.0013269830054324174
0.0013797349193217286
0.0014343995629322766
0.0014910357805422141
0.0015497036568729908
0.0016104645133182694
0.0016733809023683534
0.0017385166001551802
0.0018059365970569798
0.0018757070863022374
0.0019478954505100757
0.0020225702461130896
0.0020998011856083057
0.0021796591175902978
0.0022622160045161926
0.0023475448981687434
0.0024357199127758877
0.0025268161957611086
0.0026209098960994787
0.0027180781302571463
0.002818398945708822
0.0029219512820208553
0.0030288149295072896
0.003139070485462672
0.00325279930799247
0.0033700834674619297
0.0034910056955973334
0.0036156493322781745
0.003744098270072811
0.0038764368965684796
0.004012750034566455
0.004153122880215817
0.004297640939166071
0.0044463899608318406
0.004599455870870244
0.0047569247019752505
0.004918882523109834
0.0050854153672959534
0.005256609158095514
0.005432549634919766
0.005613322277314754
0.005799012228371563
0.005989704217419654
0.00618548248216723
0.0063864306904548255
0.006592631861792769
0.006804168288860452
0.007021121459137261
0.007243571976855056
0.007471599485441203
0.007705282590640714
0.007944698784491538
0.008189924370334441
0.008441034389030955
0.008698102546562479
0.008961201143179356
0.009230401004262173
0.009505771413049839
0.009787380045390802
0.010075292906652716
0.010369574270930012
0.010670286622671082
0.010977490600840854
0.01129124494572285
0.01161160644845436
0.01193862990337229
0.012272368063244318
0.01261287159743318
0.012960189053043778
0.013314366819078906
0.01367544909361711
0.01404347785401997
0.0144184928301482
0.014800531480571455
0.015189628971720007
0.01558581815993598
0.015989129576350333
0.01639959141451185
0.016817229520674614
0.017242067386640258
0.017674126145045706
0.018113424566968055
0.018559979061716615
0.019013803678666483
0.019474910110991173
0.019943307701129436
0.020419003447832124
0.020902002014617196
0.021392305739468816
0.021889914645602984
0.02239482645313212
0.02290703659144883
0.023426538212164786
0.023953322202428105
0.024487377198459018
0.02502868959913586
0.0255772435794826
0.026133021103903507
0.02669600193902526
0.027266163666015933
0.027843481692252384
0.02842792926223183
0.029019477467615996
0.029618095256327536
0.030223749440615844
0.03083640470403042
0.03145602360725116
0.032082566592737546
0.03271599198817631
0.033356256008715904
0.034003312757996625
0.03465711422799429
0.03531761029771161
0.03598474873076773
0.036658475171943414
0.03733873314276144
0.03802546403618453
0.03871860711053772
0.03941809948275783
0.040123876121100216
0.04083586983743035
0.041554011279243255
0.04227822892156074
0.043008449058864515
0.043744595797228655
0.044486591046817146
0.04523435451493007
0.045987803699760674
0.0467468538850599
0.04751141813587205
0.048281407295534845
0.04905672998411658
0.04983729259847179
0.050622999314083976
0.05141375208887485
0.05220945066913448
0.053009992597739274
0.05381527322480634
0.05462518572092476
0.05543962109310804
0.056258468203583024
0.05708161379153458
0.057908942497912376
0.0587403368933892
0.059575677509553115
0.06041484287339934
0.06125770954518023
0.06210415215965191
0.06295404347075108
0.06380725439971109
0.06466365408661778
0.06552310994540236
0.06638548772223211
0.06725065155726616
0.06811846404972514
0.06898878632619669
0.06986147811211134
0.07073639780628596
0.07161340255843744
0.07249234834954593
0.07337309007493738
0.07425548162996369
0.07513937599810891
0.07602462534138199
0.07691108109282638
0.07779859405097017
0.07868701447603119
0.07957619218770112
0.08046597666430881
0.08135621714315865
0.08224676272185129
0.08313746246038485
0.08402816548380194
0.08491872108520684
0.08580897882892281
0.08669878865357122
0.08758800097488467
0.0884764667880264
0.08936403776920854
0.09025056637641385
0.09113590594902145
0.09201991080612258
0.09290243634335597
0.09378333912805405
0.09466247699253998
0.09553970912538207
0.09641489616046639
0.09728790026367741
0.0981585852170884
0.09902681650048915
0.09989246137012685
0.10075538893449855
0.10161547022715336
0.10247257827631193
0.10332658817126257
0.10417737712541938
0.10502482453596416
0.1058688120400313
0.10670922356732321
0.10754594538917533
0.1083788661639607
0.10920787697885898
0.11003287138796498
0.11085374544667795
0.11167039774244
0.11248272942177719
0.11329064421370698
0.11409404844949397
0.11489285107882424
0.11568696368242384
0.11647630048119088
0.11726077834185047
0.11804031677928556
0.11881483795553861
0.1195842666755756
0.12034853037995914
0.12110755913443287
0.12186128561657478
0.12260964509962716
0.12335257543351182
0.12409001702331571
0.12482191280516128
0.12554820821973678
0.12626885118351366
0.12698379205779708
0.12769298361577208
0.12839638100758333
0.1290939417236461
0.12978562555632997
0.1304713945600355
0.131151213009893
0.1318250473592191
0.13249286619570827
0.13315464019670062
0.13381034208345086
0.1344599465746459
0.13510343033923317
0.13574077194868636
0.13637195182885525
0.13699695221139258
0.13761575708509405
0.13822835214697132
0.13883472475339376
0.13943486387129608
0.14002876002950201
0.1406164052703413
0.14119779310165143
0.14177291844912737
0.14234177760921266
0.14290436820259417
0.14346068912825874
0.1440107405184197
0.14455452369395325
0.1450920411209674
0.14562329636799767
0.14614829406428842
0.14666703985892668
0.14717954038108227
0.1476858032012165
0.14818583679338646
0.14867965049867632
0.14916725448968485
0.1496486597362051
0.1501238779720596
0.1505929216630278
0.15105580397603152
0.15151253874945866
0.15196314046469894
0.15240762421872203
0.15284600569806342
0.1532783011537282
0.1537045273773923
0.15412470167872824
0.15453884186379221
0.1549469662145725
0.15534909346956852
0.15574524280554594
0.1561354338201442
0.15651968651572054
0.15689802128394917
0.1572704588915995
0.1576370204670682
0.1579977274879187
0.15835260176925273
0.1587016654528879
0.15904494099739133
0.15938245116881267
0.159714219032248
0.16004026794400844
0.1603606215444904
0.16067530375168626
0.16098433875530682
0.16128775101136578
0.1615855652374556
0.16187780640835447
0.16216449975214997
0.16244567074688054
0.16272134511740366
0.16299154883265107
0.16325630810348116
0.16351564938033375
0.1637695993516018
0.16401818494202208
0.16426143331125784
0.16449937185284838
0.16473202819299768
0.16495943018981354
0.16518160593248207
0.16539858374046412
0.16561039216293647
0.16581705997807367
0.16601861619247588
0.1662150900405147
0.16640651098366516
0.16659290870983975
0.1667743131325985
0.16695075439028575
0.1671222628451746
0.1672888690823773
0.16745060390872382
0.16760749835145172
0.16775958365680185
0.16790689128851055
0.16804945292601056
0.16818730046257085
0.1683204660033124
0.16844898186286694
0.16857288056309047
0.1686921948303329
0.16880695759277614
0.1689172019774527
0.1690229613069965
0.16912426909638917
0.16922115904932536
0.16931366505462522
0.1694018211820746
0.16948566167856274
0.16956522096360419
0.16964053362487824
0.16971163441366735
0.16977855823990565
0.1698413401671894
0.16990001540766045
0.16995461931653136
0.17000518738679857
0.1700517552433184
0.17009435863732075
0.17013303344017988
0.17016781563759867
0.17019874132325763
0.17022584669258128
0.1702491680363742
0.1702687417341584
0.17028460424774752
0.17029679211436113
0.17030534194005245
0.17031029039264955
0.17031167419495927
0.1703095301178105
0.17030389497297252
0.17029480560611357
0.17028229888975477
0.17026641171606247
0.17024718098975455
0.17022464362096554
0.17019883651804119
0.17016979658049491
0.1701375606917012
0.17010216571196277
0.17006364847121144
0.17002204576209298
0.16997739433290376
0.16992973088052535
0.16987909204359655
0.16982551439558863
0.16976903443792218
0.16970968859325833
0.16964751319889232
0.16958254450002608
0.16951481864329634
0.16944437167034643
0.1693712395114856
0.16929545797933943
0.16921706276290077
0.1691360894212603
0.16905257337780832
0.16896654991434637
0.16887805416535243
0.16878712111245064
0.16869378557881343
0.16859808222395264
0.16850004553826314
0.16839970983813723
0.1682971092608376
0.1681922777596844
0.16808524909928257
0.16797605685104117
0.16786473438857366
0.16775131488342643
0.1676358313009678
0.16751831639616147
0.16739880270982638
0.16727732256472813
0.167153908062007
0.1670285910775544
0.16690140325881803
0.16677237602141712
0.16664154054609806
0.16650892777574905
0.1663745684125882
0.16623849291544623
0.16610073149722707
0.16596131412242898
0.16582027050490492
0.165677630105583
0.1655334221305885
0.16538767552912337
0.16524041899185687
0.16509168094912674
0.1649414895694343
0.1647898727580492
0.16463685815566848
0.1644824731371912
0.16432674481073317
0.164169700016542
0.1640113653262433
0.16385176704206933
0.1636909311961696
0.163528883550183
0.16336564959470018
0.16320125454894463
0.1630357233606613
0.16286908070583686
0.16270135098871616
0.1625325583418652
0.1623627266263115
0.16219187943173144
0.1620200400768075
0.1618472316095908
0.16167347680802338
0.161498798180423
0.16132321796615584
0.16114675813634335
0.16096944039463124
