0.3614890598965095
0.39544338914786936
0.41581902819331207
0.4305066332409854
0.442028795458069
0.45151729224134607
0.4595795675724457
0.46658085926377263
0.4727588078912875
0.47827728272391523
0.4832544277819002
0.48777846927462515
0.4919171918186637
0.495723909253314
0.49924138450994177
0.5025044932860143
0.5055420879938729
0.5083783354735908
0.5110336983825233
0.5135256692043574
0.5158693286859226
0.5180777772040718
0.5201624725441782
0.5221334976580022
0.5239997752845972
0.5257692417237937
0.5274489888384346
0.5290453810774326
0.5305641526651709
0.5320104888983972
0.5333890946015707
0.5347042521243089
0.5359598707604618
0.5371595290828917
0.5383065113907858
0.53940383923535
0.5404542988084942
0.5414604648358822
0.5424247215021848
0.5433492808446141
0.5442361989778909
0.5450873904539242
0.5459046410108118
0.5466896189262134
0.547443885156991
0.5481689024204411
0.5488660433489259
0.5495365978320716
0.5501817796437444
0.5508027324385492
0.5514005351911015
0.5519762071414878
0.5525307123030936
0.5530649635812728
0.5535798265457708
0.554076122895482
0.5545546336482912
0.5550161020873811
0.5554612364899291
0.5558907126631428
0.5563051763101369
0.5567052452458116
0.5570915114820153
0.557464543199365
0.5578248866247131
0.5581730678282656
0.5585095944604697
0.5588349574427449
0.5591496326321024
0.5594540824778711
0.5597487576921316
0.5600340989576349
0.5603105387011955
0.5605785029655952
0.5608384134197558
0.5610906895551284
0.5613357511331274
0.5615740209587693
0.5618059280839292
0.5620319115731655
0.5622524250133933
0.5624679420053463
0.5626789629769964
0.5628860237821907
0.563089706763947
0.5632906552587785
0.563489593016979
0.5636873508004545
0.5638849037328207
0.5640834252898009
0.5642843679411446
0.5644895884096619
0.5647015516338223
0.5649236827613344
0.5651610215818365
0.565421565822311
0.5657194404454702
0.5660841682516715
0.5666009774418856
