0.1073122768763042
0.1104889159033581
0.11112641705725616
0.11087834161831331
0.11023011085437509
0.10937998590966828
0.10842363641626435
0.10741211253177028
0.1063744929363224
0.1053280684368228
0.10428339813098343
0.10324701216272324
0.102222941320038
0.10121362278220439
0.10022045642758343
0.09924415688189338
0.09828498184899716
0.09734288322692365
0.09641760878621294
0.09550877149574376
0.09461589727499506
0.09373845812558225
0.0928758952157803
0.09202763497832978
0.0911931003009166
0.090371718241318
0.08956292526491196
0.08876617070709512
0.0879809189601752
0.08720665074185045
0.08644286370357378
0.08568907256521284
0.08494480891241343
0.08420962075564431
0.08348307192358542
0.0827647413438608
0.08205422224944203
0.08135112133892834
0.08065505791027752
0.07996566298231494
0.07928257841327518
0.07860545602287261
0.07793395672129468
0.07726774964699638
0.07660651131334509
0.07594992476313978
0.07529767872920923
0.07464946679790593
0.07400498657252717
0.07336393883227714
0.07272602668204686
0.07209095468782646
0.0714584279917801
0.07082815140037435
0.0701998284375727
0.06957316035577622
0.0689478450937029
0.06832357617154682
0.06770004151054008
0.0670769221629872
0.06645389093681306
0.06583061089518792
0.06520673370977965
0.06458189784131407
0.06395572651764289
0.06332782547165773
0.06269778039737918
0.06206515407032841
0.061429483070342863
0.060790274029200016
0.06014699930905711
0.05949909199488825
0.05884594005743715
0.05818687950422933
0.05752118629022149
0.056848066697481305
0.05616664580858294
0.05547595358776126
0.05477490793060525
0.05406229383759351
0.053336737570510995
0.0525966742385847
0.05184030666847409
0.051065552534777056
0.05026997541478587
0.049450693430529206
0.04860425598310605
0.04772647397620145
0.04681218040557554
0.045854883386975354
0.044846246863164047
0.04377528302621684
0.042627036492679266
0.04138031248188432
0.040003452481872835
0.03844566381259935
0.03661656537234183
0.0343263695161257
0.031025886351438926
