0.08987692438472812
0.06911997087244173
0.05705184419740439
0.048932710657602484
0.043013065899975104
0.03846375817908169
0.03483414016129559
0.03185601245157572
0.02935885417083823
0.027228586603179044
0.025385719844240262
0.023772982222766664
0.02234793811768938
0.021078386879776714
0.01993938826147081
0.018911278194124612
0.017978308724364025
0.017127693275704403
0.01634892213595531
0.015633262347755677
0.014973386084100683
0.014363090240350495
0.013797081892183878
0.013270812054163804
0.012780345361307179
0.012322256816381503
0.011893549174296473
0.011491586236424498
0.011114038536482448
0.010758838769829098
0.01042414495197011
0.010108309759290402
0.009809854853046482
0.009527449249171852
0.009259890995356276
0.009006091568733807
0.008765062525233193
0.008535904022943968
0.00831779491331155
0.008109984151085296
0.007911783318219642
0.00772256009322081
0.007541732526522472
0.007368764005073592
0.007203158809632536
0.007044458182105189
0.006892236834597272
0.006746099841248572
0.006605679863683964
0.006470634666422238
0.006340644887111447
0.006215412029105176
0.006094656649706158
0.0059781167206493365
0.005865546139672756
0.005756713375719867
0.005651400231131315
0.005549400709307809
0.005450519970935585
0.005354573372377241
0.005261385572380657
0.00517078969967705
0.005082626573883713
0.004996743968243262
0.004912995912767645
0.004831242019768508
0.004751346835305078
0.004673179209202259
0.004596611663760555
0.004521519753394504
0.004447781436741047
0.004375276407778745
0.004303885376113228
0.004233489356884045
0.004163968810133867
0.004095202765714362
0.004027067793378064
0.003959436806509526
0.003892177730076593
0.0038251517970462755
0.0037582117450920115
0.003691199095975008
0.0036239415615537812
0.0035562487675515854
0.003487907609461295
0.0034186757814459894
0.0033482730046336274
0.0032763687905176964
0.0032025670900126856
0.0031263799798692924
0.003047193552066214
0.0029642093565517046
0.0028763612863505752
0.002782131054405111
0.002679351321231003
0.0025645016720557395
0.0024305099403971538
0.002265771303541848
0.0020835388606864117
