0.13917368207820172
0.11805555206736715
0.10329679239227825
0.09203856922813342
0.08302644246635192
0.07557976935756071
0.06928392627633
0.06386691545291784
0.05914072202390022
0.05497016470798625
0.0512549904241721
0.04791895230264541
0.0449028302726896
0.04215980018751309
0.039652264033568606
0.0373496224216135
0.03522667352126677
0.03326243945964411
0.03143929108578364
0.02974228517408217
0.028158655576643786
0.026677417710568023
0.025289057673108326
0.02398528536656895
0.022758836608415038
0.02160331313280012
0.020513052192644342
0.019483019497021015
0.018508720700632628
0.017586127758836303
0.016711617281748116
0.015881918640255926
0.015094070048664466
0.0143453812113918
0.013633401402088779
0.012955892062859822
0.012310803183614473
0.011696252857978512
0.011110509520772558
0.010551976459059526
0.010019178258809196
0.009510748905979846
0.009025421306983627
0.00856201803128626
0.008119443109916096
0.0076966747492834406
0.007292758840936065
0.006906803165538696
0.006537972204143446
0.0061854824821672314
0.005848598381931502
0.005526628368401654
0.005218921580214855
0.004924864744424059
0.0046438793787762144
0.0043754192499672944
0.0041189680602654
0.003874037338307423
0.003640164512797639
0.003416911150384158
0.00320386134117523
0.003000620217276783
0.0028068125913865215
0.002622081703938859
0.002446088068549872
0.002278508406640629
0.002119034663078066
0.0019673730955427917
0.001823243431082888
0.0016863780839886959
0.0015565214297144575
0.0014334291300949792
0.00131686750557931
0.0012066129506143558
0.0011024513886862225
0.001004177763855253
0.0009115955659244848
0.000824516386646695
0.0007427595046099468
0.0006661514966734204
0.0005945258740152474
0.0005277227410366813
0.0004655884755433682
0.0004079754287725801
0.0003547416440000392
0.0003057505925960482
0.0002608709265662566
0.00021997624676678795
0.0001829448861798139
0.00014965970786652666
0.0001200079175263064
0.00009388089105681213
0.00007117401821718204
0.000051786564748716855
0.00003562155760380005
0.000022585702666580294
0.000012589355345357832
5.5465946952525e-6
1.37556164189809e-6
