0.11859217483379862
0.09856302100105269
0.08573172959804491
0.07651731452445457
0.0694762359258004
0.06387090635771231
0.05927415236993961
0.05541788100790682
0.052123938126555566
0.04926868472065555
0.04676331023112087
0.044542198647786906
0.042555712462720205
0.040765537113316055
0.03914157720419668
0.03765982881477905
0.03630088546002965
0.03504886674362241
0.033890635747729055
0.032815217826478754
0.03181336252627597
0.030877208932162663
0.030000026887837154
0.02917601464505612
0.02840013900993107
0.02766800786345508
0.026975767607347316
0.02632001998914378
0.02569775413214531
0.025106290596489004
0.024543235035632275
0.024006439562520056
0.023493970353467158
0.023004080331893703
0.022535186014493162
0.022085847787956563
0.02165475302859079
0.021240701590081592
0.02084259327364341
0.020459416965341166
0.02009024118167443
0.019734205809683332
0.019390514864269362
0.019058430114923322
0.018737265458176965
0.01842638193171398
0.01812518328230435
0.017833112013057387
0.01754964584653539
0.017274294549483073
0.017006597072559044
0.016746118964848337
0.01649245002830835
0.01624520218177629
0.016004007507869882
0.015768516459380738
0.015538396204180622
0.015313329090021924
0.015093011212276745
0.01487715106899164
0.014665468289010835
0.01445769241931022
0.014253561758550666
0.014052822223883009
0.013855226237926899
0.013660531622555474
0.013468500485209449
0.013278898082227823
0.013091491642091621
0.012906049129021779
0.012722337924099799
0.012540123397000705
0.012359167336377354
0.012179226198630612
0.012000049126723583
0.011821375677072695
0.011642933176053374
0.011464433605503541
0.011285569884922098
0.011106011376447957
0.010925398379021565
0.010743335293740126
0.010559382022069207
0.010373042980004382
0.010183752846571881
0.009990857753726668
0.009793589991540317
0.009591033260658136
0.009382073775955457
0.009165329541398554
0.0089390446691122
0.008700925278253382
0.008447872523258642
0.00817552234560247
0.007877391000964178
0.007543124432483823
0.00715437680879856
0.006672788270512189
0.005987917519541263
