0.00004493660368050243
0.00004695289103828983
0.000049057583006909285
0.000051253943620242266
0.00005354571682812595
0.00005593743297805444
0.00005843272721238791
0.00006103569745690716
0.00006375143711847108
0.00006658410125901024
0.00006953880344619672
0.00007262008655140669
0.00007583348577818209
0.00007918419471142861
0.00008267767507125518
0.00008631995686282191
0.00009011671088868932
0.0000940742148851199
0.00009819887512758368
0.00010249735211724077
0.00010697643778022237
0.00011164324416840907
0.00011650505855255377
0.00012156960465315388
0.00012684463210607807
0.00013233829419843253
0.00013805896423185984
0.00014401541179099987
0.0001502165041930085
0.00015667151255226692
0.00016339002761484725
0.00017038188031492035
0.00017765727665650438
0.00018522669127896108
0.00019310097891459823
0.00020129125328383518
0.0002098090720755165
0.00021866621291294816
0.00022787491498605744
0.0002374477193740836
0.00024739753490171694
0.0002577376722036822
0.00026848176688436937
0.00027964386065918535
0.0002912383807061941
0.0003032801371401877
0.0003157843407208977
0.00032876659602643066
0.00034224289524843016
0.0003562296585328748
0.0003707436816951935
0.00038580220715450517
0.00040142285498752616
0.00041762367810992595
0.00043442313477859147
0.00045184009908091536
0.0004698938674578592
0.0004886041359947092
0.0005079910248697039
0.00052807506366505
0.0005488771902710631
0.0005704187500456764
0.0005927214940916618
0.0006158075688817014
0.0006396995218705704
0.0006644202869042589
0.000689993184172099
0.0007164419137399172
0.0007437905422833248
0.0007720635054376571
0.0008012855943877482
0.0008314819443530037
0.000862678032030745
0.0008948996610081768
0.0009281729524962287
0.0009625243360934438
0.0009979805356909166
0.001034568559382313
0.0010723156894475018
0.0011112494646348114
0.001151397672707008
0.0011927883337399092
0.0012354496880233917
0.0012794101821840514
0.001324698456153161
0.0013713433277329232
0.0014193737810064284
0.0014688189500836426
0.0015197081062763669
0.0015720706446262214
0.0016259360702893368
0.0016813339846720823
0.001738294072332277
0.0017968460890837178
0.0018570198486647272
0.001918845210609652
0.001982352070373657
0.0020475703465161733
0.0021145299706044882
0.0021832608782080534
0.0022537929988539615
0.0023261562473744822
0.002400380516557692
0.002476495669086662
0.0025545315315629556
0.0026345178878938525
0.002716484474874951
0.0028004609766618346
0.0028864770217709537
0.0029745621791162236
0.003064745955947267
0.0031570577954568887
0.003251527075267428
0.0033481831068000044
0.0034470551347013413
0.003548172336622034
0.00365156382380921
0.0037572586417084636
0.0038652857708765943
0.003975674128309592
0.004088452568640997
0.004203649885578628
0.0043212948135732425
0.004441416028950438
0.004564042151554332
0.004689201745900111
0.00481692332221995
0.004947235337225156
0.005080166194755442
0.005215744245858596
0.0053539977887931915
0.00549495506830933
0.005638644274822189
0.005785093542917658
0.005934330949575451
0.00608638451183215
0.006241282183957741
0.006399051854299672
0.0065597213415988405
0.006723318390845062
0.00688987066884016
0.007059405759314178
0.007231951157728475
0.007407534265722172
0.00758618238544722
0.00776792271357609
0.007952782335166912
0.008140788217509572
0.00833196720384315
0.00852634600714498
0.008723951203963855
0.008924809228418977
0.00912894636635107
0.009336388749721983
0.009547162351348702
0.009761292979944533
0.009978806275580582
0.010199727705579786
0.010424082560840446
0.010651895952749223
0.010883192810533258
0.01111799787922073
0.011356335718128604
0.011598230699912778
0.011843707010173718
0.01209278864763015
0.012345499424768971
0.012601862969025223
0.012861902724402723
0.013125641953514676
0.013393103739952112
0.013664310990992468
0.013939286440472678
0.014218052651872952
0.014500632021405698
0.014787046781116114
0.01507731900184941
0.015371470595959655
0.01566952331974326
0.0159714987753709
0.016277418412302607
0.016587303528000218
0.01690117526786419
0.01721905462423044
0.017540962434375973
0.01786691937731488
0.01819694596937519
0.01853106255834504
0.018869289316158187
0.019211646229922608
0.019558153091304518
0.019908829484022766
0.020263694769509077
0.020622768070552865
0.020986068252888665
0.021353613904627883
0.021725423313594283
0.02210151444229433
0.02248190490073384
0.022866611916812076
0.023255652304600822
0.02364904242997306
0.02404679817433771
0.02444893489572476
0.02485546738775071
0.02526640983649907
0.025681775774973596
0.02610157803563762
0.02652582870111669
0.0269545390524191
0.027387719516176856
0.02782537960951422
0.028267527883554314
0.028714171865838464
0.029165318001050194
0.029620971590858906
0.03008113673285598
0.030545816258560732
0.031015011671241703
0.03148872308286032
0.03196694915112125
0.032449687017030104
0.03293693224167307
0.033428678744218024
0.033924918740528304
0.03442564268262152
0.034930839198643024
0.03544049503590478
0.03595459500294118
0.03647312191576911
0.03699605654499212
0.03752337756422016
0.03805506150393473
0.03859108270384478
0.039131413271683915
0.03967602304265174
0.0402248795436765
0.040777947959918834
0.0413351911045601
0.04189656939375274
0.04246204082376536
0.04303156095262196
0.04360508288770442
0.044182557273493114
0.04476393228601092
0.04534915363305522
0.04593816455452527
0.0465309058340633
0.04712731580364266
0.047727330368338594
0.04833088302083956
0.048937904868750284
0.04954832466610964
0.050162068842596094
0.05077906154801815
0.0513992246900701
0.052022477987399
0.05264873901105129
0.05327792325073338
0.05390994416374459
0.05454471324603734
0.05518214009396042
0.055822132476009534
0.056464596405790365
0.05710943621610789
0.057756554640476895
0.0584058528985013
0.059057230774452484
0.05971058670444659
0.06036581787347875
0.061022820297756776
0.061681488923557404
0.062341717715796684
0.0630033997579125
0.0636664273510075
0.06433069210485935
0.06499608503621283
0.06566249667930844
0.06632981716452623
0.06699793633608044
0.06766674383387926
0.06833612920465672
0.0690059820000074
0.0696761918439121
0.07034664857316218
0.07101724229354814
0.07168786348165217
0.07235840309485551
0.07302875262407874
0.07369880420703726
0.07436845070928526
0.07503758579348165
0.07570610399892762
0.07637390084723843
0.07704087286914925
0.07770691770902646
0.07837193418320831
0.07903582234573035
0.07969848354522972
0.08035982048549511
0.08101973728813795
0.08167813953432473
0.08233493432426335
0.08299003028656085
0.08364333768717036
0.08429476841962427
0.08494423601353383
0.08559165576140162
0.08623694463897642
0.08688002139842267
0.08752080657613773
0.08815922249759389
0.08879519330169483
0.08942864495235349
0.09005950524050213
0.09068770381167386
0.09131317215893955
0.091935843596751
0.09255565329640021
0.09317253827913148
0.09378643736799042
0.09439729123121463
0.0950050423463139
0.09560963498046961
0.09621101516230345
0.09680913072548557
0.09740393121964361
0.09799536790746417
0.09858339376813359
0.09916796345092863
0.09974903326891342
0.10032656112143325
0.10090050650793769
0.10147083054140864
0.10203749580584691
0.10260046644260595
0.10315970802390192
0.10371518757962146
0.10426687356084678
0.10481473577241252
0.10535874541153972
0.10589887490713856
0.10643509800357588
0.10696738972560847
0.10749572625539786
0.10802008496239374
0.1085404443693038
0.1090567841245712
0.10956908492971651
0.1100773285608092
0.11058149778629936
0.11108157635387472
0.11157754901853204
0.11206940138277029
0.11255712001896014
0.11304069231974616
0.1135201065348522
0.11399535172705977
0.11446641778250333
0.11493329524604658
0.11539597552469556
0.11585445064917604
0.11630871339832796
0.11675875716078579
0.1172045760500743
0.11764616474960626
0.11808351854762884
0.11851663335388045
0.11894550561435564
0.11937013237152166
0.11979051118384194
0.12020664011906401
0.12061851770010619
0.121026143106414
0.1214295158350793
0.12182863592135935
0.1222235038572081
0.12261412055149568
0.12300048734384816
0.12338260603596952
0.12376047884865429
0.1241341083497647
0.12450349755433501
0.12486864986464236
0.12522956900558938
0.12558625921637548
0.1259387249593698
0.12628697117586435
0.12663100307303676
0.12697082626414427
0.12730644677433042
0.12763787090369838
0.1279651052673209
0.1282881568986019
0.1286070331258847
0.1289217416253954
0.12923229048495474
0.12953868789472095
0.12984094269217544
0.13013906378630513
0.1304330605102941
0.130722942561211
0.1310087198752722
0.13129040275211099
0.13156800187247505
0.13184152808874824
0.13211099269007132
0.13237640727969568
0.13263778372083732
0.13289513423501723
0.13314847126255067
0.13339780775217305
0.13364315673165927
0.13388453169696277
0.13412194641148903
0.13435541497228798
0.13458495164960635
0.1348105711731496
0.13503228854677835
0.135250118989068
0.1354640781077016
0.13567418171735635
0.13588044601546267
0.13608288741454796
0.13628152273233168
0.1364763689315366
0.1366674433270415
0.13685476350854886
0.13703834742594645
0.13721821305388787
0.13739437895774415
0.13756686374486776
0.13773568640427525
0.13790086613382568
0.13806242232676116
0.13822037483121147
0.13837474355063203
0.13852554868774347
0.13867281071046972
0.13881655032217868
0.13895678845002143
0.13909354617655145
0.13922684503019192
0.13935670649716692
0.13948315241291434
0.13960620472731858
0.1397258857422467
0.13984221784875464
0.13995522370835667
0.14006492595695205
0.1401713477798817
0.14027451216564418
0.14037444250946257
0.14047116231565743
0.14056469521756557
0.1406550649494338
0.14074229552582324
0.14082641101540908
0.1409074356679484
0.14098539383949849
0.14106030996512833
0.14113220864070447
0.14120111465019633
0.14126705270436468
0.14133004779813974
0.14139012490722025
0.14144730908585407
0.14150162553259849
0.14155309951017805
0.14160175632625763
0.1416476213936863
0.1416907201312124
0.14173107802682142
0.14176872061559073
0.14180367343286227
0.14183596221180228
0.14186561244733772
0.14189264987269
0.14191710019965714
0.14193898904914484
0.1419583421644681
0.14197518522073946
0.14198954394669425
0.14200144394961228
0.14201091094592466
0.14201797053890747
0.14202264831066463
0.14202496996633301
0.14202496097096284
0.14202264684538576
0.14201805303174636
0.14201120498250405
0.14200212795877412
0.14199084736499715
0.14197738834993415
0.1419617760932069
0.14194403573175285
0.14192419225640615
0.14190227045487092
0.14187829528272003
