0.18368108110292308
0.17245891450729572
0.16389539163730368
0.15691837182918073
0.15101084434125628
0.145883758776945
0.14135595704796153
0.13730475558706845
0.13364241891757098
0.13030364167656744
0.12723830501584252
0.12440700576115456
0.12177815346621718
0.11932600726497011
0.11702930337906144
0.11487026866478153
0.11283389487653057
0.11090739397551341
0.10907978219679937
0.10734155760469535
0.10568444676946324
0.1041012033739194
0.10258544639356515
0.10113152882092846
0.09973443023737365
0.09838966819868021
0.0970932246045549
0.09584148410575773
0.09463118225915543
0.09345936163465182
0.09232333445300432
0.09122065062126934
0.0901490702553831
0.08910653995327057
0.08809117221868919
0.08710122754442876
0.08613509874998687
0.08519129723828442
0.08426844089207985
0.08336524337628491
0.08248050464956791
0.08161310251912784
0.08076198509763044
0.07992616404209127
0.07910470847170953
0.07829673947603326
0.07750142513679598
0.07671797599679428
0.07594564091754068
0.07518370327444025
0.07443147744408626
0.07368830554312202
0.07295355438212556
0.0722266126012268
0.07150688795675805
0.07079380473023388
0.07008680123237133
0.06938532737575676
0.06868884229012653
0.06799681195402586
0.06730870681587256
0.06662399937604302
0.06594216169951923
0.06526266282571858
0.06458496603826046
0.06390852595237656
0.06323278537121906
0.06255717185407589
0.06188109392902406
0.0612039368692511
0.06052505793527637
0.059843780963577856
0.05915939015413988
0.0584711228731747
0.057778161239880096
0.05707962220371304
0.05637454573561778
0.05566188064510184
0.05494046738329007
0.054209016983183395
0.053466084996635965
0.05271003887410572
0.05193901663736713
0.05115087382075293
0.05034311434630184
0.04951279899065534
0.04865642194623615
0.04776974087558369
0.04684753732856078
0.04588326959162287
0.044868553207792476
0.04379235319141616
0.042639667964937185
0.04138925725433168
0.0400094173783223
0.03844931030650472
0.03661850860415004
0.03432717593337073
0.031026068326612054
