0.08007132882005974
0.059723416792709795
0.04830972870483477
0.04078967623234855
0.035376728813433636
0.03125019460608594
0.02797453987350337
0.025295252021582674
0.02305276602904419
0.021141480271495046
0.01948842563364578
0.018041372382345676
0.016761822216365175
0.01562068614489836
0.014595514422617332
0.013668661847237746
0.012826037432625252
0.012056230776674125
0.011349888013384152
0.010699257204702637
0.010097851290465204
0.009540194209243987
0.009021626909580766
0.008538157184405724
0.0080863420440722
0.007663194574918101
0.007266109451092394
0.006892802818373628
0.006541263368040447
0.006209712207772157
0.005896569711035584
0.005600427948694569
0.005320027620856998
0.005054238643047037
0.004802043720486956
0.004562524380645643
0.004334849040695139
0.004118262768797887
0.003912078463033944
0.003715669221771364
0.003528461721229439
0.0033499304478658556
0.0031795926580416457
0.0030170039618284076
0.0028617544407215966
0.0027134652261118076
0.0025717854774353296
0.0024363897042685885
0.002306975390127807
0.002183260878208186
0.0020649834863515153
0.0019518978227164136
0.0018437742801072094
0.001740397682290803
0.0016415660728140106
0.001547089621558017
0.001456789640564015
0.0013704976965169678
0.0012880548073703705
0.0012093107156411543
0.001134123228262179
0.001062357621858841
0.0009938860932054657
0.0009285872707927857
0.0008663457594551971
0.0008070517253997993
0.000750600531315583
0.0006968923776819221
0.0006458319993824085
0.0005973283678250398
0.0005512944365977104
0.0005076468776463866
0.00046630587596022767
0.00042719491650180163
0.0003902405878502182
0.0003553724083266752
0.0003225226679828607
0.00029162625852341607
0.00026262057586578716
0.00023544532693255729
0.0002100424583253395
0.0001863560310471798
0.00016433209113496402
0.00014391862187632
0.00012506538884907097
0.00010772389516767764
0.00009184730112062769
0.00007739030977466495
0.00006430933082822209
0.00005256161569689688
0.00004210624392372306
0.00003290422254736125
0.000024915913861888372
0.000018104942357840397
0.000012436089854217314
7.867571699983257e-6
4.384513222100992e-6
1.975184952623539e-6
4.867158653840979e-7
