0.00006669543648337238
0.00006968786345612705
0.00007281109433782826
0.0000760706160671004
0.00007947213062778515
0.00008302156253454685
0.00008672506632217682
0.00009058903477442602
0.00009462010643422385
0.00009882517441011697
0.00010321139446099968
0.0001077861937076505
0.00011255727975224321
0.00011753264932654136
0.00012272059790743314
0.00012812993011721265
0.00013376914886429998
0.00013964772118733664
0.0001457752331877305
0.00015216161893719096
0.00015881730475149287
0.00016575267316792656
0.00017297902420965056
0.00018050755207209634
0.00018835031035208965
0.00019651943259952273
0.00020502759066988124
0.00021388789209392047
0.0002231139624873944
0.00023271973483939305
0.00024271975626554034
0.00025312892757987904
0.0002639627668432216
0.000275237236741922
0.0002869688217205308
0.0002991745809158277
0.00031187203250896724
0.00032507933554499634
0.00033881520969907
0.0003530989201312953
0.00036795035771578557
0.00038339001557203536
0.00039943897943393197
0.0004161190153501006
0.00043345252527648786
0.000451462542937197
0.0004701728068200482
0.0004896077121091174
0.0005097923757185755
0.0005307526110597859
0.0005525149554376379
0.0005751066795210093
0.0005985557863426607
0.0006228910666955567
0.0006481420699426064
0.0006743391075596673
0.0007015133174996791
0.000729696623581131
0.0007589217706321671
0.0007892223371722003
0.0008206327467403398
0.0008531882670287306
0.000886925039336179
0.0009218800807938571
0.0009580913026391834
0.0009955975037333072
0.0010344384214010772
0.0010746547001140962
0.0011162879401032282
0.0011593806866130579
0.0012039764589504517
0.0012501197555731798
0.0012978560811176118
0.0013472319499457353
0.0013982949028834564
0.0014510935382369035
0.0015056775134758213
0.0015620975789990687
0.0016204055881249002
0.0016806545231489226
0.0017428985175500639
0.0018071928854395867
0.0018735941381817498
0.0019421600225191665
0.002012949540679715
0.0020860229923992486
0.002161441997052576
0.002239269538930055
0.0023195699965806336
0.002402409191524579
0.0024878544222274534
0.0025759745144826583
0.00266683986579763
0.0027605224948672037
0.002857096094689342
0.0029566360869967144
0.0030592196771262155
0.003164925916846754
0.0032738357631204858
0.003386032143314088
0.003501600022120951
0.003620626469020122
0.0037432007284643313
0.0038694142928313085
0.003999360975138019
0.004133136983631518
0.004270840999402262
0.004412574250588116
0.004558440590990739
0.00470854657579451
0.004863001539496612
0.005021917669698655
0.005185410083699802
0.00535359689914575
0.0055265993055606455
0.005704541631678697
0.005887551409474844
0.006075759434386752
0.006269299820640416
0.00646831005262689
0.006672931028926345
0.006883307100879541
0.0070995861036620336
0.007321919380518204
0.007550461797476802
0.007785371750371922
0.008026811161578114
0.008274945467030208
0.00852994359292338
0.008791977920559448
0.009061224240129203
0.00933786169251176
0.00962207269820678
0.009914042873673208
0.010213960934569636
0.010522018585601806
0.010838410396568198
0.0111633336650986
0.011496988265172231
0.011839576482175826
0.012191302834084995
0.012552373879155466
0.012922998010018777
0.013303385235035714
0.013693746946370005
0.014094295676398541
0.01450524484140849
0.01492680847477448
0.015359200948964459
0.015802636687541817
0.016257329867989993
0.016723494116074225
0.01720134219229654
0.017691085671765663
0.018192934618117978
0.018707097252477763
0.019233779618665518
0.019773185245266927
0.020325514806077333
0.020890965779525806
0.021469732108471633
0.022062003861275332
0.022667966895124132
0.023287802522856522
0.023921687184207778
0.024569792122368744
0.0252322830670763
0.02590931992500039
0.026601056478367316
0.027307640092774966
0.02802921143495587
0.028765904201186993
0.029517844857323887
0.03028515239079432
0.03106793807545246
0.03186630524966189
0.03268034910817898
0.03351015650823799
0.03435580579024744
0.035217366613339025
0.03609489980602047
0.0369884572321543
0.03789808167230406
0.038823806720621336
0.03976565669706506
0.040723646575156563
0.0416977819248529
0.04268805887069104
0.04369446406466734
0.04471697467385119
0.04575555838220939
0.046810173406485474
0.04788076852555719
0.048967283123013294
0.0500696472423947
0.051187781654658565
0.05232159793740268
0.05347099856523659
0.05463587701088085
0.055816117856327896
0.057011596913706164
0.058222181354967616
0.05944772985019327
0.060688092713744264
0.06194311205767206
0.06321262195199233
0.06449644859130745
0.06579441046683702
0.06710631854397552
0.06843197644435403
0.0697711806322294
0.07112372060445775
0.07248937908391032
0.07386793221586659
0.07525914976650828
0.07666279532381448
0.07807862650025026
0.07950639513635102
0.08094584750609864
0.0823967245223522
0.0838587619435012
0.0853316905795646
0.0868152364993438
0.08830912123641685
0.0898130619954593
0.09132677185763091
0.09284995998579418
0.09438233182825055
0.09592358932247395
0.09747343109685748
0.09903155267211997
0.10059764666136797
0.10217140296867694
0.10375250898649233
0.10534064979266487
0.10693550834429487
0.10853676567195145
0.11014410107127673
0.11175719229466022
0.11337571573979235
0.11499934663781523
0.1166277592393984
0.11826062700143725
0.11989762276842054
0.12153841895662108
0.12318268773388118
0.12483010119839505
0.12648033155775137
0.12813305130417268
0.1297879333900535
0.13144465140003148
0.13310287972300228
0.13476229372292767
0.13642256990514248
0.1380833860848337
0.13974442154973082
0.14140535722385905
0.14306587582832037
0.1447256620405306
0.1463844026494877
0.14804178671028884
0.1496975056988843
0.15135125365940924
0.15300272735230488
0.15465162639734856
0.15629765342029733
0.15794051418711894
0.15957991774443525
0.16121557654886165
0.1628472066011214
0.16447452757124842
0.1660972629207958
0.1677151400279107
0.16932789029666245
0.17093524927574527
0.17253695676614197
0.17413275692354646
0.1757223983624894
0.17730563425434914
0.17888222241301643
0.1804519253920486
0.18201451056346213
0.18356975019674607
0.18511742153761607
0.18665730687264973
0.18818919360084926
0.18971287428838665
0.19122814672821384
0.19273481399006878
0.1942326844646112
0.19572157190953232
0.19720129547727022
0.19867167975579966
0.20013255478595673
0.20158375608923446
0.2030251246824589
0.20445650708395693
0.20587775532930697
0.20728872696323486
0.208689285045181
0.2100792981331234
0.21145864027758515
0.21282719100225686
0.21418483527755075
0.2155314635039921
0.21686697147510633
0.21819126034023717
0.21950423657293147
0.22080581192439616
0.22209590337238017
0.2233744330833203
0.22464132834215997
0.22589652150709894
0.22713994994047268
0.22837155595204006
0.22959128672486417
0.23079909425047213
0.2319949352485269
0.23317877110194604
0.23435056777155822
0.23551029571426196
0.23665792981095404
0.23779344926566387
0.2389168375381134
0.24002808223887095
0.24112717505413772
0.24221411164329418
0.24328889155719707
0.2443515181340287
0.24540199842162766
0.24644034306267992
0.2474665662165544
0.24848068545845936
0.24948272167990132
0.2504726989912306
0.25145064463949374
0.25241658889317614
0.25337056496391724
0.2543126088960781
0.25524275947964514
0.25616105816020157
0.2570675489310003
0.2579622782608326
0.2588452949696765
0.2597166501777784
0.2605763971814682
0.26142459138137997
0.26226129019551875
0.26308655295757366
0.2639004408448499
0.2647030167927124
0.2654943454096036
0.26627449289786803
0.267043526966406
0.2678015167614666
0.26854853279133817
0.2692846468417724
0.2700099319163581
0.2707244621532021
0.2714283127581925
0.272121559942306
0.27280428085019454
0.27347655349660227
0.2741384567099036
0.2747900700526502
0.27543147379875926
0.27606274883281845
0.27668397661874594
0.2772952391500367
0.2778966188791538
0.27848819869320457
0.27907006182905586
0.2796422918687339
0.28020497265409633
0.28075818827350574
0.28130202300671053
0.281836561282407
0.2823618876400526
0.28287808670212666
0.2833852431306345
0.28388344158408824
0.28437276670770617
0.2848533030841627
0.2853251351976656
0.28578834742403664
0.2862430240011684
0.28668924897575443
0.2871271062194101
0.2875566793805572
0.28797805185157976
0.2883913067792938
0.28879652701435915
0.2891937951150996
0.28958319330463683
0.2899648034923493
0.2903387072029583
0.2907049856154198
0.29106371951480714
0.29141498928874093
0.2917588749217344
0.2920954559618302
0.2924248115518207
0.2927470203574889
0.2930621606097538
0.2933703100791611
0.2936715460608481
0.2939659453690502
0.29425358434227644
0.2945345388288131
0.294808884155053
0.2950766951775695
0.29533804622360543
0.2955930111102018
0.2958416631425887
0.2960840751073761
0.2963203192620567
0.29655046733890295
0.2967745905393472
0.2969927595404058
0.2972050444759136
0.2974115149541614
0.2976122400413008
0.29780728826724406
0.29799672763007484
0.2981806255798139
0.2983590490367167
0.2985320643724175
0.2986997374324264
0.29886213351241453
0.2990193173803301
0.29917135325862876
0.29931830483311594
0.29946023526262455
0.29959720716532007
0.29972928262257814
0.2998565231916193
0.2999789898956128
0.3000967432263718
0.30020984315656735
0.30031834911154454
0.30042232002800284
0.30052181428162894
0.30061688976391737
0.3007076038117998
0.30079401327900895
0.3008761744756552
0.3009541432321119
0.30102797483844085
0.30109772409536756
0.30116344528548156
0.30122519219037647
0.3012830181025611
0.301336975797884
0.3013871175762167
0.301433495228055
0.3014761600491755
0.3015151628634563
0.30155055398007924
0.30158238326053594
0.3016107000550796
0.30163555324071667
0.30165699122516226
0.30167506193807314
0.3016898128372345
0.3017012909039836
0.3017095426600948
0.3017146141631868
0.301716551006799
0.3017153983205931
0.30171120078358676
0.30170400262360764
0.3016938476086108
0.301680779055042
0.30166483984738535
0.3016460724082708
0.30162451874095214
0.3016002203806266
0.3015732184577048
0.30154355364035373
0.30151126619147284
0.3014763959225178
0.3014389822381497
0.3013990641071929
0.30135668008638244
0.3013118683080934
0.3012646664975427
0.3012151119567121
0.301163241584662
0.30110909187835583
0.3010526989100944
0.30099409838053853
0.3009333255741899
0.3008704153682036
0.3008054022705524
0.30073832038335196
0.3006692034116385
0.30059808469941673
0.30052499718833453
0.3004499734454116
0.30037304566553863
