0.0030699497722118836
0.0030855234908454755
0.0031012560898055134
0.003117152355537694
0.0031332154548654356
0.0031494469973687286
0.003165850983449168
0.0031824318251606125
0.0031991902095656103
0.0032161297062583663
0.003233255178684602
0.0032505697550542453
0.0032680766494864308
0.0032857794663007
0.0033036826679638757
0.0033217894190211194
0.003340104092430348
0.0033586310354908055
0.0033773745977639168
0.003396338813374032
0.003415528913304479
0.003434948940688952
0.00345460424040224
0.003474499658659815
0.0034946402627464013
0.0035150315769099053
0.0035356790755440948
0.0035565883987011652
0.0035777654789686955
0.0035992162754250757
0.0036209471359502955
0.003642964421408868
0.0036652748894610665
0.003687885274377734
0.0037108027745572955
0.0037340347155507634
0.003757588560279878
0.003781472141331464
0.0038056935127433766
0.0038302610169077198
0.0038551831764184505
0.0038804688789414207
0.0039061272415134023
0.003932167700061389
0.003958599989502032
0.00398543418065703
0.0040126806158769105
0.004040352423131807
0.004068455564261713
0.004097004134844986
0.004126009902077919
0.0041554865064155275
0.0041854432739377384
0.004215896018447154
0.004246855517695238
0.004278337822644973
0.004310355927290986
0.004342924467911207
0.004376059231894339
0.004409774933034088
0.004444088171451344
0.004479014816767354
0.004514572806884655
0.004550778631131713
0.004587651119086955
0.004625208379480743
0.004663470105870184
0.004702455572538254
0.004742185476897631
0.004782680537365147
0.004823962316856468
0.004866052970494548
0.004908975420756128
0.004952753307628103
0.004997410477488911
0.0050429720799343445
0.005089463518120436
0.005136911272236273
0.005185342272043988
0.0052347844593407635
0.005285266291974834
0.005336817331718942
0.005389467793241205
0.0054432487038851025
0.00549819204506192
0.005554330586772065
0.005611698097473063
0.005670329195500922
0.005730259483670906
0.005791525545148671
0.005854164894610608
0.005918216115174361
0.005983718832403082
0.006050713685962363
0.006119242483994603
0.006189348078228186
0.006261074530693489
0.006334467020867524
0.006409571988175163
0.0064864370562941216
0.006565111124219346
0.006645644415906827
0.006728088428501239
0.006812496059108508
0.006898921581646155
0.006987420678187413
0.007078050506771854
0.007170869709839119
0.0072659384577406115
0.007363318482427539
0.007463073099891194
0.0075652672757795655
0.007669967626056187
0.007777242480657705
0.007887161895348242
0.007999797701625903
0.008115223534266565
0.008233514865045609
0.00835474903565243
0.00847900528705166
0.00860636479495309
0.008736910690055787
0.008870728090718729
0.009007904124604477
0.009148527955638502
0.009292690797508949
0.009440485936632386
0.009592008746649696
0.009747356696949766
0.009906629363969388
0.01006992843441498
0.010237357706578161
0.010409023086036327
0.010585032580057703
0.010765496283236826
0.010950526360055488
0.0111402370254333
0.011334744513865258
0.011534167048070481
0.011738624800195007
0.011948239847116232
0.012163136119176063
0.012383439343995465
0.012609276983150765
0.012840778163213854
0.013078073598654826
0.013321295510743462
0.013570577537751347
0.013826054639371725
0.014087862994854846
0.014356139894986939
0.014631023626235447
0.014912653350206717
0.015201168975967426
0.015496711026803698
0.015799420501241133
0.016109438728008907
0.016426907215887777
0.016751967499229
0.01708476097716327
0.017425428749503126
0.017774111448701023
0.018130949066687163
0.018496080780035663
0.018869644770744834
0.01925177804514519
0.01964261625071081
0.02004229349076358
0.02045094213824993
0.020868692648401455
0.02129567337171624
0.021732010366103376
0.022177827210475606
0.022633244818964376
0.02309838125682406
0.02357335155815998
0.0240582675463069
0.02455323765702685
0.02505836676486654
0.025573756013357013
0.02609950264942877
0.026635699862147016
0.027182436626407916
0.02773979755193061
0.02830786273765429
0.028886707632072205
0.029476402899753153
0.0300770142941169
0.030688602536964378
0.03131122320475032
0.03194492662187397
0.03258975776133903
0.03324575615236651
0.03391295579578619
0.03459138508669524
0.035281066744858876
0.035982017752509025
0.036694249299911975
0.037417766738604405
0.038152569541944174
0.038898651273432
0.03965599956252529
0.04042459608747479
0.04120441656584103
0.04199543075202202
0.042797602441470316
0.043610889482505154
0.04443524379405354
0.04527061139027292
0.04611693241173264
0.046974141162358936
0.04784216615262886
0.048720930148540446
0.04961035022587416
0.050510337830222025
0.05142079884195919
0.052341633646088764
0.05327273720689002
0.05421399914730369
0.05516530383241854
0.05612653045707973
0.05709755313749029
0.05807824100623935
0.059068458311819845
0.06006806452021354
0.061076914420138975
0.06209485823210131
0.06312174171846817
0.06415740629818767
0.06520168916262133
0.06625442339426516
0.06731543808718632
0.0683845584705478
0.06946160603213394
0.07054639864711518
0.07163875070375336
0.07273847323438457
0.07384537404679786
0.07495925785609264
0.07607992641880211
0.07720717866797715
0.07834081084832918
0.07948061665266709
0.08062638736176413
0.0817779119795506
0.08293497737533491
0.08409736841959
0.08526486812744016
0.08643725779880501
0.08761431715625354
0.08879582448856282
0.089981556790825
0.09117128990693865
0.09236479866859885
0.09356185703653616
0.0947622382444532
0.09596571493416599
0.09717205930096272
0.09838104322774423
0.09959243842893481
0.10080601658655491
0.10202154948522311
0.10323880915130439
0.10445756798959534
0.10567759891052814
0.10689867547488187
0.10812057200983856
0.10934306375529025
0.11056592697988508
0.11178893911269536
0.11301187886943576
0.11423452636812202
0.11545666325844696
0.1166780728386868
0.1178985401632381
0.11911785216804735
0.12033579777455389
0.12155216799536026
0.12276675604991623
0.1239793574571877
0.12518977014517044
0.12639779453186392
0.12760323363343046
0.12880589314994986
0.13000558154423913
0.1312021101383291
0.13239529318433146
0.1335849479344192
0.13477089473183043
0.135952957052748
0.13713096159776508
0.13830473833000784
0.13947412055333025
0.14063894493491863
0.14179905158545397
0.1429542840937147
0.1441044895500424
0.14524951860374394
0.14638922548947095
0.14752346805927188
0.1486521077840343
0.1497750098189014
0.15089204297144498
0.15200307975258873
0.15310799635955857
0.1542066726989398
0.15529899236936925
0.15638484268300917
0.15746411464089918
0.1585367029313486
0.15960250592457698
0.16066142562527763
0.16171336770132402
0.16275824142054723
0.1637959596567707
0.16482643882349826
0.16584959889320663
0.16686536331589566
0.16787365900792856
0.16887441631177363
0.1698675689481232
0.1708530539872491
0.17183081176693665
0.17280078590469275
0.17376292318903971
0.17471717356833164
0.17566349008259932
0.1766018288148421
0.17753214883486848
0.1784544121270175
0.1793685835742185
0.18027463085359727
0.1811725244129269
0.1820622373835704
0.1829437455348109
0.18381702723134857
0.18468206332271475
0.18553883713740954
0.18638733437766725
0.18722754309578954
0.18805945358797224
0.1888830583908502
0.18969835217152808
0.19050533166428762
0.1913039956707818
0.1920943449493511
0.19287638213554628
0.1936501117493157
0.1944155400925303
0.1951726751992773
0.19592152676200497
0.1966621061398795
0.19739442623230172
0.19811850144654997
0.19883434766981875
0.19954198218829428
0.20024142364366374
0.20093269200976666
0.2016158084934798
0.20229079554077178
0.20295767674158915
0.20361647681768313
0.20426722156500954
0.2049099378496943
0.20554465347536152
0.20617139723676908
0.20679019883487265
0.20740108884147213
0.2080040986729616
0.2085992605501063
0.20918660744588952
0.20976617309599438
0.21033799192574415
0.2109020990273317
0.21145853013507276
0.21200732159912045
0.21254851036168668
0.2130821339013945
0.21360823023249617
0.21412683791689704
0.21463799590864235
0.2151417437172639
0.21563812123922824
0.2161271687801201
0.216608927062613
0.2170834371662371
0.21755074054683193
0.218010878961415
0.21846389453680862
0.21890982966536943
0.21934872703455174
0.21978062961252998
0.22020558063182602
0.22062362355131448
0.22103480206283796
0.22143916011014916
0.22183674177953505
0.22222759141023196
0.2226117534845989
0.2229892726802032
0.22336019383502617
0.22372456192513196
0.22408242208059498
0.2244338195502455
0.2247787997126253
0.22511740808700317
0.22544969025662426
0.22577569193932787
0.2260954589454267
0.2264090371080827
0.22671647244893225
0.22701781096200102
0.22731309875066014
0.2276023819495328
0.22788570680669212
0.22816311952180174
0.22843466643201493
0.22870039382268328
0.22896034806554222
0.22921457552243296
0.22946312260232876
0.22970603569869588
0.2299433612109102
0.23017514557805496
0.2304014351775215
0.23062227642909258
0.23083771571206974
0.23104779939555128
0.23125257381475922
0.2314520853151743
0.23164638014375155
0.23183550456209814
0.23201950477366254
0.23219842693865175
0.23237231716876275
0.2325412214935452
0.23270518590702866
0.23286425633940422
0.23301847864622918
0.2331678985986695
0.23331256189358132
0.23345251417879304
0.23358780092547396
0.23371846762878845
0.23384455956865013
0.23396612202629882
0.2340832001287833
0.23419583888479925
0.23430408319508617
0.23440797788174592
0.23450756758120417
0.2346028968152504
0.2346940100346547
0.23478095147666098
0.2348637652624841
0.23494249540051942
0.23501718570945215
0.23508787988704097
0.2351546214307011
0.2352174537339861
0.2352764199556898
0.23533156315360915
0.23538292618225537
0.23543055171551386
0.23547448223009101
0.23551476005925295
0.2355514273087982
0.23558452593783152
0.23561409766532598
0.23564018400772363
0.23566282630875474
0.2356820656969916
0.2356979430972138
0.23571049918214437
0.23571977445965786
0.23572580917675373
0.23572864338513574
0.23572831690849358
0.23572486929766195
0.2357183399662886
0.23570876795755663
0.23569619220753646
0.23568065132138918
0.2356621837418812
0.2356408275615601
0.23561662073065426
0.23558960091240294
0.2355598054173938
0.23552727151763422
0.23549203598356114
0.2354541355289404
0.23541360646824797
0.23537048494738833
0.2353248067811754
0.23527660753608853
0.23522592252598867
0.23517278678729744
0.23511723507799254
0.23505930191046776
0.23499902146501267
