0.009004318861626143
0.009048855155329985
0.009093813549983265
0.009139199968750783
0.009185020920254482
0.009231282476209217
0.009277991183630235
0.009325153713284535
0.009372776789327882
0.009420867372413183
0.009469432440267824
0.009518479404525859
0.00956801563644346
0.009618048698385524
0.00966858648718088
0.009719636971198372
0.00977120831951892
0.009823309014728242
0.009875947623251008
0.009929132997423873
0.009982874237605703
0.010037180661884413
0.010092061846897864
0.010147527629558043
0.010203588114675343
0.010260253679564294
0.010317534985275411
0.010375442999937772
0.010433989034796328
0.010493184655975759
0.010553041843697679
0.010613572853820048
0.010674790359441463
0.01073670736824235
0.010799337309557865
0.01086269399550319
0.01092679167605562
0.01099164501698931
0.011057269149097187
0.011123679669799772
0.011190892663450934
0.011258924713276079
0.011327792945372245
0.011397515014931173
0.011468109143199253
0.011539594146699701
0.011611989443107087
0.011685315085823173
0.011759591775911899
0.011834840903513897
0.011911084555221729
0.011988345546473335
0.012066647456255696
0.012146014641949194
0.012226472270883904
0.012308046358498881
0.012390763785487407
0.012474652333773832
0.012559740724456748
0.012646058634312726
0.012733636748297401
0.012822506777368896
0.012912701500975022
0.013004254803274336
0.013097201704659575
0.013191578400541207
0.013287422301358398
0.013384772068841677
0.013483667652759004
0.013584150334760813
0.013686262765767804
0.013790049005168194
0.013895554564816453
0.014002826447879592
0.01411191319229522
0.014222864909258778
0.014335733329365467
0.014450571840634845
0.014567435532289926
0.014686381237371456
0.014807467571703974
0.014930754976774461
0.01505630575954375
0.015184184133727014
0.015314456257035557
0.015447190271143321
0.015582456338749433
0.015720326679537162
0.01586087560463421
0.016004179551349203
0.01615031711357229
0.016299369072665056
0.016451418424321875
0.016606550405504204
0.016764852517357813
0.016926414545748072
0.017091328579907195
0.017259689026899453
0.01743159262485091
0.017607138450500995
0.01778642792539944
0.017969564816854102
0.018156655236147092
0.018347807631870258
0.018543132779563147
0.018742743766620263
0.01894675597283831
0.019155287045859663
0.019368456872360492
0.019586387543562022
0.019809203315964235
0.020037030566423236
0.020269997742227673
0.020508235305514932
0.020751875671708303
0.021001053143027294
0.021255903835522207
0.02151656560082432
0.021783177942002623
0.02205588192335915
0.022334820074866184
0.02262013629057663
0.022911975721300805
0.023210484661830604
0.023515810432466436
0.02382810125520815
0.024147506124603743
0.024474174673303522
0.024808257032956492
0.025149903689875176
0.0254992653365242
0.025856492718325224
0.026221736476477266
0.026595146986947774
0.02697687419575963
0.02736706745108833
0.02776587533234423
0.028173445476577044
0.028589924402576704
0.029015457333059484
0.029450188015074017
0.029894258539325952
0.030347809158555568
0.030810978105356147
0.03128390141003342
0.031766712718514625
0.032259543111178256
0.032762520922492926
0.03327577156225976
0.033799417338603796
0.0343335772831656
0.034878366978894404
0.03543389839075068
0.03600027969973474
0.0365776151405285
0.03716600484314745
0.037765544678834854
0.03837632611066117
0.03899843604892877
0.039631956711784266
0.040276965491338516
0.04093353482534864
0.04160173207493891
0.04228161940832251
0.04297325369092476
0.043676686381910884
0.044391963437374025
0.045119125220249946
0.04585820641711252
0.04660923596190712
0.04737223696669528
0.04814722665948549
0.04893421632916621
0.04973321127751599
0.050544210778387534
0.05136720804392637
0.052202190197865164
0.053049138255795616
0.05390802711240268
0.05477882553549269
0.055661496166809675
0.05655599552945553
0.05746227404185333
0.05838027603807359
0.059309939794409176
0.06025119756204552
0.06120397560567305
0.06216819424784625
0.06314376791897282
0.06413060521271911
0.06512860894665314
0.06613767622796228
0.06715769852406528
0.06818856173789073
0.06923014628770807
0.0702823271912371
0.07134497415393459
0.07241795166121993
0.07350111907448292
0.0745943307306504
0.07569743604523373
0.07681027961855454
0.0779327013450765
0.07906453652565307
0.08020561598245787
0.0813557661765746
0.08251480932797306
0.083682563537774
0.0848588429126485
0.08604345769121811
0.08723621437229885
0.08843691584489845
0.08964536151977816
0.09086134746254
0.09208466652797595
0.09331510849578856
0.09455246020734187
0.09579650570343193
0.09704702636305758
0.09830380104287505
0.09956660621748338
0.1008352161202111
0.10210940288453009
0.10338893668577852
0.10467358588325783
0.10596311716260667
0.10725729567824553
0.1085558851958585
0.10985864823496634
0.11116534621118854
0.11247573957840475
0.1137895879706095
0.11510665034325476
0.1164266851142121
0.11774945030410153
0.11907470367596512
0.12040220287405612
0.12173170556195007
0.12306296955948802
0.12439575297889524
0.12572981435938127
0.12706491280085022
0.12840080809614068
0.12973726086159748
0.13107403266636886
0.13241088615987662
0.13374758519760782
0.1350838949648649
0.13641958209885482
0.13775441480853504
0.1390881629920321
0.1404205983523464
0.14175149451025054
0.1430806271147973
0.14440777395148607
0.1457327150473437
0.1470552327738454
0.1483751119462143
0.14969213992075395
0.15100610668809708
0.15231680496426198
0.15362403027804672
0.15492758105532609
0.15622725869980844
0.157522867670784
0.15881421555723915
0.16010111314822817
0.1613833745001563
0.16266081700002455
0.16393326142522
0.1652005319998498
0.1664624564467401
0.16771886603641206
0.16896959563197117
0.17021448372990894
0.1714533724980298
0.1726861078082897
0.17391253926759612
0.17513252024297607
0.17634590788449928
0.17755256314363116
0.1787523507887146
0.17994513941537488
0.18113080145528646
0.18230921317977322
0.18348025470089568
0.18464380996804028
0.18579976676296872
0.18694801668951674
0.18808845516140468
0.18922098138652996
0.19034549834792688
0.19146191278269664
0.19257013515670968
0.19367007963738037
0.19476166406409753
0.19584480991518538
0.19691944227273311
0.19798548978560326
0.19904288462926426
0.20009156246427018
0.20113146239234553
0.20216252691057823
0.20318470186367574
0.20419793639510272
0.20520218289623532
0.20619739695364683
0.2071835372955906
0.20816056573781716
0.20912844712699682
0.2100871492840223
0.21103664294606428
0.2119769017079227
0.2129079019633882
0.21382962284436544
0.21474204616144912
0.2156451563429487
0.2165389403738848
0.2174233877350665
0.21829849034219384
0.2191642424840297
0.22002064076195554
0.220867684028743
0.22170537332830442
0.2225337118355628
0.22335270479596864
0.22416235946621638
0.22496268505651945
0.22575369267105444
0.22653539525093644
0.22730780751766486
0.2280709459165784
0.22882482856198297
0.22956947518243645
0.23030490706746487
0.2310311470151692
0.23174821928010825
0.2324561495233143
0.23315496476209935
0.2338446933220577
0.2345253647891028
0.23519700996362974
0.23585966081480653
0.2365133504361574
0.23715811300345835
0.23779398373120322
0.2384209988333575
0.23903919548290806
0.23964861177239052
0.24024928667810433
0.24084126002204775
0.2414245724379583
0.24199926533632315
0.24256538087095417
0.2431229619077033
0.2436720519928844
0.24421269532318762
0.24474493671692968
0.2452688215858232
0.24578439590821347
0.24629170620214935
0.24679079950146024
0.24728172333050966
0.24776452568054017
0.2482392549882112
0.24870596011294369
0.24916469031663027
0.2496154952428229
0.2500584248976024
0.25049352963151517
0.25092086012052545
0.25134046734980925
0.2517524025963095
0.25215671741266377
0.2525534636136288
0.2529426932579287
0.2533244586376137
0.25369881226121327
0.2540658068424916
0.2544254952874023
0.2547779306806794
0.2551231662754169
0.2554612554808662
0.2557922518506847
0.25611620907363997
0.25643318096364826
0.2567432214464743
0.2570463845546433
0.2573427244142599
0.2576322952379067
0.2579151513149464
0.2581913470039371
0.2584609367228077
0.2587239749414143
0.25898051617427453
0.25923061497085437
0.25947432591029596
0.25971170359203355
0.2599428026291986
0.2601676776425963
0.2603863832511073
0.2605989740678107
0.26080550469000663
0.2610060296949929
0.26120060363333925
0.2613892810201986
0.26157211633080685
0.26174916399402376
0.2619204783853176
0.2620861138208468
0.2622461245515879
0.26240056475587986
0.26254948853596505
0.2626929499095742
0.2628310028047828
0.2629637010547989
0.26309109839110784
0.2632132484372911
0.2633302047051843
0.26344202058760735
0.2635487493527932
0.26365044413851313
0.263747157947301
0.26383894364122723
0.26392585393378737
0.26400794138789097
0.26408525840781705
0.2641578572349224
0.26422578994275436
0.26428910842991576
0.26434786441600727
0.2644021094372789
0.2644518948403574
0.264497271776672
0.26453829119827343
0.264575003852613
0.26460746027822646
0.2646357107981304
0.2646598055172651
0.26467979431486127
0.26469572684357806
0.2647076525214149
0.264715620529575
0.2647196798054631
0.26471987904083394
0.2647162666765517
0.26470889089831756
0.2646977996317603
0.2646830405401753
0.26466466101857394
0.26464270819075875
0.2646172289059571
0.2645882697339711
0.26455587696319316
0.26452009659537234
0.26448097434241097
0.264438555625092
0.26439288556658935
0.2643440089915639
0.26429197042343655
0.2642368140797803
0.26417858387069826
0.2641173233950953
0.2640530759396549
0.26398588447385446
0.26391579165066653
0.2638428398018143
0.26376707093622354
0.2636885267378528
0.26360724856433215
0.26352327744454745
0.2634366540766966
0.2633474188268749
0.2632556117272608
0.2631612724743002
0.26306444042960175
0.2629651546145921
0.26286345371291825
0.2627593760669952
0.26265295968025604
0.2625442422114259
0.26243326097746755
0.2623200529525606
0.26220465476660193
0.262087102703391
0.26196743270360046
0.26184568036113015
0.2617218809261486
0.26159606930163404
0.26146828004566747
0.26133854737086387
0.2612069051439987
0.26107338688654713
0.2609380257760694
0.2608008546445795
0.2606619059803236
0.26052121192780925
0.2603788042904406
0.2602347145271341
0.260088973756908
