0.12862894018888285
0.09313735755033037
0.07272128170131568
0.05920836280848753
0.049565863407729095
0.042344018466396516
0.036745818426158615
0.03229144856644856
0.028672890945070223
0.025682700114779192
0.023175865362106612
0.021047955213213405
0.019221903495124613
0.017639665913216848
0.016256759669164466
0.015038580676194424
0.013957855179918707
0.012992836967089893
0.012126007256516007
0.011343121129610098
0.010632497588996587
0.009984483890529711
0.00939104649979715
0.00884545533303104
0.008342037600730828
0.007875984181885126
0.007443196049182665
0.007040161542367699
0.006663857601220802
0.006311669745348759
0.005981326878055233
0.005670847831065725
0.005378497326595011
0.005102749512727926
0.004842257607485389
0.004595828544188466
0.004362401685000081
0.004141030879166367
0.0039308692983204595
0.003731156566383769
0.0035412077434971976
0.0033604040016333736
0.0031881845383489055
0.0030240397087014275
0.002867505022723887
0.0027181559988320204
0.002575603591994865
0.002439490569386921
0.0023094877219653216
0.002185291270397633
0.0020666200426853933
0.0019532132688701675
0.001844828558079859
0.00174123993937696
0.0016422368030885048
0.0015476217731474936
0.0014572102884021461
0.0013708291888217656
0.0012883146479115985
0.0012095136280463091
0.0011342810394303106
0.0010624799191374075
0.0009939804133780395
0.0009286590476829893
0.000866400143373029
0.0008070934038068545
0.0007506308395406471
0.0006969150035867497
0.0006458487648458544
0.0005973406921875179
0.0005513034192659595
0.0005076533649654136
0.00046631051514610313
0.00042719819895596693
0.0003902428837899019
0.00035537399433745024
0.00032252374882199737
0.00029162698427468743
0.0002626210553500529
0.00023544563811791884
0.00021004265634703954
0.00018635615433378928
0.00016433216604257414
0.00014391866615992864
0.00012506541423045928
0.00010772390921074612
0.00009184730858169504
0.00007739031355631113
0.00006430933264177945
0.000052561616511165145
0.00004210624426124411
0.000032904222674071526
0.000024915913903900793
0.000018104942369589326
0.000012436089856831456
7.86757170046756e-6
4.384513222105669e-6
1.975184952623539e-6
4.867158653840979e-7
