0.19858242068829404
0.16268581571406845
0.13904156658314354
0.12175981005220249
0.10839379657872597
0.09767170541305682
0.08884510675131148
0.08143636232771062
0.07512247280069406
0.06967524831988638
0.06492785153245413
0.06075487592342361
0.057059877957704466
0.053767250770845786
0.050816745394219744
0.04815966959178467
0.0457561849192117
0.04357334317696196
0.04158363299014591
0.03976388598744339
0.03809444134893675
0.03655849917895955
0.03514161400780112
0.033831293733368795
0.03261667890472955
0.03148828392952486
0.03043778651352285
0.029457855032587292
0.028542006003392628
0.027684485634977423
0.026880170793979863
0.026124485733002904
0.02541333170275695
0.024743027160333116
0.024110256742610553
0.023512027530042515
0.022945631404783888
0.022408612528496238
0.021898739139935865
0.02141397901368735
0.020952478033525446
0.02051254142659562
0.020092617277965227
0.019691282006551424
0.019307227533883413
0.01893924991736086
0.01858623925497416
0.01824717069654922
0.01792109641968591
0.017607138450501207
0.017304482222632814
0.01701237078613083
0.016730099586812874
0.016457011747792707
0.016192493792987286
0.015935971762646946
0.01568690767029763
0.015444796264389432
0.015209162055540256
0.014979556578290977
0.014755555854596583
0.014536758036168407
0.014322781198019456
0.014113261258577618
0.01390785000730501
0.013706213213948031
0.013508028803677494
0.013312985064970676
0.013120778883202157
0.012931113956033441
0.012743698981709945
0.012558245778349743
0.012374467289862122
0.012192075465146113
0.0120107789198788
0.011830280344866696
0.011650273565781794
0.011470440172342578
0.011290445529026485
0.01110993407096384
0.010928523580135035
0.010745798164845768
0.010561299470564866
0.010374515538786145
0.010184866410964603
0.00999168512050257
0.009794192412997397
0.00959146169722466
0.009382370105179703
0.009165527935303572
0.008939172306373278
0.008701003245127828
0.00844791750434876
0.008175546290838644
0.007877401960988292
0.007543128844097944
0.007154378181436855
0.006672788537411232
0.005987917535995281
