0.5643309208259855
0.5642961330968774
0.5642609316184107
0.5642253070530054
0.5641892497795576
0.5641527498760159
0.5641157971159738
0.564078380967743
0.5640404905666085
0.5640021147234613
0.5639632419024017
0.563923860215889
0.5638839574161477
0.5638435208783811
0.5638025376014195
0.5637609941817472
0.5637188768184482
0.5636761712884215
0.563632862945436
0.5635889367039244
0.5635443770284569
0.5634991679203332
0.5634532929102306
0.5634067350422431
0.5633594768651865
0.563311500417714
0.5632627872178807
0.5632133182529666
0.5631630739623459
0.5631120342327383
0.5630601783785072
0.5630074851361697
0.5629539326473075
0.5628994984529668
0.5628441594753009
0.5627878920108893
0.562730671717202
0.5626724736023917
0.5626132720143845
0.5625530406309911
0.5624917524472568
0.5624293797691311
0.5623658942015014
0.5623012666399831
0.5622354672623127
0.5621684655197665
0.5621002301313669
0.5620307290749762
0.5619599295813669
0.5618877981304613
0.5618143004442894
0.5617394014838138
0.5616630654466235
0.5615852557627915
0.5615059350952175
0.5614250653379175
0.5613426076175747
0.5612585222946331
0.5611727689663274
0.5610853064707717
0.560996092892315
0.5609050855677139
0.5608122410944505
0.5607175153391847
0.5606208634492906
0.5605222398645591
0.5604215983308806
0.5603188919152213
0.5602140730226508
0.5601070934146735
0.559997904229162
0.5598864560020426
0.5597726986910975
0.5596565817005342
0.5595380539084179
0.5594170636953442
0.5592935589747182
0.5591674872251616
0.5590387955246542
0.5589074305863664
0.5587733387965702
0.5586364662537161
0.5584967588101813
0.5583541621147855
0.5582086216578193
0.5580600828174394
0.5579084909074884
0.557753791227275
0.5575959291128625
0.5574348499895285
0.5572704994260481
0.5571028231900189
0.5569317673047238
0.5567572781069626
0.5565793023061898
0.556397787044517
0.5562126799575867
0.5560239292366379
0.555831483690598
0.5556352928095484
0.5554353068278572
0.5552314767882546
0.5550237546058407
0.5548120931321545
0.5545964462192087
0.5543767687833137
0.5541530168686243
0.5539251477099679
0.5536931197951565
0.553456892926571
0.553216428281548
0.5529716884719079
0.55272263760202
0.552469241325583
0.5522114669006436
0.5519492832432082
0.5516826609786247
0.5514115724912313
0.5511359919716528
0.550855895461948
0.5505712608982062
0.5502820681505843
0.5499882990608059
0.54968993747663
0.5493869692835814
0.5490793824335174
0.5487671669702113
0.5484503150515094
0.5481288209683941
0.5478026811605504
0.5474718942284834
0.5471364609421615
0.5467963842460988
0.5464516692607911
0.546102323280555
0.5457483557677363
0.5453897783432139
0.5450266047732043
0.5446588509524815
0.5442865348839219
0.5439096766543591
0.5435282984069902
0.5431424243100756
0.5427520805223498
0.5423572951548217
0.5419580982293917
0.5415545216340599
0.5411465990751151
0.540734366026046
0.5403178596737724
0.5398971188616528
0.5394721840301565
0.5390430971545445
0.5386099016803892
0.5381726424565824
0.5377313656661921
0.5372861187552967
0.5368369503599493
0.5363839102313319
0.5359270491594507
0.5354664188953564
0.5350020720721105
0.5345340621247638
0.5340624432093534
0.5335872701212279
0.5331085982127469
0.5326264833106666
0.5321409816332344
0.5316521497073049
0.531160044285517
0.530664722263724
0.5301662405990111
0.5296646562281263
0.5291600259868015
0.52865240652997
0.5281418542529613
0.5276284252140687
0.5271121750582622
0.5265931589425759
0.5260714314629752
0.525547046583032
0.5250200575644501
0.5244905168995381
0.5239584762458057
0.523423986362693
0.522887097050669
0.522347857092552
0.5218063141974304
0.5212625149470532
0.5207165047447833
0.5201683277672728
0.5196180269188244
0.5190656437885327
0.518511218610228
0.5179547902252831
0.5173963960483231
0.5168360720357735
0.5162738526573993
0.5157097708707887
0.5151438580986718
0.5145761442093537
0.5140066574999299
0.5134354246825158
0.5128624708733761
0.512287819584917
0.5117114927205746
0.5111335105724679
0.5105538918219867
0.5099726535429506
0.5093898112076245
0.5088053786953228
0.5082193683036142
0.5076317907621303
0.5070426552488009
0.5064519694085329
0.505859739374287
0.5052659697903581
0.5046706638379762
0.5040738232629448
0.5034754484053976
0.5028755382315259
0.5022740903672097
0.501671101133486
0.501066565583675
0.5004604775422544
0.4998528296452428
0.4992436133820218
0.4986328191386192
0.49802043624223835
0.49740645300699016
0.49679085678075335
0.4961736339930542
0.4955547702038981
0.4949342501533966
0.49431205781220866
0.4936881764326256
0.4930625886001728
0.4924352762858417
0.49180622089856985
0.4911754033381246
0.49054280404820455
0.48990840306966826
0.4892721800938877
0.48863411451596794
0.48799418548801754
0.48735237197212905
0.48670865279316455
0.48606300669123825
0.4854154123737215
0.48476584856689486
0.48411429406695455
0.48346072779048255
0.4828051288242408
0.4821474764742058
0.481487750313867
0.4808259302316121
0.4801619964772699
0.47949592970765015
0.4788277110310886
0.47815732205095335
0.47748474490801196
0.4768099623216959
0.4761329576301253
0.475453714828931
0.4747722186088215
0.4740884543918234
0.47340240836622016
0.47271406752008827
0.47202341967349
0.4713304535092219
0.47063515860217114
0.46993752544713735
0.46923754548527974
0.4685352111290085
0.4678305157854285
0.46712345387823084
0.4664140208680948
0.46570221327158307
0.4649880286784756
0.46427146576761635
0.46355252432121075
0.46283120523764626
0.4621075105427355
0.4613814433995203
0.4606530081165339
0.459922210154633
0.45918905613228683
0.45845355382948483
0.4577157121901721
0.45697554132329027
0.4562330525023842
0.45548825816388955
0.4547411719040427
0.4539918084744579
0.45324018377643926
0.4524863148540236
0.45173021988574236
0.45097191817525606
0.45021143014072795
0.4494487773031261
0.4486839822733973
0.4479170687385661
0.4471480614467939
0.4463769861914566
0.44560386979426836
0.4448287400874588
0.44405162589507063
0.44327255701345847
0.4424915641909083
0.4417086791065685
0.44092393434860944
0.4401373633917139
0.4393490005739284
0.4385588810729186
0.43776704088164026
0.43697351678351903
0.4361783463271251
0.43538156780043247
0.4345832202046542
0.4337833432277313
0.4329819772174929
0.43217916315454397
0.4313749426249106
0.43056935779244426
0.42976245137110763
0.42895426659709524
0.42814484720086876
0.42733423737910536
0.4265224817666735
0.42570962540853163
0.424895713731769
0.424080792517614
0.4232649078735935
0.42244810620584905
0.42163043419153523
0.42081193875149636
0.419992667023071
0.4191726663332031
0.4183519841717902
0.4175306681653041
0.4167087660507705
0.41588632565003064
0.41506339484439814
0.4142400215496554
0.41341625369148066
0.4125921391812455
0.4117677258922694
0.4109430616365107
0.41011819414168876
0.40929317102891755
0.40846803979078977
0.40764284776996884
0.4068176421382838
0.405992469876334
0.4051673777536183
0.40434241230918766
0.40351761983285245
0.4026930463468995
0.4018687375883995
0.4010447389920149
0.4002210956734017
0.39939785241314507
0.39857505364126833
0.39775274342227523
0.3969309654407755
0.39610976298766154
0.3952891789468249
0.3944692557824506
0.3936500355268498
0.3928315597688316
0.3920138696426415
0.39119700581742
0.3903810084872051
0.38956591736146406
0.3887517716561419
0.3879386100852365
0.3871264708528808
0.3863153916459152
0.38550540962698293
0.3846965614280911
0.38388888314465164
0.38308241033001617
0.3822771779904385
0.38147322058052346
0.38067057199910376
0.3798692655855537
0.3790693341165305
0.37827080980312694
0.3774737242884464
0.37667810864554824
0.3758839933757989
0.3750914084075973
0.3743003830954504
0.3735109462194354
0.3727231259849653
0.3719369500229289
0.3711524453901349
0.37036963857007177
0.36958855547397595
0.36880922144219747
0.3680316612458408
0.3672558990886913
0.3664819586093892
0.3657098628838757
0.3649396344280749
0.3641712952008005
0.3634048666069154
0.36264036950067857
0.3618778241893117
0.36111725043675263
0.36035866746762424
0.3596020939713438
0.35884754810642844
0.35809504750496207
0.3573446092772001
0.3565962500163372
0.3558499858033958
0.35510583221225933
0.3543638043148167
0.3536239166862155
0.3528861834102423
0.35215061808478093
0.35141723382737183
0.35068604328085173
0.3499570586190888
0.34923029155276153
0.3485057533352298
0.34778345476844835
0.34706340620894355
0.3463456175738326
0.34563009834688874
0.3449168575846434
0.34420590392251205
0.3434972455809593
0.3427908903716777
0.3420868457037816
0.34138511859002296
0.34068571565300376
0.3399886431313985
0.3392939068861781
0.3386015124068225
0.3379114648175324
0.3372237688834288
0.33653842901672726
0.3358554492829077
0.3351748334068578
0.3344965847789871
0.3338207064613155
0.33314720119354047
0.3324760713990552
0.331807319190948
0.3311409463779523
0.3304769544703594
0.32981534468589674
0.3291561179555484
0.3284992749293421
0.3278448159820799
0.3271927412190267
0.3265430504815415
0.32589574335265836
0.32525081916261606
0.32460827699432526
0.32396811568879136
0.32333033385046817
0.3226949298525542
0.32206190184224565
0.321431247745902
0.32080296527417407
0.3201770519270579
0.3195535049988915
0.31893232158328527
0.3183134985779918
0.3176970326897089
0.3170829204388243
0.31647115816408466
0.31586174202721423
0.31525466801745483
0.3146499319560512
0.3140475295006642
0.3134474561497239
0.31284970724671124
0.31225427798438204
0.3116611634089195
0.31107035842402475
0.31048185779494303
0.30989565615242165
0.3093117479966098
0.30873012770088665
0.3081507895156333
0.3075737275719333
0.3069989358852195
0.3064264083588455
0.3058561387876117
0.30528812086121165
0.3047223481676286
0.30415881419646806
0.30359751234222915
0.30303843590751506
0.302481578106188
0.30192693206646026
