0.04525769990875581
0.04546183555234812
0.04566773417974175
0.045875418290594216
0.04608491079138656
0.046296235005144085
0.04650941468105651
0.04672447400467758
0.04694143760800876
0.04716033057998196
0.047381178477143834
0.04760400733442835
0.04782884367631358
0.04805571452806308
0.04828464742721904
0.048515670435191054
0.04874881214920101
0.048984101714292266
0.04922156883554134
0.04946124379053034
0.04970315744179
0.04994734124955998
0.050193827284711896
0.05044264824158116
0.050693837451194775
0.05094742889443265
0.05120345721529037
0.05146195773429952
0.05172296646186096
0.0519865201117979
0.05225265611469539
0.052521412631493625
0.05279282856679759
0.05306694358228788
0.053343798109993006
0.05362343336547569
0.05390589136082628
0.05419121491751584
0.054479447679088425
0.0547706341234791
0.05506481957520465
0.055362050217091556
0.05566237310177491
0.05596583616273511
0.05627248822485074
0.05658237901452398
0.05689555916925014
0.057212080246588214
0.05753199473252176
0.057855356049071174
0.058182218561253454
0.05851263758314769
0.05884666938320222
0.059184371188536526
0.05952580118835694
0.059871018536294666
0.060220083351674884
0.06057305671961159
0.0609300006899404
0.06129097827480539
0.06165605344499026
0.062025291124782264
0.062398757185416764
0.06277651843699339
0.06315864261878396
0.06354519838792655
0.0639362553063838
0.06433188382618803
0.06473215527280451
0.06513714182666873
0.065546916502766
0.06596155312824874
0.06638112631803146
0.06680571144829017
0.06723538462788081
0.06767022266757163
0.06811030304711159
0.06855570388006783
0.06900650387642145
0.06946278230290615
0.069924618941029
0.07039209404284384
0.07086528828435903
0.07134428271669527
0.07182915871490686
0.0723199979245089
0.07281688220575633
0.07331989357563021
0.07382911414762888
0.07434462606935459
0.07486651145794046
0.07539485233339929
0.07592973054991473
0.07647122772513942
0.07701942516758607
0.07757440380218499
0.07813624409406762
0.07870502597068081
0.07928082874233965
0.0798637310212752
0.08045381063934333
0.08105114456445402
0.08165580881586955
0.08226787837847357
0.08288742711617332
0.08351452768451756
0.08414925144270617
0.08479166836512449
0.08544184695251969
0.08609985414300425
0.08676575522300153
0.08743961373831101
0.08812149140541875
0.08881144802323641
0.08950954138538234
0.09021582719321038
0.09093035896968454
0.09165318797429466
0.09238436311913838
0.0931239308863267
0.09387193524685887
0.09462841758110699
0.09539341660105166
0.09616696827440359
0.09694910575073613
0.09773985928976989
0.0985392561919097
0.09934732073117024
0.10016407409058234
0.10098953430020009
0.10182371617778621
0.10266663127228857
0.10351828781017232
0.1043786906446987
0.10524784120820628
0.10612573746747814
0.10701237388222033
0.107907741366732
0.10881182725478566
0.10972461526775797
0.11064608548604006
0.1115762143237464
0.11251497450673052
0.11346233505392073
0.1144182612619675
0.11538271469320519
0.11635565316690802
0.11733703075382244
0.11832679777396436
0.11932490079762735
0.1203312826496007
0.12134588241653013
0.12236863545739626
0.12339947341706177
0.12443832424283122
0.125485112203981
0.12653975791419797
0.12760217835686727
0.12867228691315888
0.1297499933928405
0.1308352040677611
0.13192782170793974
0.13302774562019212
0.1341348716892335
0.1352490924211892
0.1363702969894473
0.13749837128278977
0.13863319795573392
0.1397746564810233
0.14092262320419832
0.14207697140018852
0.14323757133185655
0.14440429031044666
0.14557699275785957
0.1467555402707044
0.14793979168606808
0.1491296031489463
0.15032482818127302
0.15152531775250172
0.15273092035167843
0.1539414820609552
0.15515684663049334
0.15637685555470016
0.1576013481497531
0.15883016163235353
0.16006313119967008
0.16130009011041083
0.16254086976698082
0.1637852997986708
0.16503320814583092
0.16628442114497222
0.16753876361475425
0.16879605894279112
0.17005612917324306
0.17131879509512188
0.17258387633126432
0.17385119142791625
0.1751205579448672
0.1763917925460816
0.17766471109075968
0.17893912872476947
0.1802148599723895
0.1814917188282916
0.18276951884969903
0.1840480732486531
0.1853271949843134
0.186606696855231
0.18788639159150272
0.18916609194675116
0.1904456107898417
0.1917247611962633
0.19300335653909212
0.19428121057946302
0.19555813755646004
0.19683395227635309
0.1981084702010871
0.19938150753595624
0.2006528813163643
0.20192240949359733
0.20318991101952494
0.20445520593014122
0.20571811542787127
0.20697846196255776
0.20823606931104494
0.2094907626552856
0.2107423686588882
0.21199071554203558
0.21323563315469077
0.21447695304802555
0.21571450854400384
0.216948134803042
0.21817766888969484
0.21940294983629488
0.22062381870449685
0.2218401186446643
0.22305169495305044
0.22425839512672782
0.2254600689162158
0.2266565683757784
0.22784774791133813
0.22903346432600127
0.23021357686313262
0.231387947246987
0.23255643972086515
0.2337189210827779
0.234875260718614
0.2360253306328052
0.23716900547648723
0.23830616257315293
0.23943668194182013
0.24056044631771575
0.24167734117049078
0.24278725471999116
0.24389007794961554
0.24498570461727098
0.2460740312639734
0.24715495722013064
0.2482283846095308
0.2492942183510955
0.2503523661584389
0.25140273853728545
0.252445248780785
0.25347981296279604
0.25450634992919186
0.25552478128724315
0.2565350313931425
0.2575370273377321
0.25853069893051683
0.25951597868199655
0.2604928017844259
0.2614611060910368
0.2624208320938244
0.2633719228999411
0.2643143242067925
0.2652479842758875
0.2661728539055491
0.2670888864025055
0.2679960375524888
0.2688942655898797
0.26978353116647713
0.2706637973194717
0.2715350294386774
0.2723971952331167
0.2732502646969904
0.27409421007513096
0.2749290058279892
0.27575462859621974
0.27657105716492797
0.27737827242763935
0.2781762573500524
0.27896499693361804
0.27974447817901743
0.2805146900495901
0.28127562343473567
0.2820272711133738
0.2827696277174946
0.2835026896958141
0.2842264552776401
0.2849409244369134
0.2856460988565262
0.28634198189290283
0.287028578540903
0.2877058953990757
0.28837394063527505
0.2890327239526816
0.2896822565562414
0.2903225511195503
0.29095362175218875
0.29157548396755745
0.29218815465117576
0.2927916520295109
0.2933859956393059
0.2939712062974449
0.29454730607134616
0.29511431824988515
0.295672267314872
0.29622117891306476
0.29676107982873196
0.29729199795674693
0.2978139622762381
0.2983270028247705
0.2988311506730534
0.29932643790018526
0.29981289756941787
0.30029056370441953
0.3007594712660561
0.30121965612966056
0.30167115506277786
0.3021140057033994
0.30254824653863
0.30297391688382924
0.30339105686217277
0.303799707384635
0.30419991013038417
0.3045917075275699
0.3049751427344869
0.30535025962110895
0.30571710275096997
0.3060757173633859
0.3064261493559934
0.30676844526759905
0.30710265226132544
0.3074288181080337
0.3077469911700079
0.30805722038490535
0.3083595552499213
0.30865404580620864
0.3089407426234927
0.309219696784878
0.30949095987188024
0.3097545839495878
0.3100106215520274
0.31025912566766617
0.3105001497250648
0.31073374757866806
0.3109599734947142
0.31117888213727557
0.31139052855439575
0.31159496816433785
0.31179225674192584
0.3119824504049739
0.3121656056007969
0.3123417790928051
0.3125110279471647
0.31267340951952804
0.31282898144183346
0.3129778016091553
0.3131199281666239
0.3132554194963952
0.3133843342046722
0.31350673110878663
0.31362266922432475
0.31373220775230426
0.31383540606640453
0.3139323237002556
0.3140230203347544
0.3141075557854692
0.3141859899900626
0.3142583829957908
0.31432479494706506
0.31438528607304833
0.31443991667533827
0.3144887471157101
0.3145318378039165
0.31456924918557466
0.3146010417301113
0.31462727591880696
0.3146480122329018
0.3146633111418011
0.31467323309136885
0.3146778384923017
0.31467718770863357
0.3146713410463028
0.3146603587418564
0.3146443009512574
0.3146232277387998
0.31459719906614686
0.3145662747815123
0.3145305146089365
0.31448997813773144
0.31444472481202884
0.31439481392050117
0.3143403045862032
0.31428125575658283
0.3142177261936264
0.3141497744641804
0.3140774589304172
0.31400083774048126
0.31391996881928447
0.3138349098594899
0.313745718312665
0.3136524513806015
0.3135551660068295
0.31345391886831486
0.3133487663673249
0.3132397646234957
0.3131269694660889
0.3130104364264389
0.31289022073058664
0.3127663772921184
0.3126389607051928
0.3125080252377807
0.31237362482507536
0.3122358130631325
0.31209464320269953
0.31195016814324145
0.31180244042716676
0.31165151223427623
0.3114974353763771
0.311340261292142
0.3111800410421271
0.31101682530402397
0.310850664368092
0.3106816081328038
0.3105097061006812
0.31033500737432024
0.3101575606526419
0.30997741422730357
0.3097946159793311
0.3096092133759162
0.3094212534674435
0.3092307828846555
0.30903784783605276
0.30884249410544135
0.308644767049691
0.30844471159664527
0.3082423722432452
0.3080377930537813
0.3078310176583696
0.30762208925155937
0.30741105059112245
0.3071979439970128
0.3069828113504727
0.30676569409331633
0.3065466332273627
0.30632566931399813
0.30610284247393676
0.3058781923870888
0.30565175829258334
0.30542357898893824
0.30519369283436626
0.30496213774720704
0.30472895120649646
0.304494170252674
0.30425783148838786
0.304019971079455
0.30378062475591905
0.3035398278132215
0.3032976151134953
0.3030540210869691
0.3028090797334576
0.30256282462398426
0.3023152889024701
0.30206650528754647
0.3018165060744373
0.30156532313696527
0.301312987929587
0.3010595314895786
0.3008049844392544
0.3005493769882734
0.3002927389360442
0.3000350996741554
0.299776488188924
0.2995169330639735
0.2992564624828965
0.2989951042319591
0.2987328857028781
0.298469833895649
0.29820597542140964
0.29794133650538906
0.29767594298986694
0.29740982033718516
0.2971429936328246
0.2968754875884853
0.2966073265452367
0.2963385344766735
0.2960691349921331
0.29579915133990914
0.29552860641052553
0.29525752274001854
