0.00004493660411721356
0.000046952891558403744
0.00004905758362608055
0.00005125394435691181
0.00005354571770465716
0.000055937434020577294
0.00005843272845207553
0.00006103569893084612
0.00006375143887043009
0.00006658410334075799
0.00006953880591974317
0.00007262008948934139
0.00007583348926681381
0.00007918419885308182
0.00008267767998690006
0.0000863199626953228
0.0000901167178076338
0.00009407422309002915
0.00009819888485491677
0.00010249736364642934
0.00010697645144090259
0.00011164326034959082
0.00011650507771376901
0.00012156962733590805
0.00012684465894953012
0.00013233832595511646
0.0001380590017887372
0.00014401545619272975
0.00015021655666916346
0.00015667157454986753
0.00016339010083531324
0.0001703819667588712
0.00017765737867470198
0.00018522681163236261
0.00019310112084471465
0.00020129142059430245
0.00020980926922730688
0.0002186664451354655
0.0002278751884066636
0.00023744804116804287
0.0002473979134677385
0.0002577381173665866
0.00026848229013146617
0.00027964447541425387
0.0002912391026466458
0.0003032809845650421
0.0003157853349781989
0.000328767762004526
0.0003422442619469576
0.0003562312597210232
0.00037074555667244253
0.00038580440162644034
0.0004014254220773666
0.00041762667952191756
0.00043442664213689267
0.0004518441954687738
0.0004698986491861248
0.0004886097146302695
0.0005079975295626203
0.0005280826438133232
0.0005488860185710568
0.0005704290259794561
0.0005927334479114609
0.0006158214661568647
0.0006397156686718027
0.0006644390357079423
0.0006900149405794433
0.0007164671441144513
0.0007438197824229096
0.0007720989228976363
0.0008013261806567179
0.000831528525205788
0.0008627315486622477
0.0008949621889484158
0.0009282446091927573
0.0009626073336864412
0.0009980763068027148
0.0010346787815783234
0.0010724423108531959
0.0011113952596459192
0.001151565117872976
0.0011929807205993403
0.0012356702282809067
0.001279663268652454
0.0013249885089166658
0.0013716755779542486
0.0014197537387282348
0.0014692535179838238
0.0015202043800692973
0.0015726371407169316
0.0016265821279678727
0.0016820702285622858
0.0017391323243024811
0.0017977997512044939
0.0018581038525826486
0.0019200762639337557
0.0019837489735252075
0.002049154093317244
0.0021163239734315084
0.0021852912703976294
0.002256088982764968
0.0023287501894774998
0.0024033084893757993
0.002479797724174063
0.002558252132417362
0.0026387063240402493
0.002721195276255371
0.002805754468214795
0.002892419847923682
0.002981227848833077
0.0030722155312892735
0.0031654204726231866
0.003260880958322555
0.0033586359718713534
0.0034587252156574352
0.003561189195884001
0.0036660692960957214
0.003773407815945227
0.003883248015246319
0.003995634223366133
0.004110611833673649
0.004228227459221831
0.004348528916528553
0.004471565348024068
0.004597387264837227
0.00472604663684095
0.004857596946939976
0.0049920932748309275
0.0051295923537768425
0.005270152652299375
0.005413834440015246
0.005560699857529544
0.005710812969868885
0.0058642398519456835
0.006021048629917956
0.00618130955838702
0.00634509505616966
0.006512479773461608
0.006683540634955252
0.006858356882786087
0.0070370101150138715
0.007219584319598482
0.007406165904717717
0.007596843717971097
0.007791709060829435
0.00799085570635021
0.008194379891529897
0.00840238031855063
0.008614958142674045
0.008832216952288814
0.00905426273941714
0.009281203866937737
0.00951315102385209
0.009750217172782816
0.00999251749271885
0.010240169306264712
0.010493292004319914
0.01075200696061901
0.01101643743706183
0.011286708482417489
0.011562946819461057
0.011845280727837736
0.012133839916759006
0.012428755391241227
0.012730159309454822
0.013038184833451375
0.013352965975483593
0.013674637432832454
0.014003334422121812
0.014339192502765503
0.014682347399587807
0.015032934817647614
0.015391090253658079
0.01575694880399728
0.016130644968623233
0.016512312452470305
0.016902083964633073
0.017300091015349604
0.01770646371241849
0.018121330556755685
0.018544818236897413
0.018977051425530165
0.01941815257549924
0.0198682417187461
0.020327436265637443
0.020795850808313514
0.021273596926434598
0.021760782996478337
0.02225751400505804
0.022763891366972756
0.02328001274766225
0.02380597189168338
0.02434185845604958
0.024887757850206537
0.025443751082122205
0.026009914611151555
0.026586320207714464
0.02717303482035229
0.027770120449905396
0.028377634031936626
0.028995627325615374
0.029624146812447037
0.03026323360080149
0.030912923340235734
0.03157324614330709
0.032244226514954726
0.03292588329121257
0.0336182295852412
0.03432127274092447
0.035035014296417796
0.035759449952860754
0.03649456955300442
0.03724035706730178
0.03799679058575536
0.038763842319354126
0.03954147860732542
0.04032965993164851
0.04112834093894094
0.04193747046760876
0.042756991583105676
0.043586841618692834
0.04442695221999149
0.04527724939945301
0.04613765359331158
0.047008079724151504
0.04788843726868915
0.04877863033264875
0.04967855772406386
0.05058811303982514
0.05150718474816937
0.05243565627881034
0.05337340612030804
0.05432030790987446
0.055276230541608705
0.056241038264577964
0.05721459079243047
0.0581967434102276
0.05918734708703953
0.060186248593067156
0.06119329061232768
0.0622083118645512
0.06323114722602197
0.06426162784619831
0.06529958127994945
0.06634483161312017
0.06739719958376127
0.06845650272054911
0.06952255545802138
0.07059516929343784
0.0716741528894259
0.07275931223035764
0.07385045074909802
0.0749473694562171
0.07604986709419262
0.07715774025238134
0.07827078352296463
0.07938878961696597
0.08051154953766207
0.08163885267935056
0.08277048700295626
0.08390623914580757
0.08504589457734942
0.0861892377326788
0.08733605215226543
0.08848612062958214
0.08963922534138671
0.09079514797598603
0.09195366989108623
0.09311457225172154
0.09427763613914719
0.09544264271731397
0.0966093733472261
0.09777760974063592
0.09894713407822514
0.10011772913271899
0.10128917842096491
0.10246126633247045
0.10363377821370151
0.10480650056290657
0.10597922108687849
0.10715172887840023
0.1083238144882052
0.10949527003896034
0.1106658894376273
0.11183546832872883
0.11300380433338618
0.11417069712141462
0.11533594844566895
0.11649936236622957
0.11766074525378796
0.11881990589450026
0.11997665562353337
0.12113080841035084
0.12228218084306344
0.12343059236973475
0.12457586525930675
0.12571782470738155
0.1268562989024998
0.12799111910788594
0.12912211971552265
0.13024913827814874
0.1313720155981906
0.13249059573935995
0.13360472619561797
0.13471425770174267
0.13581904443722737
0.136918944149669
0.13801381785958447
0.139103530254702
0.14018794947775773
0.14126694719407332
0.14234039864992482
0.14340818265377073
0.144470181581566
0.14552628140816307
0.14657637162996262
0.14762034529869267
0.14865809910207406
0.149689533226315
0.15071455134843129
0.151733060757293
0.15274497215306812
0.15375019970657156
0.15474866104866294
0.155740277283275
0.15672497274865993
0.15770267521487988
0.15867331578381713
0.15963682876219495
0.16059315169274913
0.16154222524590525
0.1624839933412056
0.1634184029618754
0.1643454039625891
0.16526494939506983
0.1661769950642669
0.16708149979291023
0.16797842517018094
0.1688677355118205
0.16974939791586285
0.17062338197231983
0.17148966012004221
0.17234820720624677
0.17319900043584485
0.17404201960016852
0.17487724681625585
0.1757046664693464
0.17652426513716094
0.17733603166133907
0.17813995691545303
0.17893603391088242
0.1797242576791265
0.1805046250269474
0.18127713489678488
0.18204178782293579
0.1827985862639957
0.18354753433960871
0.18428863783133628
0.18502190401188384
0.1857473420323973
0.18646496214877128
0.18717477634808183
0.18787679783395178
0.1885710413410759
0.18925752265960605
0.18993625900903327
0.19060726881970796
0.19127057157904234
0.19192618799486413
0.1925741397129956
0.19321444947436717
0.19384714104628517
0.19447223930314747
0.1950897695276541
0.19569975837159878
0.1963022331070321
0.19689722180262248
0.19748475337859464
0.19806485749973382
0.19863756441750546
0.19920290504470944
0.1997609111163519
0.2003116148350826
0.20085504900212345
0.20139124716359208
0.2019202429917905
0.2024420711164273
0.20295676631737145
0.20346436412499216
0.2039649003658491
0.20445841111327387
0.20494493306270278
0.2054245033818501
0.20589715937719133
0.20636293883428744
0.20682187983418418
0.2072740205457976
0.20771940010846518
0.20815805701705561
0.2085900307851029
0.2090153608960975
0.209434086963395
0.2098462490763784
0.21025188742065062
0.2106510422158401
0.21104375430474717
0.2114300643737267
0.21181001329369192
0.2121836422636787
0.21255099251453832
0.21291210569650865
0.21326702303963493
0.2136157865687076
0.21395843798047473
0.21429501920556
0.21462557220860065
0.2149501394316234
0.21526876297136363
0.21558148509352004
0.21588834838842935
0.21618939526853526
0.21648466846722664
0.21677421053597326
0.21705806430076294
0.21733627231804742
0.2176088775908543
0.21787592297699807
0.21813745139115823
0.21839350555355663
0.21864412891361557
0.21888936405692824
0.2191292542209513
0.2193638423332209
0.21959317148031487
0.21981728492690605
0.2200362253827595
0.2202500360941875
0.22045876015147509
0.22066244056744933
0.22086112034488786
0.22105484248840276
0.22124365017863099
0.22142758595380999
0.22160669303669342
0.2217810142370287
0.22195059258154806
0.22211547064086953
0.22227569123455365
0.22243129691290792
0.2225823307506722
0.2227288347515412
0.22287085187214897
0.2230084243518196
0.22314159450491963
0.22327040464730818
0.2233948971540026
0.2235151139474269
0.22363109709549228
0.22374288844481677
0.22385052980482922
0.22395406299885942
0.2240535296245277
0.22414897095702005
0.22424042863917348
0.22432794369030262
0.2244115573092434
0.22449131058858435
0.22456724431698838
0.2246393991743469
0.22470781576463733
0.2247725344330045
0.22483359551366158
0.22489103913964845
0.22494490528250288
0.22499523385889864
0.22504206417584452
0.22508543609555218
0.22512538872031598
0.2251619610821685
0.2251951923094446
0.22522512103117234
0.2252517858753238
0.22527522512011655
0.22529547715155118
0.22531257982000752
0.22532657102605566
0.2253374884544124
0.22534536916353207
0.22535025055752525
0.22535216956592558
0.2253511629912438
0.2253472672532128
0.2253405189216462
0.22533095379032972
0.22531860794775152
0.22530351698406403
0.2252857161759261
0.22526524075418683
0.22524212604821364
0.2252164064587097
