0.208079257934092
0.16124760920084827
0.13138671835331905
0.11017811791370839
0.09419084628610565
0.08166647974965656
0.07158452584273539
0.06330174993357249
0.05638792053662823
0.05054209569781451
0.045546278186628514
0.041238066408245164
0.03749367065479712
0.03421691664385357
0.03133187339131873
0.028777763028863722
0.02650535632217863
0.02447436383366632
0.0226515113219332
0.021009095880301046
0.01952388651156021
0.018176275817831194
0.016949617647362514
0.015829704393150904
0.014804350508043525
0.013863057741253512
0.012996743913054378
0.012197521566087851
0.011458516114259755
0.010773715523866035
0.010137845356282687
0.00954626434927644
0.008994876738521972
0.008480058303620811
0.007998593728237049
0.007547623336033887
0.007124597633113621
0.006727238378913037
0.006353505141261139
0.00600156647446967
0.005669775012126225
0.0053566458822397025
0.005060837955549817
0.004781137514435336
0.004516443997772507
0.004265757528801561
0.004028167982852704
0.003802845383583799
0.0035890314500866887
0.003386032143314095
0.0031932110846927928
0.0030099837290418242
0.0028358122043665897
0.0026702007280264258
0.00251269153316754
0.002362861242960138
0.0022203176335097324
0.002084696748810318
0.001955660316764446
0.0018328934400894282
0.0017161025166584662
0.0016050133913266904
0.0014993696705154211
0.0013989312244264457
0.0013034728310674778
0.0012127829508799656
0.0011266626241718566
0.0010449244660925901
0.0009673917682322913
0.0008938976781463322
0.0008242844497332552
0.000758402775939055
0.0006961111616265387
0.0006372753796663585
0.0005817679397746051
0.0005294676420262391
0.00048025912423151616
0.00043403253954407315
0.0003906830575601855
0.00035011071503129675
0.0003122200016344305
0.0002769196017093667
0.00024412211025370172
0.00021374391583833168
0.00018570491590565858
0.00015992810969826346
0.00013633980499834988
0.00011486905217024248
0.00009544808725082943
0.00007801131824309321
0.00006249581606025647
0.00004884100494190637
0.000036988539022238084
0.000026882185184044935
0.000018467709388917825
0.000011692764789220454
6.506775042995152e-6
2.860803449981453e-6
7.073686458716484e-7
