0.14702907422781264
0.1105899070993884
0.08875445583502078
0.07386883241450251
0.06299326874472386
0.05468617784551784
0.04813842144157868
0.04285399664434546
0.03850919846443893
0.034882607801530546
0.03181712645157199
0.02919797456004239
0.026939249344598536
0.024975354582382616
0.02325533823639463
0.021739037749958338
0.02039438796481749
0.01919549901499881
0.01812125727774392
0.017154289637783957
0.016280185112534616
0.015486901993209125
0.014764310818516976
0.014103838208795762
0.013498186550639966
0.01294111138489661
0.01242724315782073
0.011951943408219333
0.01151118792482211
0.01110147119897662
0.01071972782036063
0.010363267444197603
0.010029720709477625
0.009716994038004285
0.009423231679120589
0.00914678370971546
0.008886178928328397
0.00864010181489291
0.008407372881185999
0.008186931826347022
0.00797782308325145
0.007779183356070359
0.007590230837149774
0.007410255857233617
0.007238612778620996
0.007074712888835406
0.006918018203591949
0.006768036044665637
0.00662431427828229
0.006486437056294139
0.006354021152934155
0.006226712652114364
0.006104184007147492
0.005986131494048435
0.005872272815645507
0.005762345063576467
0.005656102853503389
0.005553316679864439
0.005453771306920466
0.005357264476459496
0.005263605628336956
0.005172614667048679
0.005084121206633732
0.0049979632220943536
0.0049139863675427735
0.004832042842710958
0.004751991471683003
0.0046736952075568045
0.004597022644865933
0.004521845162755359
0.004448037111576682
0.004375476239206471
0.004304040552718709
0.004233608824863652
0.004164060342027098
0.004095271684697864
0.004027120491051316
0.0039594739402358334
0.003892204893839486
0.003825171405030807
0.003758225692369315
0.0036912088560445244
0.00362394826805684
0.0035562532823841956
0.00348791057923321
0.003418677683981719
0.0033482741869951763
0.0032763694998369014
0.003202567498252893
0.0031263802034894738
0.0030471936674298854
0.0029642094118124043
0.0028763613104441327
0.0027821310636914217
0.002679351324255185
0.002564501672827109
0.002430509940530699
0.002265771303553236
0.0020835388606865977
