0.0001282258991924679
0.00013396274483988693
0.00013994975919711628
0.00014619742778344808
0.00015271664897812393
0.0001595187479548565
0.00016661549191421935
0.00017401910563508147
0.00018174228697342794
0.0001897982234309518
0.0001982006085856681
0.00020696365910836018
0.000216102132731956
0.0002256313458534666
0.0002355671922393189
0.00024592616168568485
0.0002567253595757198
0.0002679825266520333
0.0002797160591568537
0.00029194502972487853
0.00030468920848679794
0.00031796908462173917
0.0003318058885825082
0.0003462216144735834
0.00036123904323501384
0.0003768817659071003
0.0003931742074348431
0.00041014165123841285
0.00042781026361756895
0.00044620711903724627
0.00046536022570265703
0.00048529855134532335
0.0005060520497128971
0.0005276516871487528
0.0005501294696737124
0.0005735184703724376
0.0005978528571860823
0.000623167920820946
0.0006495001032817743
0.000676887026242413
0.0007053675201051906
0.0007349816529106747
0.0007657707598509315
0.0007977774725653612
0.0008310457488152084
0.0008656209023611296
0.0009015496326601481
0.0009388800548934282
0.0009776617299472954
0.0010179456943134788
0.0010597844900317914
0.0011032321946228417
0.0011483444507671865
0.0011951784959483636
0.0012437931918451895
0.0012942490535294874
0.0013466082783677598
0.001400934774595235
0.0014572941895237123
0.0015157539373323013
0.00157638322634436
0.0016392530858354063
0.0017044363922326764
0.0017720078946363985
0.0018420442397088313
0.001914623995766814
0.001989827676033158
0.0020677377610322854
0.002148438720033283
0.00223201703144091
0.002318561202101892
0.00240816178546848
0.0025009113984819295
0.0025969047371709126
0.0026962385908221777
0.002799011854686282
0.002905325541109771
0.003015282789027769
0.0031289888717126214
0.0032465512026725934
0.003368079339656279
0.003493684986623292
0.003623481993617973
0.0037575863543772396
0.003896116201714863
0.004039191800387793
0.004186935537514499
0.0043394719103361755
0.0044969275112455385
0.004659431009962479
0.004827113132807312
0.005000106638837747
0.005178546292877516
0.005362568835238927
0.005552312948074941
0.005747919218193354
0.005949530096318523
0.006157289852630156
0.00637134452845462
0.0065918418841065815
0.006818931342684761
0.007052763929778293
0.007293492208991768
0.007541270213216116
0.0077962533715264185
0.00805859843169927
0.008328463378255333
0.008606007345946012
0.008891390528720934
0.009184774084041454
0.009486320032600633
0.009796191153397462
0.010114550874147034
0.010441563157085724
0.01077739238015188
0.0111222032136144
0.011476160492163906
0.011839429082566726
0.012212173746943635
0.012594559001784364
0.01298674897280288
0.013388907245749046
0.01380119671336179
0.014223779418579613
0.014656816394217632
0.015100467499294858
0.015554891252224097
0.016020244661089922
0.016496683051246828
0.01698435989052068
0.01748342661225737
0.0179940324365121
0.018516324189680387
0.01905044612288899
0.0195965397294394
0.020154743561666338
0.020725193047540422
0.02130802030734752
0.021903353970835142
0.022511318995144962
0.023132036483934613
0.023765623508033285
0.02441219292800088
0.02507185321897639
0.025744708298168807
0.026430857355357888
0.027130394686778664
0.027843409532725207
0.02856998591923845
0.02931020250422167
0.03006413242828987
0.030831843170709243
0.03161339641070571
0.03240884789445843
0.03321824730804338
0.03404163815660816
0.03487905765002128
0.03573053659522767
0.036596099295536914
0.037475763457032886
0.0383695401022885
0.03927743349155126
0.040199441051534314
0.04113555331193845
0.042085753849816894
0.04305001924184791
0.04402831902460088
0.04502061566281708
0.046026864525761664
0.04704701387161575
0.04808100483993354
0.04912877145211079
0.05019024061982408
0.05126533216139082
0.05235395882594188
0.053456026325345594
0.05457143337374877
0.05570007173461876
0.056841826275156854
0.057996575027924616
0.05916418925952867
0.0603445335461914
0.06153746585603218
0.06274283763785857
0.06396049391628962
0.06519027339298333
0.06643200855378519
0.06768552578155801
0.06895064547448963
0.07022718216964469
0.07151494467154387
0.07281373618552771
0.07412335445568358
0.07544359190710608
0.07677423579224324
0.0781150683411169
0.07946586691516418
0.08082640416448517
0.08219644818825808
0.08357576269809543
0.08496410718412044
0.08636123708353251
0.08776690395144758
0.08918085563379831
0.09060283644206572
0.0920325873296518
0.09346984606967268
0.09491434743396991
0.09636582337315036
0.09782400319743385
0.09928861375815853
0.10075937962971424
0.10223602329173724
0.10371826531139508
0.10520582452556639
0.10669841822276156
0.10819576232459453
0.10969757156666529
0.11120355967866896
0.11271343956358915
0.11422692347581702
0.11574372319802913
0.11726355021671712
0.11878611589617839
0.12031113165085411
0.12183830911587712
0.12336736031568411
0.12489799783056077
0.12642993496101776
0.12796288588982685
0.12949656584164715
0.1310306912400768
0.13256497986205035
0.13409915098944994
0.13563292555782736
0.13716602630213762
0.1386981778993598
0.14022910710795242
0.14175854290397605
0.14328621661388907
0.14481186204381905
0.14633521560532295
0.14785601643748977
0.1493740065253447
0.15088893081447383
0.15240053732179137
0.15390857724239615
0.15541280505247346
0.15691297860814518
0.15840885924026757
0.15990021184508424
0.16138680497075178
0.16286841089964774
0.16434480572645546
0.16581576943200496
0.1672810859528431
0.16874054324652368
0.1701939333526046
0.17164105244933894
0.17308170090608765
0.1745156833314546
0.17594280861712996
0.17736288997748095
0.17877574498494556
0.1801811956011691
0.18157906820405506
0.18296919361060582
0.1843514070957678
0.18572554840718863
0.18709146177602096
0.1884489959238612
0.18979800406574526
0.1911383439094785
0.19246987765120524
0.193792471967356
0.195105998003106
0.19641033135731617
0.19770535206419318
0.1989909445716201
0.20026699771636952
0.20153340469623374
0.202790063039179
0.20403687456967132
0.2052737453722965
0.2065005857526165
0.20771731019566045
0.20892383732195224
0.21012008984114405
0.2113059945037031
0.2124814820502861
0.21364648715938
0.2148009483930299
0.21594480814084577
0.21707801256251552
0.21820051152872263
0.2193122585608926
0.2204132107695022
0.22150332879144505
0.22258257672630197
0.22365092207169585
0.22470833565795817
0.22575479158208403
0.2267902671410071
0.22781474276458646
0.2288282019481317
0.229830631184604
0.2308220198968296
0.2318023603693341
0.23277164768059325
0.23372987963493425
0.23467705669498276
0.2356131819141116
0.23653826086941115
0.2374523015948924
0.23835531451531924
0.23924731238050942
0.24012831020018277
0.24099832517957165
0.2418573766557405
0.24270548603452116
0.2435426767285252
0.24436897409577132
0.24518440537934874
0.24598899964790946
0.2467827877373599
0.2475658021932051
0.24833807721426193
0.2490996485972381
0.24985055368236472
0.2505908313002629
0.25132052171981195
0.2520396665972056
0.2527483089259832
0.25344649298848404
0.2541342643081037
0.25481166960302776
0.255478756740813
0.2561355746943295
0.2567821734987057
0.2574186042094343
0.25804491886168024
0.2586611704305601
0.2592674127926721
0.2598637006885287
0.2604500896862287
0.2610266361461317
0.26159339718650537
0.26215043065021537
0.26269779507255253
0.26323554964974905
0.2637637542087495
0.2642824691777886
0.2647917555577395
0.26529167489461003
0.26578228925286956
0.26626366118917943
0.266735853727699
0.2671989303355208
0.2676529548991552
0.26809799170182547
0.26853410540116723
0.26896136100811957
0.2693798238659589
0.26978955963025913
0.27019063424956985
0.2705831139463302
0.2709670651987593
0.2713425547230044
0.27170964945593357
0.272068416538499
0.2724189232994052
0.27276123723941365
0.2730954260160715
0.2734215574286837
0.27373969940391524
0.27404991998165523
0.274352287301311
0.2746468695884311
0.27493373514155056
0.27521295231958
0.2754845895293558
0.2757487152133925
0.27600539783816563
0.2762547058823597
0.27649670782568486
0.27673147213758664
0.2769590672663926
0.2771795616287352
0.27739302359893747
0.27759952149886674
0.27779912358762826
0.27799189805197727
0.2781779129962189
0.2783572364328627
0.27852993627319267
0.27869608031781534
0.27885573624771764
0.2790089716152266
0.279155853835075
0.27929645017589494
0.2794308277513008
0.2795590535118252
0.279681194236164
0.2797973165233579
0.27990748678435484
0.2800117712342642
0.2801102358843837
0.2802029465343643
0.28028996876480294
0.28037136792943884
0.2804472091479935
0.28051755729858346
0.280582477010854
0.28064203265866755
0.280696288353181
0.2807453079360534
0.2807891549726796
0.2808278927454935
0.28086158424760743
0.2808902921763391
0.2809140789269346
0.28093300658646364
0.28094713692766077
0.28095653140325216
0.28096125113988946
0.2809613569327736
0.28095690923992833
0.28094796817678436
0.2809345935110928
0.2809168446575231
0.2808947806727924
0.2808684602508075
0.2808379417178801
0.28080328302797863
0.28076454175841786
0.28072177510546104
0.2806750398800647
0.28062439250381077
0.2805698890051165
0.2805115850151439
0.2804495357644472
0.2803837960792704
0.28031442037823384
0.2802414626691404
0.28016497654573674
0.28008501518497053
0.2800016313439113
0.2799148773574366
0.2798248051353092
0.2797314661600404
0.2796349114845505
0.27953519173011576
0.2794323570842419
0.27932645729901834
0.27921754168934904
0.2791056591312529
0.27899085806069723
0.27887318647203263
0.2787526919170169
0.2786294215036724
0.2785034218955683
0.27837473931073964
0.2782434195213213
0.2781095078528967
0.2779730491841705
0.27783408794663833
0.2776926681244664
0.2775488332544442
0.27740262642613595
0.27725409028194925
0.2771032670176795
0.27695019838260226
0.2767949256804094
0.27663748976948904
0.2764779310639236
0.2763162895342725
0.27615260470846004
0.2759869156728953
0.275819261073674
0.27564967911767807
0.2754782075741073
0.2753048837757508
0.2751297446205323
0.2749528265732192
0.27477416566693885
0.2745937975050814
0.2744117572631851
0.27422807969061785
0.2740427991128297
0.27385594943333225
0.2736675641357939
0.27347767628625735
0.27328631853548735
0.27309352312120644
0.27289932187055355
0.272703746202465
0.27250682713026814
0.2723085952642152
0.27210908081405505
0.27190831359171086
