0.04546701103743735
0.04568029381391655
0.0458957265350364
0.046113347239794884
0.04633319496428132
0.04655530976138713
0.04677973271513696
0.04700650595146528
0.04723567274879988
0.04746727743989366
0.04770136555961445
0.04793798381629151
0.048177180137154746
0.04841900370574938
0.04866350496896757
0.04891073571563497
0.049160749056869464
0.04941359951129845
0.04966934300468649
0.04992803691157213
0.05018974010226213
0.05045451297019009
0.05072241745865954
0.05099351711480616
0.05126787711602694
0.05154556429803887
0.05182664721734341
0.05211119615640413
0.05239928318348098
0.05269098217245098
0.05298636885686706
0.05328552084769074
0.053588517686635306
0.053895440862752136
0.054206373868398376
0.054521402213196984
0.054840613476674016
0.055164097327467784
0.055491945567747385
0.05582425215208563
0.056161113233249293
0.056502627176432826
0.0568488946032611
0.05720001840273456
0.05755610377783593
0.057917258247939085
0.058283591687302266
0.058655216337523255
0.05903224683792092
0.059414800227868735
0.05980299597219409
0.0601969559738252
0.06059680457683927
0.061002668584659456
0.06141467726097269
0.06183296232786708
0.06225765797298851
0.06268890084386118
0.06312683003831553
0.0635715870990434
0.06402331599738648
0.06448216311808375
0.0649482772382468
0.06542180950401838
0.06590291340126639
0.066391744722406
0.06688846153222539
0.06739322412695857
0.06790619498598228
0.06842753872692292
0.06895742204788395
0.06949601367023697
0.07004348427544421
0.0706000064363163
0.07116575454357636
0.07174090472869246
0.07232563478082507
0.07292012405842092
0.07352455339819776
0.07413910501500869
0.07476396240087793
0.07539931021784158
0.07604533418390619
0.07670222095704586
0.07737015801202109
0.07804933351454962
0.07873993618919278
0.07944215518339555
0.0801561799269855
0.08088219998732973
0.08162040492055966
0.08237098411735011
0.08313412664780996
0.08391002109890468
0.08469885541121705
0.08550081671066179
0.08631609113906548
0.0871448636782766
0.08798731797616957
0.08884363616591451
0.08971399868580708
0.09059858409665368
0.09149756889610133
0.09241112733305198
0.09333943122070038
0.09428264974794642
0.0952409492910891
0.09621449322467703
0.09720344173312352
0.09820795162155606
0.09922817612871823
0.10026426473953946
0.10131636299928487
0.10238461233038532
0.1034691498495007
0.10457010818755473
0.10568761531268159
0.10682179435506049
0.10797276343540009
0.10914063549651933
0.11032551813871645
0.11152751345924009
0.11274671789503625
0.11398322207131872
0.11523711065353606
0.11650846220517837
0.11779734905013803
0.11910383714068903
0.12042798593119487
0.12176984825721386
0.12312947022086239
0.12450689108230882
0.12590214315736983
0.12731525172183183
0.1287462349217977
0.13019510369170792
0.13166186167811098
0.1331465051710466
0.13464902304215826
0.13616939668981057
0.1377075999916717
0.1392635992639773
0.14083735322831012
0.14242881298551924
0.14403792199685225
0.1456646160723258
0.14730882336631762
0.1489704643800583
0.15064945197184318
0.152345691373698
0.1540590802153951
0.1557895085553159
0.15753685891828148
0.15930100634004982
0.16108181841845176
0.1628791553712203
0.16469287010008501
0.1665228082613832
0.16836880834273393
0.17023070174579097
0.17210831287476075
0.17400145923099278
0.17590995151279512
0.17783359372090385
0.17977218326913788
0.18172551110006874
0.18369336180582285
0.18567551375327968
0.1876717392141213
0.18968180449903466
0.19170547009625208
0.19374249081390507
0.19579261592628255
0.19785558932364958
0.1999311496654567
0.20201903053678125
0.20411896060773543
0.20623066379581018
0.20835385943061005
0.21048826242125462
0.2126335834259018
0.21478952902329276
0.21695580188618566
0.21913210095644986
0.22131812162158937
0.2235135558926093
0.22571809258290473
0.22793141748816786
0.23015321356692786
0.23238316112169272
0.23462093798056535
0.2368662196788739
0.23911867964107597
0.24137798936239419
0.24364381859021536
0.2459158355050631
0.2481937069010056
0.2504770983652488
0.25276567445689047
0.25505909888464395
0.25735703468339244
0.25965914438938265
0.26196509021406944
0.2642745342162965
0.2665871384728471
0.26890256524718437
0.2712204771562585
0.27354053733523226
0.2758624096001218
0.27818575860821415
0.28051025001599644
0.2828355506348368
0.2851613285839993
0.28748725344108134
0.2898129963897747
0.29213823036480324
0.29446263019407054
0.2967858727378369
0.2991076370248967
0.30142760438579796
0.30374545858284885
0.3060608859370473
0.30837357545173394
0.31068321893307477
0.3129895111071394
0.3152921497337585
0.3175908357169308
0.31988527321185306
0.3221751697285519
0.3244602362320255
0.3267401872389337
0.329014740910812
0.3312836191437575
0.33354654765462916
0.3358032560637282
0.33805347797394497
0.3402969510463953
0.3425334170725619
0.3447626220428597
0.34698431621177633
0.34919825415947264
0.3514041948499043
0.35360190168552375
0.3557911425584895
0.3579716898984854
0.3601433207171451
0.36230581664910405
0.36445896398970073
0.36660255372939843
0.36873638158490224
0.3708602480270571
0.3729739583055406
0.37507732247038933
0.3771701553904073
0.3792522767685068
0.38132351115398977
0.38338368795188316
0.38543264142929834
0.3874702107189135
0.3894962398196334
0.39151057759442925
0.39351307776548544
0.395503598906624
0.39748200443314113
0.3994481625890516
0.4014019464318379
0.40334323381472853
0.4052719073666147
0.4071878544695923
0.4090909672342654
0.41098114247281675
0.41285828166993227
0.4147222909516457
0.41657308105213736
0.41841056727858
0.420234669474094
0.4220453119788358
0.4238424235893333
0.4256259375161107
0.4273957913396498
0.42915192696476856
0.43089429057349715
0.43262283257646716
0.4343375075629273
0.43603827424940766
0.43772509542713556
0.4393979379082128
0.4410567724706744
0.442701573802442
0.44433232044426685
0.4459489947316917
0.44755158273611817
0.44914007420502966
0.45071446250141883
0.45227474454249156
0.453820920737693
0.45535299492611814
0.45687097431336976
0.45837486940789
0.45986469395687196
0.46134046488173025
0.4628022022132623
0.46424992902649
0.46568367137526406
0.4671034582266692
0.46850932139528423
0.4699012954773309
0.4712794177847835
0.4726437282794518
0.473994269507114
0.47533108653170314
0.4766542268696432
0.47796374042431583
0.4792596794207456
0.4805420983405129
0.4818110538569407
0.4830666047706045
0.48430881194516756
0.4855377382436204
0.48675344846491
0.48795600928102845
0.4891454891745735
0.4903219583768009
0.49148548880623366
0.49263615400779937
0.49377402909257806
0.494899190678144
0.49601171682954764
0.4971116870009447
0.4981991819779195
0.4992742838204758
0.5003370758067729
0.5013876423775784
0.5024260690814749
0.5034524425208351
0.5044668502985759
0.5054693809657085
0.5064601239696975
0.5074391696036371
0.5084066089562578
0.5093625338627793
0.5103070368565998
0.5112402111218544
0.5121621504468306
0.5130729491782624
0.5139727021764854
0.5148615047714845
0.5157394527198219
0.5166066421624496
0.51746316958341
0.518309131769427
0.5191446257703962
0.5199697488607453
0.520784598501702
0.5215892723044445
0.522383867994132
0.5231684833748269
0.5239432162952891
0.5247081646156481
0.5254634261749493
0.5262090987595589
0.5269452800724361
0.5276720677032555
0.5283895590993803
0.5290978515376676
0.5297970420971206
0.5304872276323508
0.5311685047478708
0.531840969773185
0.5325047187386859
0.5331598473523398
0.5338064509771498
0.5344446246093955
0.5350744628576191
0.535696059922389
0.5363095095767724
0.5369149051475578
0.5375123394971834
0.5381019050063811
0.5386836935575087
0.53925779651857
0.5398243047279048
0.5403833084795409
0.5409348975091931
0.5414791609809007
0.5420161874742876
0.5425460649724364
0.5430688808503618
0.5435847218640739
0.5440936741402185
0.5445958231662731
0.5450912537813106
0.5455800501672899
0.546062295840873
0.5465380736457687
0.5470074657455735
0.5474705536171006
0.547927418044191
0.5483781391120014
0.5488227962017315
0.5492614679858075
0.5496942324234981
0.5501211667569402
0.5505423475075948
0.550957850473077
0.5513677507244
0.5517721226035659
0.5521710397215502
0.552564574956621
0.5529528004530154
0.5533357876199378
0.5537136071308923
0.5540863289233213
0.554454022198548
0.5548167554220148
0.555174596323803
0.5555276118994252
0.5558758684108848
0.5562194313879888
0.5565583656299072
0.5568927352069694
0.5572226034626871
0.5575480330159984
0.5578690857637301
0.5581858228832436
0.5584983048353003
0.5588065913670934
0.5591107415154737
0.5594108136103354
0.5597068652781748
0.5599989534458015
0.5602871343441983
0.5605714635125297
0.5608519958022817
0.5611287853815273
0.5614018857393275
0.5616713496902384
0.5619372293789272
0.5621995762849068
0.5624584412273511
0.5627138743700192
0.5629659252262557
0.5632146426640818
0.5634600749113547
0.5637022695610113
0.5639412735763643
0.564177133296471
0.5644098944415611
0.5646396021185025
0.5648663008263389
0.5650900344618499
0.5653108463251689
0.5655287791254227
0.5657438749864176
0.5659561754523426
0.5661657214935051
0.5663725535120864
0.5665767113479152
0.5667782342842559
0.5669771610536104
0.5671735298435252
0.5673673783024145
0.5675587435453706
0.5677476621599915
0.567934170212194
0.5681183032520251
0.5683000963194769
0.5684795839502761
0.5686568001816701
0.568831778558202
0.5690045521374661
0.5691751534958419
0.5693436147342206
0.5695099674836955
0.5696742429112408
0.56983647172536
0.5699966841817092
0.5701549100886926
0.5703111788130317
0.570465519285295
0.5706179600054098
0.5707685290481272
0.5709172540684633
0.5710641623070967
0.5712092805957347
0.5713526353624446
0.5714942526369395
0.5716341580558301
0.5717723768678312
0.5719089339389413
0.5720438537575595
0.5721771604395803
0.5723088777334308
0.5724390290250759
0.5725676373429727
0.5726947253629818
0.5728203154132365
0.5729444294789643
0.5730670892072627
0.5731883159118326
