0.44978192523457167
0.47200985430960385
0.48413710103615454
0.4924220061001225
0.49870903491158625
0.5037762276527056
0.5080206536433656
0.5116712122944258
0.5148716418485789
0.517718128934394
0.5202782814289019
0.5226015126782121
0.5247251023648616
0.5266779233561217
0.528482834570005
0.530158274357997
0.5317193550924104
0.5331786356327548
0.5345466794402522
0.5358324662577416
0.5370437014023248
0.5381870519728624
0.5392683299130542
0.5402926357797092
0.5412644730141669
0.542187839765472
0.5430663034140459
0.5439030616093793
0.5447009926833877
0.5454626976115008
0.5461905351892385
0.5468866517169343
0.547553006204664
0.5481913918964714
0.5488034547499602
0.5493907093816667
0.5499545528905962
0.550496276895315
0.5510170780594953
0.5515180673318261
0.5520002780879417
0.5524646733304137
0.5529121520773518
0.5533435550496736
0.5537596697497473
0.554161235010654
0.5545489450827696
0.5549234533159033
0.5552853754860076
0.5556352928095393
0.55597375468259
0.5563012811767822
0.5566183653207059
0.5569254751914083
0.5572230558378439
0.5575115310564036
0.5577913050350095
0.558062763882796
0.5583262770585986
0.5585821987119232
0.5588308689488954
0.5590726150344286
0.5593077525419461
0.5595365864609192
0.5597594122748566
0.5599765170180377
0.5601881803259924
0.5603946754891865
0.5605962705258133
0.5607932292881603
0.5609858126207771
0.5611742795911587
0.5613588888181726
0.5615398999287596
0.5617175751803973
0.5618921812952158
0.5620639915687341
0.5622332883266912
0.5624003658318564
0.5625655337724079
0.5627291215119246
0.5628914833378442
0.5630530050476059
0.5632141123349144
0.5633752816549049
0.5635370545440672
0.5637000568695475
0.5638650252693405
0.5640328443583202
0.5642046005888337
0.5643816627784052
0.5645658072724979
0.5647594218328341
0.5649658575857067
0.5651900834510912
0.5654400295005235
0.5657297564355975
0.5660887266144173
0.5666021126831169
