0.0014033386566863896
0.0014103534503293828
0.0014184903777699732
0.0014229827524567056
0.001429421955722861
0.0014373129900985293
0.0014462773656247654
0.001453712447147747
0.0014623984139285151
0.001470338410662976
0.0014780288011493321
0.0014857979601516631
0.0014938513206511417
0.0015023065342221944
0.0015104816522786264
0.0015187220075028312
0.0015277796655651693
0.001536633515774449
0.0015455845467877056
0.0015548218363855913
0.0015636108224925153
0.0015730962391834469
0.0015824192480501094
0.0015918846123095542
0.0016016833453089295
0.0016114175496028818
0.001621470191378032
0.0016315010827057822
0.0016417733835359793
0.0016521785087373116
0.001662749709511689
0.0016734858846384672
0.001684333148390641
0.001695409102404395
0.0017066790288152904
0.0017180747230058175
0.0017296886532677243
0.0017415024597406937
0.0017535045425044985
0.0017657080128708244
0.001778116199027855
0.0017907434211690296
0.0018035940995057079
0.001816672729377911
0.0018299886103589787
0.0018435399555361556
0.0018573405988584844
0.001871406673099089
0.0018857287895756394
0.001900327661421276
0.0019152022834413246
0.0019303709458534915
0.001945835362221448
0.0019616071985922552
0.001977693142563601
0.001994104977267746
0.0020108530278151594
0.0020279462873548345
0.0020453942404623374
0.0020632111953498094
0.0020814053828874996
0.002099989680074808
0.002118974629403026
0.002138373763591454
0.0021581992454397935
0.002178463419866994
0.002199180064048382
0.0022203632967572567
0.0022420263327471253
0.002264184120391106
0.0022868513494603213
0.0023100436144039387
0.002333775971777755
0.002358064925909571
0.002382926955176005
0.0024083787426025963
0.0024344378738374054
0.0024611221315882603
0.0024884496254955688
0.002516439137285506
0.0025451097835585833
0.0025744812165335047
0.0026045735081711395
0.0026354071268607487
0.0026670031378860522
0.0026993829655668914
0.0027325686632366617
0.0027665891486561064
0.002801453505175936
0.002837192636455922
0.0028738304535034127
0.0029113952314114093
0.002949903757871993
0.0029893888098215084
0.0030298726893395545
0.003071382002201547
0.003113945880278685
0.0031575895031067088
0.0032023426672182294
0.0032482335936067875
0.0032952899832890304
0.003343543901606956
0.003393025096671247
0.003443764047505718
0.003495792661696065
0.00354914255780398
0.0036038472177282524
0.0036599398277511828
0.0037174545861420366
0.0037764257242695466
0.003836888846590764
0.0038988799596949178
0.003962435856278316
0.004027594285172727
0.004094392939212845
0.004162871357709717
0.00423306917122231
0.004305026843272344
0.004378786037353038
0.00445438903543875
0.004531879120598854
0.004611300570044324
0.004692698297465312
0.004776118791562577
0.004861609075879975
0.00494921759201649
0.005038993672623149
0.005130987983329143
0.005225252374086818
0.005321839835003393
0.005420804764915832
0.005522202898015228
0.0056260912813350175
0.005732528494558061
0.005841574527838327
0.005953290983428518
0.006067740982884898
0.006184989273614606
0.006305102339918068
0.006428148357978874
0.006554197271616658
0.006683320856890314
0.006815592728761719
0.006951088447681752
0.007089885468957549
0.007232063273045883
0.007377703316730727
0.0075268891263658875
0.007679706303783299
0.007836242532704827
0.00799658762978312
0.00816083354589742
0.008329074367295165
0.00850140633556519
0.008677927849863794
0.008858739443505261
0.009043943795850436
0.00923364569020067
0.009427952013098843
0.009626971703409306
0.00983081573103761
0.010039597038084212
0.010253430492879563
0.010472432834144146
0.010696722594478235
0.010926420030303618
0.011161647044043084
0.01140252708128372
0.011649185048939298
0.01190174719671604
0.012160341012059083
0.01242509509638231
0.012696139042449555
0.012973603294689448
0.013257619014637779
0.013548317929547917
0.013845832181355674
0.014150294168928537
0.01446183638113473
0.01478059123154284
0.015106690881145744
0.015440267062827492
0.015781450900137856
0.01613037272095439
0.01648716187151997
0.01685194652679713
0.017224853498379385
0.017606008043036386
0.017995533669813345
0.018393551945599815
0.0188001823038659
0.019215541851783178
0.019639745181020067
0.020072904178738884
0.02051512784177053
0.02096652209419385
0.021427189607605764
0.021897229626114626
0.02237673779487732
0.022865805993769077
0.02336452217657363
0.023872970215146876
0.024391229749496326
0.02491937604495564
0.025457479854774288
0.026005607288866063
0.026563819692171475
0.02713217352822654
0.027710720269667956
0.028299506297229625
0.028898572807370685
0.029507955724525664
0.030127685626038885
0.030757787669616697
0.03139828153070321
0.03204918135138911
0.03271049568913599
0.033382227483505014
0.034064374020156114
0.0347569269096468
0.03545987207162705
0.03617318972516497
0.03689685438492396
0.0376308348739068
0.03837509432930336
0.03912959021864
0.03989427437957502
0.04066909302976466
0.04145398682787947
0.0422488909001479
0.04305373488971177
0.04386844303277524
0.044692934188020665
0.04552712192157304
0.046370914568292745
0.047224215313538216
0.048086922264107136
0.04895892852527876
0.04984012230335821
0.05073038698974559
0.05162960123711881
0.052537639086280716
0.05345437004294522
0.05437965918828536
0.05531336728287276
0.056255350894535074
0.05720546246125733
0.05816355044115936
0.059129459451230895
0.06010303031477422
0.061084100251594456
0.06207250294736807
0.06306806870832857
0.06407062455437501
0.06507999438980847
0.06609599909797545
0.06711845666349722
0.06814718234335063
0.0691819887330289
0.07022268593874924
0.07126908175313125
0.07232098170621992
0.07337818920463049
0.07444050577195646
0.07550773102571676
0.076579662965538
0.0776560979880533
0.07873683113734462
0.07982165612442747
0.08091036554122981
0.08200275095896574
0.08309860313627618
0.08419771198455614
0.08529986702959726
0.08640485710739113
0.0875124709442512
0.0886224968380326
0.08973472332825261
0.09084893879616691
0.09196493197138089
0.09308249186449684
0.09420140800497318
0.09532147051281693
0.0964424702905149
0.09756419893846066
0.09868644929845649
0.09980901520981937
0.10093169160085483
0.10205427499042809
0.10317656311079905
0.1042983555911329
0.10541945341841905
0.10653965967493702
0.10765877905711244
0.1087766184915341
0.10989298709221595
0.11100769585609546
0.11212055845320787
0.11323139065515052
0.1143400109324289
0.11544624019928366
0.11654990211090117
0.11765082287426713
0.11874883168377061
0.11984376066262577
0.12093544457067883
0.12202372157111684
0.12310843236438837
0.12418942128131653
0.12526653567623566
0.12633962589776537
0.12740854559603296
0.12847315203423804
0.1295333052022917
0.13058886924378565
0.13163971087634074
0.13268570059304582
0.13372671275108494
0.13476262418069995
0.13579331571229136
0.13681867176237353
0.13783857978483283
0.13885293133066098
0.1398616203090343
0.14086454533006829
0.14186160760703723
0.1428527117822153
0.1438377667358921
0.14481668362044584
0.14578937712065473
0.14675576611910685
0.147715771801003
0.14866931943595577
0.1496163367789809
0.15055675537153856
0.1514905093375091
0.152417536411837
0.15333777745371382
0.154251175756271
0.15515767790845855
0.15605723354434475
0.15694979500454898
0.1578353177968524
0.15871375937927396
0.15958508159771836
0.16044924649824097
0.16130622105787398
0.1621559737327919
0.16299847519845198
0.16383369922383428
0.16466162132678033
0.16548222053376418
0.16629547679171602
0.16710137287828522
0.16789989365903044
0.16869102630068966
0.1694747594272975
0.170251084457304
0.1710199934094909
0.17178148221580575
0.17253554639621607
0.17328218551997376
0.17402139849889617
0.1747531875561628
0.17547755583222327
0.17619450778536141
0.1769040502391637
0.17760619098624855
0.1783009391961228
0.17898830458707296
0.17966829898948256
0.18034093646950278
0.18100623092329837
0.18166419757714855
0.18231485210591383
0.18295821284124153
0.18359429840825636
0.18422312893730006
0.18484472339812114
0.1854591045831657
0.18606629433120456
0.18666631601506914
0.18725919388290008
0.18784495120727773
0.18842361584914372
0.18899521175428116
0.18955976721822776
0.19011730838298047
0.19066786544921144
0.19121146637519632
0.19174813945426478
0.19227791510004422
0.19280082437872614
0.19331689762701199
0.19382616573097214
0.19432866229939513
0.19482441665432626
0.19531346477955014
0.19579583716709184
0.19627156810771415
0.19674069238073832
0.19720324325221203
0.19765925554019032
0.19810876292059107
0.1985518019052354
0.19898840739457815
0.19941861529564503
0.19984246099611194
0.20025998148244997
0.20067121173432398
0.20107619037290558
0.2014749522692789
0.2018675360697254
0.20225397886253896
0.20263431689979208
0.20300858863005553
0.20337683255306696
0.20373908584691902
0.20409538641969566
0.20444577254967622
0.2047902826738977
0.205128957302291
0.20546183173250254
0.2057889477648812
0.2061103421189303
0.20642605479190798
0.20673612533711735
0.20704059265349367
0.20733949393810808
0.20763287279610237
0.20792076600741508
0.20820321264310826
0.20848025291413164
0.20875192771917986
0.20901827598071404
0.20927933688809966
0.20953515119416216
0.20978575810913114
0.21003119841696402
0.21027151160916915
0.21050673724488744
0.21073691661371693
0.21096208856738277
0.21118229392699284
0.21139757210658408
0.21160796454464523
0.21181350895836892
0.21201424870344385
0.21221022087397803
0.21240146910639665
0.21258802917597772
0.2127699452832359
0.2129472541572698
0.2131199978398267
0.21328821641774587
0.2134519481147904
0.21361123567717832
0.21376611809417964
0.21391663377794187
0.2140628236409768
0.21420472689165182
0.21434238575496567
0.21447583596068162
0.21460512046923957
0.21473027701168745
0.21485134546170645
0.21496836534995176
0.21508137637316685
0.21519041769160302
0.2152955273199645
0.21539674659553865
0.2154941117448922
0.21558766377303795
0.21567744102099431
0.21576348124581407
0.2158458228409569
0.2159245060940239
0.21599956734032635
0.21607104577165606
0.21613897956944172
0.21620340610987845
0.2162643627394337
0.21632188756957965
0.21637601956571803
0.21642679266248066
0.21647424788730799
0.2165184206071749
0.21655934702881907
0.21659706414979055
0.2166316087526724
0.2166630176532921
0.2166913260996047
0.21671657202902503
0.21673878983776224
0.21675801483510418
0.21677428311293395
0.2167876298657725
0.2167980900675047
0.21680569918499742
0.21681049234912583
