0.11385640334774406
0.07984296688562745
0.06104968520679853
0.048977448425512264
0.040571968817111496
0.034407730093375
0.02971656883723842
0.026044233592914807
0.02310392474160342
0.020705506236521776
0.018718051996222656
0.017048620806802344
0.015629561061838392
0.014410579533407865
0.013353605467870528
0.012429363271848824
0.011615026097441496
0.010892573608831752
0.010247620287194342
0.009668565170456028
0.009145965499850523
0.008672069055025742
0.008240460688610033
0.007845792217866132
0.007483573919788921
0.0071500120810763955
0.006841881312287099
0.0065564234680167465
0.006291266890653041
0.00604436159279691
0.005813926840536716
0.005598408420751474
0.005396443638006962
0.005206832799249441
0.005028515036262387
0.004860548869897488
0.004702095558293428
0.004552405066002362
0.004410804478574858
0.0042766883586092055
0.0041495097849055754
0.004028773417613116
0.003914029752290701
0.003804869020976079
0.0037009169472593047
0.003601831918927701
0.0035072985130079875
0.0034170283165449082
0.0033307561203213903
0.0032482335936067936
0.003169233216301723
0.003093543462058182
0.003020969408461228
0.0029513239580117616
0.0028844395307248685
0.0028201583505111025
0.002758327340747073
0.00269879733520355
0.0026414509021750548
0.00258615660482916
0.0025327965908060546
0.002481259251998447
0.0024314390005663856
0.002383235222963854
0.002336552001992656
0.0022912975491723945
0.0022473847992092347
0.0022047288818741522
0.0021632487972767403
0.002122865682602699
0.002083503515925352
0.0020450875858120656
0.0020075448581579848
0.001970803294307898
0.0019347930035098144
0.0018994416186770434
0.0018646733596933776
0.0018304225999314558
0.0017966164607646563
0.0017631677435756177
0.001730011243509595
0.001697073338842872
0.0016641929695803185
0.0016313844997031435
0.0015983648212404117
0.0015650680707429265
0.0015315559506446235
0.0014983697643744162
0.0014634997831846843
0.0014271004298589906
0.0013913715105861198
0.0013409357324420201
0.0013465049859436428
0.00130090137304261
0.0012513775448901492
0.0011962597968268299
0.0011325966998276548
0.0010542396292031297
0.0009435408925749473
