0.6268545968146417
0.626364040799307
0.6260242103392488
0.6257520471039549
0.6255188887033251
0.6253111207879014
0.6251211230774706
0.6249441727123651
0.6247771311630721
0.6246178042531314
0.6244645978759509
0.6243163185474695
0.6241720509752829
0.6240310793295246
0.6238928346289802
0.6237568584713626
0.623622777313624
0.6234902838080636
0.6233591229866344
0.623229081853269
0.6230999814104865
0.6229716704705012
0.6228440207898659
0.6227169232041774
0.6225902845199089
0.6224640250012641
0.6223380763098987
0.6222123798124063
0.6220868851780794
0.621961549203509
0.6218363348297891
0.6217112103120128
0.6215861485165146
0.6214611263168998
0.6213361240825399
0.6212111252373753
0.6210861158760124
0.6209610844376197
0.6208360214176165
0.6207109191185695
0.620585771433016
0.6204605736528903
0.6203353223018738
0.62021001498826
0.6200846502760426
0.6199592275700583
0.6198337470142293
0.6197082094027057
0.6195826160997648
0.6194569689695189
0.6193312703122774
0.6192055228094133
0.6190797294730329
0.6189538936012465
0.6188280187383042
0.6187021086396728
0.6185761672401299
0.6184501986244073
0.6183242070034672
0.6181981966896508
0.6180721720781834
0.6179461376283029
0.617820097846714
0.6176940572732793
0.6175680204680857
0.6174419919994084
0.6173159764344521
0.6171899783283762
0.617064002217887
0.616938052612768
0.6168121339896234
0.6166862507868033
0.616560407398151
0.6164346081697945
0.6163088573957284
0.6161831593143035
0.6160575181053524
0.6159319378878133
0.6158064227177615
0.6156809765857743
0.6155556034164119
0.6154303070662457
0.6153050913231937
0.6151799599054351
0.6150549164612641
0.6149299645683529
0.61480510773339
0.6146803493924989
0.6145556929106119
0.6144311415822364
0.6143066986310808
0.6141823672109958
0.6140581504061272
0.6139340512313607
0.6138100726330378
0.6136862174894022
0.6135624886116706
0.6134388887443821
0.6133154205662618
0.613192086691211
0.6130688896688266
0.6129458319857122
0.6128229160659341
0.6127001442722332
0.6125775189066707
0.6124550422116614
0.6123327163713715
0.6122105435117132
0.6120885257021628
0.6119666649564575
0.6118449632334522
0.6117234224379215
0.611602044422087
0.6114808309859477
0.6113597838785356
0.6112389047989171
0.6111181953968718
0.6109976572741755
0.6108772919851296
0.610757101037633
0.6106370858944665
0.6105172479734104
0.61039758864879
0.6102781092519847
0.6101588110725493
0.6100396953587705
0.6099207633185102
0.6098020161206162
0.60968345489492
0.6095650807334815
0.6094468946914123
0.6093288977873164
0.6092110910042476
0.6090934752907731
0.6089760515611092
0.6088588206963736
0.6087417835448526
0.6086249409229341
0.6085082936160293
0.6083918423786313
0.608275587935453
0.6081595309821854
0.6080436721854721
0.6079280121842853
0.6078125515901934
0.6076972909878138
0.6075822309355802
0.6074673719665614
0.6073527145884989
0.6072382592848068
0.6071240065148813
0.6070099567147212
0.6068961102974794
0.6067824676538078
0.6066690291525978
0.6065557951412958
0.6064427659465728
0.6063299418745163
0.6062173232113166
0.6061049102237033
0.6059927031592595
0.6058807022468907
0.6057689076974441
0.6056573197040245
0.605545938442208
0.6054347640704213
0.6053237967309971
0.6052130365498268
0.6051024836367356
0.6049921380865595
0.6048819999786659
0.6047720693778714
0.6046623463345084
0.6045528308849173
0.6044435230518368
0.6043344228441265
0.6042255302582809
0.6041168452774986
0.604008367872598
0.6039000980023778
0.6037920356137596
0.6036841806419061
0.6035765330106225
0.6034690926331904
0.603361859411372
0.6032548332371546
0.603148013991622
0.6030414015462423
0.6029349957628829
0.6028287964933398
0.6027228035807547
0.6026170168587689
0.6025114361523676
0.6024060612780386
0.6023008920437494
0.6021959282493659
0.6020911696867446
0.6019866161399686
0.6018822673855585
0.6017781231929117
0.6016741833237377
0.6015704475332955
0.6014669155696604
0.6013635871744675
0.6012604620827658
0.601157540023539
0.6010548207193279
0.6009523038869194
0.600849989237257
0.6007478764758177
0.600645965302225
0.6005442554111446
0.6004427464916966
0.6003414382282278
0.6002403303001926
0.600139422381952
0.6000387141435544
0.5999382052504775
0.5998378953638612
0.5997377841402748
0.5996378712326104
0.599538156289526
0.5994386389558449
0.5993393188725482
0.5992401956769847
0.599141269003112
0.5990425384812627
0.5989440037384437
0.5988456643985135
0.5987475200823058
0.5986495704072311
0.5985518149883066
0.5984542534373375
0.5983568853634553
0.5982597103732762
0.5981627280706991
0.5980659380572575
0.5979693399319468
0.5978729332917154
0.5977767177309626
0.597680692842099
0.5975848582156625
0.5974892134398921
0.5973937581012405
0.5972984917843156
0.5972034140719766
0.5971085245453331
0.5970138227838517
0.596919308365489
0.5968249808668246
0.596730839862546
0.5966368849266016
0.5965431156310919
0.5964495315471279
0.5963561322446554
0.5962629172923896
0.5961698862579052
0.596077038707855
0.5959843742079146
0.5958918923229203
0.5957995926165605
0.5957074746520084
0.5956155379915365
0.5955237821966498
0.5954322068283652
0.5953408114468156
0.5952495956118811
0.5951585588824612
0.5950677008173308
0.5949770209746439
0.5948865189123264
0.594796194187513
0.5947060463575481
0.5946160749790694
0.5945262796087032
0.5944366598025839
0.5943472151170445
0.5942579451078801
0.5941688493310181
0.5940799273421193
0.5939911786971015
0.5939026029515532
0.5938141996610987
0.5937259683815962
0.5936379086688239
0.5935500200787291
0.5934623021673371
0.5933747544908707
0.5932873766057933
0.5932001680684736
0.5931131284360889
0.5930262572655302
0.592939554114175
0.5928530185398267
0.5927666501003827
0.5926804483543276
0.5925944128603808
0.5925085431777282
0.5924228388659709
0.5923372994851114
0.5922519245956356
0.592166713758328
0.5920816665350613
0.5919967824875226
0.5919120611782662
0.591827502170399
0.5917431050276509
0.591658869314159
0.5915747945949145
0.5914908804351856
0.5914071264012264
0.5913235320596344
0.5912400969780693
0.5911568207244996
0.5910737028676933
0.5909907429773462
0.5909079406234702
0.590825295377093
0.5907428068101487
0.5906604744948808
0.5905782980046734
0.5904962769135078
0.5904144107962322
0.5903326992284802
0.5902511417867993
0.5901697380482712
0.5900884875912886
0.5900073899947526
0.5899264448383816
0.5898456517029482
0.5897650101700651
0.5896845198221049
0.5896041802424595
0.5895239910155458
0.5894439517263281
0.5893640619608764
0.5892843213062877
0.5892047293505202
0.5891252856823223
0.5890459898915722
0.5889668415690902
0.588887840306598
0.5888089856967426
0.5887302773330813
0.5886517148105094
0.5885732977243978
0.5884950256715764
0.5884168982493846
0.588338915056559
0.5882610756926817
0.5881833797583438
0.5881058268550919
0.5880284165856364
0.5879511485536167
0.5878740223636076
0.5877970376213097
0.5877201939335365
0.5876434909079571
0.5875669281532274
0.5874905052795132
0.587414221897364
0.5873380776187858
0.5872620720567157
0.5871862048251805
0.587110475539258
0.5870348838150024
0.5869594292696944
0.586884111521406
0.5868089301895719
0.5867338848944288
0.5866589752573738
0.5865842009010407
0.5865095614486967
0.5864350565253166
0.5863606857563404
0.5862864487686177
0.5862123451898623
0.5861383746491082
0.5860645367761644
0.585990831202234
0.5859172575594678
0.5858438154808607
0.5857705046007939
0.5856973245545047
0.5856242749786592
0.5855513555105754
0.5854785657888583
0.58540590545318
0.5853333741440879
0.5852609715035925
0.5851886971747435
0.5851165508009408
0.5850445320276348
0.5849726405009771
0.5849008758679315
0.5848292377767632
0.5847577258767654
0.5846863398185848
0.5846150792534933
0.5845439438340436
0.5844729332138535
0.5844020470474912
0.5843312849909325
0.5842606467009728
0.5841901318351943
0.5841197400528373
0.5840494710138021
0.5839793243790856
0.5839092998110136
0.5838393969725683
0.5837696155281308
0.5836999551428655
0.583630415483293
0.583560996216722
0.5834916970117247
0.5834225175376555
0.5833534574650544
0.583284516465769
0.5832156942122169
0.5831469903782472
0.5830784046385534
0.5830099366687741
0.5829415861460204
0.5828733527479362
0.5828052361533926
0.5827372360423968
0.5826693520958877
0.582601583995832
0.5825339314251657
0.5824663940679283
0.5823989716093504
0.5823316637351237
0.5822644701327853
0.5821973904901239
0.5821304244963655
0.5820635718416387
0.5819968322169036
0.5819302053145968
0.5818636908275969
0.5817972884501985
0.5817309978774734
0.5816648188055662
0.5815987509316407
0.581532793953735
0.5814669475710057
0.5814012114836797
0.5813355853926337
0.581270068999991
0.5812046620089255
0.5811393641233709
0.5810741750482422
0.5810090944895956
0.5809441221543772
0.5808792577503453
0.5808145009866372
0.5807498515728623
0.580685309219841
0.580620873639362
0.5805565445441795
0.5804923216477749
0.5804282046647141
0.5803641933108438
0.5803002873024324
0.5802364863569313
0.5801727901924996
0.5801091985287291
0.5800457110858344
0.579982327584822
0.5799190477479377
0.5798558712978996
0.5797927979588438
0.5797298274556434
0.5796669595139912
0.5796041938604706
0.5795415302229203
0.5794789683295464
0.5794165079099554
0.5793541486942871
0.5792918904138857
0.5792297328006218
0.5791676755877747
0.5791057185090387
0.5790438612990627
0.5789821036938574
0.5789204454295984
0.5788588862436858
0.5787974258748756
0.5787360640616914
0.5786748005446167
0.5786136350643545
0.5785525673626377
0.5784915971823489
0.5784307242665909
0.5783699483600364
0.5783092692076158
0.5782486865556132
0.5781882001508488
0.5781278097409334
0.5780675150744872
0.5780073159012504
