0.08204923217110938
0.08433856781911694
0.08667615373651114
0.08906241836834043
0.09149777373729975
0.0939826148522838
0.09651731913088425
0.09910224583704386
0.10173773553506549
0.10442410956097253
0.1071616695124327
0.10995069675820265
0.11279145196811946
0.11568417466464492
0.11862908279675412
0.12162637233718004
0.12467621690373655
0.1277787674054061
0.1309341517140616
0.1341424743622956
0.13740381626799303
0.14071823448614865
0.14408576198841427
0.14750640747065774
0.15098015518897645
0.15450696482426993
0.15808677137572325
0.16171948508315268
0.16540499137837006
0.1691431508655118
0.17293379933030167
0.1767767477780079
0.180671782499968
0.18461866516849074
0.1886171329595806
0.19266689870336712
0.19676765106166363
0.20091905473218136
0.2051207506788975
0.20937235638797433
0.21367346614863922
0.2180236513582553
0.22242246085104897
0.2268694212495307
0.23136403733800687
0.23590579245732576
0.24049414891991983
0.24512854844445717
0.2498084126090487
0.2545331433222031
0.2593021233106122
0.26411471662273756
0.26897026914737443
0.2738681091461641
0.27880754779908323
0.28378787976205666
0.28880838373553175
0.2938683230432902
0.29896694622035735
0.30410348760912886
0.30927716796278665
0.3144871950550415
0.3197327642952837
0.3250130593482702
0.33032725275739216
0.3356745065707213
0.34105397296891826
0.34646479489420434
0.35190610667955624
0.3573770346773435
0.3628766978865935
0.36840420857821965
0.3739586729173845
0.37953919158235383
0.3851448603791301
0.39077477085124623
0.3964280108840694
0.4021036653029806
0.40780081646488403
0.41351854484252026
0.4192559296009714
0.4250120491659066
0.4307859817831168
0.4365768060688159
0.4423836015502862
0.4482054491965723
0.45404143193864144
0.45989063517885853
0.4657521472893014
0.4716250600986393
0.4775084693673273
0.4834014752507658
0.4893031827503017
0.49521270215166807
0.5011291494508388
0.5070516467669797
0.5129793227424102
0.518911312929383
0.5248467601635567
0.5307848149240908
0.536724635680212
0.5426653892242421
0.5486062509909215
0.5545464053631454
0.5604850459639305
0.5664213759346992
0.5723546081998416
0.5782839657175853
0.5842086817172218
0.5901279999227098
0.5960411747627296
0.6019474715672645
0.6078461667508114
0.6137365479822604
0.6196179143416591
0.6254895764638613
0.631350856669306
0.6372010890820061
0.6430396197349177
0.6488658066628885
0.6546790199832955
0.6604786419646591
0.666264067083318
0.6720347020684749
0.6777899659357323
0.6835292900094375
0.6892521179339868
0.6949579056743598
0.7006461215061529
0.7063162459953205
0.7119677719679124
0.7176002044700592
0.7232130607184895
0.7288058700418165
0.7343781738129633
0.7399295253728707
0.7454594899459259
0.7509676445472893
0.7564535778824801
0.7619168902394853
0.7673571933737027
0.7727741103860248
0.7781672755943423
0.7835363343988008
0.7888809431410725
0.7942007689579962
0.7994954896298381
0.8047647934235034
0.8100083789309875
0.8152259549033485
0.8204172400805467
0.8255819630173611
0.8307198619057523
0.8358306843938903
0.8409141874021797
0.8459701369365256
0.8509983078991169
0.8559984838970176
0.8609704570487753
0.8659140277893771
0.8708290046737328
0.8757152041789603
0.8805724505057418
0.8854005753789069
0.8901994178475539
0.8949688240848566
0.8997086471878211
0.904418746977173
0.9090989897975592
0.9137492483183027
0.9183694013348558
0.9229593335711274
0.9275189354828883
0.9320481030623927
0.9365467376443725
0.9410147457135689
0.9454520387139456
0.9498585328596968
0.9542341489482079
0.958578812175091
0.9628924519513875
0.967175001723087
0.9714263987930445
0.9756465841453963
0.9798355022725922
0.9839931010051177
0.9881193313439803
0.9922141472960774
0.9962775057124743
1.0003093661297136
1.004309690614173
1.0082784436095924
1.0122155917877533
1.0161211039024614
1.0199949506467934
1.0238371045137282
1.0276475396601468
1.0314262317743141
1.0351731579468162
1.0388882965450272
1.0425716270911414
1.046223130143795
1.049842787183289
1.0534305805005064
1.0569864930894508
1.060510508543537
1.0640026109555687
1.067462784821495
1.070891014947894
1.0742872863632726
1.0776515842331393
1.0809838937789074
1.0842842002006063
1.0875524886034202
1.0907887439280968
1.093992950885164
1.097165093893044
1.100305157019964
1.103413123929787
1.1064889778316342
1.1095327014333989
1.1125442768990814
1.115523685809963
1.1184709091296021
1.1213859271726418
1.1242687195773966
1.1271192652822357
1.12993754250569
1.132723528730309
1.1354772006902007
1.1381985343622443
1.14088750496094
1.1435440869368476
1.1461682539785927
1.148759979018366
1.1513192342409169
1.153845991095932
1.1563402203137954
1.1588018919246452
1.1612309752806735
1.1636274390816088
1.1659912514033075
1.1683223797293878
1.1706207909858335
1.172886451578481
1.175119327433324
1.1773193840395366
1.1794865864951327
1.1816208995551931
1.1837222876825222
1.1857907151006808
1.1878261458492838
1.1898285438414486
1.1917978729233132
1.193734096935503
1.1956371797764453
1.197507085467425
1.199343778219261
1.201147222500502
1.202917383107019
1.204654225232896
1.206357714542465
1.2080278172434338
1.2096645001609074
1.2112677308122575
1.2128374774826858
1.2143737093013651
1.215876396318054
1.2173455095800505
1.218781021209386
1.2201829044801364
1.221551133895726
1.2228856852661272
1.2241865357848358
1.2254536641054992
1.22668705041813
1.2278866765247316
1.2290525259143015
1.2301845838370524
1.2312828373777918
1.2323472755283347
1.233377889258874
1.2343746715881947
1.2353376176526725
1.236266724773936
1.23716199252514
1.2380234227957452
1.238851019854745
1.2396447904122607
1.240404743679425
1.2411308914265096
1.2418232480392097
1.2424818305730383
1.2431066588057829
1.2436977552879527
1.2442551453911823
1.2447788573545433
1.2452689223287297
1.2457253744180607
1.2461482507202872
1.2465375913641736
1.2468934395448006
1.2472158415566028
1.2475048468240963
1.2477605079302942
1.2479828806427835
1.2481720239374856
1.2483280000200456
1.248450874344892
1.248540715631957
1.2485975958810422
1.24862159038386
1.2486127777337508
1.2485712398330886
1.2484970618983922
1.2483903324631633
1.248251143378462
1.248079589811263
1.2478757702405896
1.2476397864514897
1.2473717435268405
1.2470717498370654
1.2467399170277436
1.2463763600051916
1.2459811969200358
1.2455545491488094
1.2450965412736343
1.2446073010600125
1.244086959432775
1.2435356504502468
1.2429535112766563
1.2423406821528402
1.2416973063653054
1.2410235302136827
1.2403195029766232
1.2395853768761973
1.2388213070408431
1.2380274514669032
1.2372039709788303
1.2363510291880833
1.2354687924507828
1.2345574298241848
1.2336171130220037
1.2326480163686566
1.2316503167524768
1.2306241935779485
1.2295698287170045
1.228487406459466
1.2273771134626388
1.2262391387001554
1.225073673410085
1.2238809110423814
1.222661047205703
1.2214142796136678
1.2201408080305816
1.218840834216698
1.217514561873047
1.216162196585885
1.214783945770815
1.2133800186166044
1.2119506260287825
1.2104959805730082
1.2090162964183004
1.207511789280142
1.205982676363507
1.2044291763058506
1.2028515091201077
1.2012498961377212
1.1996245599517494
1.197975724360091
1.1963036143088468
1.1946084558358705
1.1928904760145258
1.1911499028976915
1.1893869654620406
1.187601893552623
1.1857949178277831
1.183966269704435
1.1821161813037278
1.1802448853971232
1.1783526153529047
1.1764396050831571
1.1745060889912171
1.172552301919639
1.1705784790986737
1.1685848560953036
1.1665716687628316
1.1645391531910512
1.1624875456570227
1.1604170825764442
1.1583280004556713
1.1562205358443571
1.1540949252887676
1.151951405285745
1.1497902122373609
1.1476115824062552
1.1454157518716745
1.143202956486211
1.140973431833268
1.1387274131852396
1.1364651354624242
1.1341868331926779
1.131892740471795
1.129583090924653
1.1272581176670906
1.1249180532685519
1.1225631297154754
1.1201935783754502
1.1178096299621236
1.1154115145008778
1.1129994612952558
1.1105736988941592
1.108134455059802
1.105681956736415
1.103216430019725
1.1007381001271734
1.0982471913688912
1.0957439271194298
1.0932285297902335
1.090701220802849
1.0881622205628907
1.085611748434716
1.083050022716853
1.0804772606181345
1.0778936782345632
1.0752994905268811
1.0726949112988526
1.0700801531762396
1.0674554275864825
1.0648209447390555
1.062176913606515
1.0595235419062066
1.0568610360826525
1.054189601290587
1.0515094413786454
1.0488207588736929
1.0461237549657931
1.0434186294937962
1.0407055809315495
1.0379848063747121
1.0352565015281772
1.0325208606940754
1.029778076760375
1.0270283411900416
1.0242718440107779
1.0215087738053064
1.018739317702205
1.0159636613672849
1.0131819889954905
1.0103944833033225
1.0076013255217737
1.0048026953897589
1.0019987711480494
0.99918972953368
0.9963757457748332
0.9935569935861894
0.9907336451647355
0.987905871186013
0.9850738408008118
0.9822377216322864
0.9793976797734945
0.9765538797853458
0.9737064846949538
0.9708556559943738
0.9680015536397408
0.9651443360507601
0.962284160110585
0.9594211811660428
0.9565555530282075
0.9536874279733248
0.9508169567440554
0.9479442885510584
0.945069571074874
0.94219295046813
0.9393145713580403
0.9364345768491917
0.9335531085266253
0.9306703064591865
0.9277863092031478
0.9249012538060889
0.9220152758110344
0.9191285092608363
0.916241086702795
0.9133531391935144
0.9104647963039794
0.9075761861248534
0.9046874352719838
0.9017986688921151
0.8989100106687962
0.8960215828284869
0.8931335061468342
0.8902458999551429
0.8873588821470059
0.8844725691851074
0.8815870761081857
0.8787025165381444
0.8758190026873174
0.872936645365875
0.8700555539893637
0.8671758365863846
0.8642975998063871
