0.015717992312760786
0.016205460889307684
0.016705933661234854
0.01721968445554676
0.017746990828570414
0.01828813407155983
0.018843399214660966
0.019413075029173388
0.01999745402787584
0.020596832463387192
0.021211510324260406
0.021841791328861722
0.02248798291663144
0.023150396236808275
0.023829346134257738
0.024525151132345015
0.02523813341265526
0.025968618791358252
0.026716936692087127
0.027483420115131746
0.028268405602773168
0.02907223320057592
0.02989524641452254
0.030737792163709244
0.031600220728583324
0.032482885694392526
0.033386143889860186
0.03431035532078292
0.0352558830985161
0.03622309336311892
0.03721235520110476
0.03822404055760804
0.03925852414288723
0.04031618333305309
0.04139739806490004
0.04250255072478522
0.043632026031475
0.044786210912846014
0.04596549437646408
0.04717026737395326
0.04840092265909525
0.04965785463972251
0.050941459223343324
0.05225213365650361
0.053590276357929616
0.05495628674550305
0.056350565057059855
0.05777351216513317
0.059225529385666206
0.06070701828080284
0.062218380455896914
0.06376001735074102
0.06533233002527214
0.06693571893978292
0.06857058372985288
0.07023732297614332
0.07193633396919302
0.07366801246944531
0.0754327524626815
0.07723094591101792
0.07906298249977825
0.08092924938034363
0.08283013090928396
0.08476600838400022
0.08673725977508923
0.08874425945571074
0.09078737792818153
0.0928669815481129
0.09498343224630426
0.09713708724869047
0.09932829879460484
0.10155741385368157
0.10382477384160942
0.10613071433509436
0.10847556478625839
0.11085964823680824
0.11328328103225879
0.11574677253646204
0.11825042484679091
0.12079453251022729
0.12337938224066203
0.1260052526377014
0.12867241390724776
0.1313811275841541
0.13413164625724494
0.1369242132969691
0.13975906258594933
0.14263641825274903
0.14555649440907342
0.1485194948907277
0.15152561300251952
0.15457503126744587
0.1576679211803707
0.16080444296644109
0.16398474534450483
0.16720896529574353
0.17047722783778882
0.17378964580450343
0.17714631963167915
0.18054733714884874
0.18399277337744155
0.18748269033544426
0.19101713684880425
0.19459614836973682
0.19821974680212065
0.20188794033416757
0.20560072327851783
0.209358075919928
0.2131599643707112
0.21700634043405884
0.2208971414753918
0.22483229030188145
0.22881169505023383
0.23283524908287911
0.2369028308926775
0.2410143040162173
0.24516951695580122
0.24936830311025762
0.25361048071456144
0.2578958527884192
0.26222420709383454
0.2665953161017294
0.2710089369676499
0.2754648115166137
0.2799626662371085
0.28450221228430217
0.28908314549243197
0.2937051463964149
0.29836788026268823
0.30307099712921637
0.3078141318547372
0.31259690417713715
0.31741891878098827
0.3222797653741809
0.3271790187736216
0.332116238999922
0.3370909713810524
0.342102746664864
0.3471510811404308
0.3522354767681055
0.35735542131821363
0.36251038851832473
0.36769983820891916
0.372923216507427
0.37817995598047305
0.3834694758242254
0.3887911820527212
0.39414446769402467
0.39952871299409254
0.4049432856281744
0.4103875409196508
0.41586082206607394
0.4213624603723224
0.4268917754906397
0.4324480756674424
0.4380306579966644
0.44363880867948235
0.449271803290236
0.4549289070483316
0.46060937509595085
0.4663124527813459
0.47203737594752854
0.47778337122613135
0.4835496563362405
0.48933544038797344
0.4951399241905815
0.5009623005648596
0.5068017546596424
0.5126574642721295
0.5185286001718532
0.5244143264280208
0.5303138007400081
0.5362261747707717
0.5421505944829363
0.5480862004773177
0.554032128333642
0.5599875089532349
0.5659514689034043
0.5719231307633059
0.5779016134710528
0.5838860326717916
0.5898755010665403
0.5958691287615397
0.601866023617857
0.6078652916010341
0.6138660371305193
0.6198673634286646
0.6258683728690365
0.6318681673238273
0.6378658485101247
0.6438605183348093
0.6498512792378845
0.6558372345339658
0.6618174887517623
0.6677911479713028
0.6737573201587198
0.6797151154983355
0.6856636467219199
0.6916020294348545
0.6975293824390232
0.7034448280522704
0.7093474924241934
0.7152365058481067
0.7211110030690155
0.72697012358739
0.7328130119585969
0.738638818087834
0.7444466975203711
0.7502358117269878
0.7560053283844368
0.7617544216507858
0.76748227243554
0.7731880686643606
0.7788710055382897
0.7845302857873674
0.7901651199185047
0.7957747264575283
0.8013583321852672
0.8069151723676291
0.812444490979534
0.8179455409226526
0.8234175842368656
0.8288598923053566
0.8342717460532942
0.8396524361400549
0.8450012631448803
0.8503175377460002
0.8556005808931093
0.8608497239732154
0.8660643089697871
0.8712436886152238
0.8763872265365817
0.8814942973945872
0.8865642870159042
0.8915965925186635
0.8965906224312638
0.9015457968044441
0.9064615473166507
0.9113373173727234
0.9161725621959055
0.9209667489132427
0.9257193566343684
0.9304298765237418
0.935097811866382
0.9397226781271255
0.9443040030034873
0.9488413264721679
0.9533342008292663
0.9577821907242815
0.9621848731879521
0.9665418376540115
0.9708526859749551
0.9751170324318603
0.9793345037383925
0.9835047390390375
0.9876273899016758
0.9917021203045893
0.9957286066179847
0.9997065375801398
1.0036356142682639
1.0075155500641952
1.0113460706150073
1.0151269137886603
1.0188578296247863
1.022538580280726
1.0261689399729315
1.0297486949138361
1.0332776432443145
1.036755594961852
1.0401823718445198
1.043557807370897
1.0468817466360474
1.0501540462636583
1.053374574314475
1.056543210191141
1.0596598445395833
1.0627243791470171
1.0657367268367488
1.0686968113598405
1.0716045672838042
1.0744599398783954
1.077262884998683
1.0800133689654434
1.0827113684430694
1.085356870315049
1.0879498715571736
1.0904903791085596
1.0929784097406188
1.0954139899240833
1.0977971556941932
1.1001279525141625
1.1024064351370289
1.1046326674660043
1.1068067224134182
1.108928681758381
1.110998636003239
1.1130166842289562
1.1149829339495168
1.1168975009654154
1.1187605092163808
1.1205720906333991
1.1223323849901308
1.1240415397538286
1.1256997099358292
1.1273070579417261
1.1288637534212829
1.130369973118211
1.131825900719854
1.1332317267068786
1.134587648203064
1.1358938688252314
1.1371505985334251
1.1383580534813944
1.139516455867452
1.1406260337857903
1.1416870210783003
1.1426996571869732
1.14366418700695
1.144580860740262
1.1454499337503454
1.146271666417361
1.1470463239943922
1.1477741764645741
1.148455498399184
1.1490905688167712
1.1496796710433488
1.1502230925737096
1.1507211249338911
1.1511740635448553
1.1515822075873972
1.1519458598683392
1.1522653266880334
1.1525409177092163
1.152772945827241
1.1529617270417214
1.1531075803296136
1.1532108275197692
1.1532717931689702
1.1532908044394927
1.153268190978204
1.15320428479721
1.1530994201560982
1.152953933445764
1.1527681630738487
1.1525424493518175
1.152277134383668
1.1519725619562906
1.151629077431501
1.1512470276397413
1.1508267607754614
1.1503686262941928
1.1498729748113141
1.1493401580025222
1.148770528505994
1.148164439826266
1.1475222462398156
1.1468443027023454
1.1461309647577842
1.145382588448982
1.1445995302301122
1.1437821468807763
1.1429307954217938
1.1420458330326921
1.1411276169708702
1.1401765044924481
1.1391928527747752
1.1381770188406093
1.1371293594839411
1.1360502311974625
1.1349399901016695
1.1337989918755822
1.1326275916890771
1.1314261441368174
1.1301950031737646
1.1289345220522722
1.1276450532607227
1.126326948463726
1.1249805584438324
1.123606233044775
1.1222043211162065
1.1207751704599098
1.119319127777506
1.1178365386195814
1.1163277473362778
1.1147930970292825
1.1132329295052361
1.1116475852305165
1.110037403287389
1.1084027213315202
1.1067438755508023
1.105061200625514
1.1033550296897583
1.101625694294193
1.0998735243700122
1.0980988481941676
1.0963019923558188
1.0944832817239847
1.0926430394163726
1.0907815867693866
1.0888992433092708
1.0869963267243867
1.085073152838609
1.083130035585791
1.081167286985325
1.0791852171187424
1.077184134107354
1.0751643440909067
1.0731261512072354
1.0710698575728943
1.0689957632647604
1.066904166302551
1.0647953626323057
1.0626696461107383
1.0605273084905003
1.0583686394062992
1.0561939263618902
1.0540034547178718
1.051797507680332
1.0495763662902746
1.0473403094138267
1.0450896137332348
1.042824553738575
1.0405454017202316
1.038252427762066
1.0359458997352968
1.033626083293059
1.0312932418656344
1.0289476366563277
1.0265895266379848
1.024219168550128
1.0218368168966951
1.0194427239443709
1.0170371397214923
1.0146203120175181
1.0121924863830345
1.0097539061303018
1.0073048123343216
1.004845443834391
1.0023760372361639
0.999896826914179
0.997408045014859
0.9949099214599465
0.9924026839503941
0.9898865579706618
0.9873617667934442
0.9848285314847782
0.982287070909553
0.9797376017373913
0.977180338448893
0.974615493342232
0.9720432765400926
0.9694638959969459
0.9668775575066286
0.9642844647102471
0.9616848191043692
0.9590788200495053
0.9564666647788761
0.9538485484074306
0.9512246639411442
0.948595202286547
0.9459603522605
0.9433203006002031
0.940675231973416
0.9380253289888998
0.9353707722070626
0.9327117401507928
0.9300484093164825
0.9273809541852396
0.9247095472342552
0.9220343589483462
0.9193555578316479
0.9166733104194588
0.9139877812902228
0.9112991330776512
0.9086075264829663
0.9059131202872669
0.9032160713640106
0.9005165346915994
0.8978146633660721
0.8951106086138853
0.8924045198047897
0.8896965444647824
0.8869868282891468
0.8842755151555539
0.8815627471372373
0.8788486645162303
0.8761334057966496
0.8734171077180434
0.870699905268773
0.8679819316994516
0.8652633185364003
0.8625441955951555
0.8598246909939888
0.8571049311674632
0.854385040880002
0.8516651432394727
0.8489453597107868
0.8462258101295064
0.8435066127154497
0.8407878840863102
0.8380697392712542
