0.05895437048892496
0.06061328072912429
0.06230804638802056
0.06403904016832751
0.06580662520922403
0.067611154666354
0.06945297129681227
0.07133240704971097
0.07324978266290061
0.07520540726641181
0.07719957799317623
0.07923257959755992
0.08130468408223722
0.08341615033391529
0.08556722376840106
0.08775813598549236
0.08998910443414962
0.09226033208839765
0.09457200713438324
0.09692430266899903
0.09931737641047006
0.10175137042127722
0.10422641084378198
0.10674260764889398
0.10930005439810837
0.11189882801922854
0.11453898859606737
0.11722057917240543
0.11994362557047882
0.12270813622423697
0.1255141020276157
0.1283614961980384
0.13125027415535645
0.13418037341642236
0.13715171350546942
0.1401641958804686
0.14321770387560545
0.14631210266002176
0.1494472392129377
0.15262294231526383
0.1558390225577978
0.1590952723660819
0.16239146604198418
0.1657273598220507
0.16910269195265845
0.17251718278198436
0.17597053486878433
0.1794624331079625
0.18299254487289063
0.1865605201744157
0.1901659918364787
0.19380857568824317
0.19748787077261298
0.20120345957099578
0.20495490824414253
0.20874176688888568
0.2125635698105437
0.2164198358107792
0.22031006849062654
0.22423375656842187
0.22819037421230792
0.2321793813869906
0.23620022421437564
0.2402523353477
0.2443351343587465
0.24844802813770447
0.2525904113052054
0.2567616666360547
0.2609611654941409
0.26518826827799097
0.26944232487640757
0.27372267513361864
0.2780286493233258
0.2823595686310387
0.2867147456440503
0.2910934848484025
0.29549508313216155
0.2999188302943177
0.3043640095586053
0.3088298980915348
0.31331576752390716
0.31782088447507795
0.32234451107923845
0.3268859055129639
0.33144432252327405
0.3360190139554809
0.34060922928004
0.34521421611769193
0.3498332207621256
0.3544654886994395
0.3591102651236687
0.3637667954476515
0.36843432580853763
0.37311210356722113
0.37779937780103784
0.38249539978904556
0.3871994234892361
0.3919107060070628
0.39662850805465144
0.40135209440012476
0.40608073430645775
0.410813701959338
0.41555027688348806
0.42028974434698735
0.4250313957531006
0.4297745290191944
0.43451844894232017
0.4392624675510858
0.4440059044434697
0.448748087110242
0.4534883512437171
0.4582260410315605
0.46296050943543204
0.46769111845425626
0.4724172393719542
0.4771382529894923
0.48185354984115236
0.4865625303949213
0.49126460523697635
0.4959591952402337
0.5006457317169624
0.5053236565555248
0.5099924223412833
0.5146514924617894
0.5193003411963584
0.5239384537901872
0.5285653265131869
0.5331804667037147
0.5377833927974394
0.542373634341582
0.5469507319947821
0.5515142375128953
0.5560637137210156
0.5605987344720547
0.5651188845922193
0.5696237598137444
0.5741129666952716
0.5785861225302524
0.5830428552437896
0.5874828032783412
0.5919056154687122
0.5963109509067823
0.6006984787964262
0.6050678782990873
0.6094188383704751
0.6137510575888708
0.6180642439755242
0.6223581148076308
0.6266323964243853
0.6308868240266129
0.6351211414704803
0.6393351010557697
0.6435284633092597
0.6477009967636639
0.6518524777326713
0.6559826900825607
0.6600914250008986
0.6641784807628069
0.6682436624952826
0.6722867819400606
0.6763076572154916
0.6803061125778889
0.6842819781828298
0.6882350898468368
0.6921652888098947
0.6960724214992309
0.6999563392947774
0.7038168982967296
0.7076539590955875
0.7114673865450822
0.7152570495383339
0.7190228207876294
0.7227645766081269
0.7264821967058535
0.7301755639702804
0.7338445642717888
0.7374890862643055
0.7411090211933746
0.7447042627099081
0.7482747066898645
0.7518202510600516
0.7553407956302718
0.7588362419319701
0.7623064930635723
0.7657514535426393
0.7691710291649841
0.7725651268708451
0.7759336546182298
0.7792765212634867
0.7825936364491795
0.7858849104992998
0.7891502543218444
0.7923895793187603
0.7956027973032687
0.7987898204245176
0.8019505610995505
0.8050849319525116
0.8081928457610408
0.8112742154097551
0.8143289538507335
0.8173569740708795
0.8203581890660511
0.8233325118218021
0.8262798553006139
0.8292001324354171
0.8320932561292724
0.8349591392610025
0.8377976946965956
0.8406088353061718
0.8433924739863179
0.8461485236875641
0.8488768974467817
0.8515775084242834
0.8542502699453778
0.8568950955461523
0.8595118990232393
0.8621005944873209
0.8646610964201109
0.8671933197346006
0.8696971798382651
0.8721725926990338
0.8746194749137337
0.8770377437787704
0.8794273173628029
0.8817881145811591
0.884120055271743
0.8864230602722053
0.8886970514981303
0.8909419520220103
0.8931576861527749
0.8953441795156618
0.897501359132199
0.8996291535000966
0.9017274926728431
0.9037963083387988
0.9058355338996055
0.9078451045477296
0.9098249573429507
0.9117750312876407
0.9136952674006714
0.9155856087897888
0.9174460007223275
0.9192763906941174
0.9210767284964657
0.9228469662810928
0.9245870586229104
0.9262969625805578
0.9279766377545835
0.9296260463432122
0.9312451531956052
0.9328339258625664
0.934392334644621
0.9359203526374335
0.9374179557745181
0.9388851228672076
0.9403218356418633
0.9417280787743035
0.9431038399214451
0.944449109750152
0.945763881963298
0.9470481533230628
0.9483019236714519
0.9495251959481072
0.9507179762053891
0.9518802736208026
0.9530121005067901
0.9541134723179314
0.9551844076556135
0.9562249282702097
0.9572350590608293
0.9582148280727107
0.9591642664922888
0.9600834086400474
0.9609722919611821
0.9618309570141714
0.9626594474573349
0.9634578100334114
0.9642260945522967
0.9649643538719557
0.9656726438776312
0.9663510234594039
0.9669995544882019
0.9676183017903108
0.9682073331204937
0.9687667191337861
0.9692965333560359
0.9697968521532818
0.9702677547000357
0.9707093229465502
0.9711216415851402
0.9715047980156366
0.9718588823100383
0.9721839871764351
0.9724802079222717
0.9727476424170086
0.9729863910542556
0.9731965567134279
0.973378244721004
0.9735315628114088
0.9736566210876135
0.9737535319814837
0.9738224102139276
0.9738633727549009
0.9738765387833037
0.9738620296468237
0.9738199688217519
0.97375048187283
0.9736536964131414
0.9735297420640956
0.9733787504155424
0.9732008549860212
0.9729961911831984
0.9727648962645046
0.9725071092979962
0.9722229711234637
0.9719126243138017
0.971576213136663
0.9712138835164115
0.970825782996377
0.970412060701441
0.9699728673009418
0.9695083549719308
0.9690186773627658
0.9685039895570579
0.967964448037977
0.9674002106529103
0.9668114365784848
0.9661982862859472
0.9655609215069024
0.9648995051994167
0.9642142015144697
0.9635051757627595
0.9627725943818635
0.9620166249037351
0.9612374359225473
0.9604351970628631
0.9596100789481391
0.9587622531695474
0.9578918922551151
0.9569991696391644
0.9560842596320617
0.9551473373902564
0.9541885788865991
0.9532081608809468
0.9522062608910331
0.9511830571635989
0.9501387286457857
0.949073454956769
0.9479874163596337
0.9468807937334874
0.945753768545792
0.9446065228249219
0.9434392391329336
0.9422521005385369
0.9410452905902759
0.9398189932898975
0.9385733930659166
0.93730867474736
0.9360250235376963
0.9347226249889383
0.9334016649759215
0.9320623296707474
0.9307048055173941
0.9293292792064927
0.9279359376502598
0.926524967957589
0.9250965574093029
0.9236508934335554
0.9221881635813921
0.9207085555024623
0.9192122569208852
0.9176994556112674
0.9161703393748796
0.914625096015981
0.9130639133183015
0.9114869790216849
0.90989448079888
0.9082866062325026
0.9066635427921526
0.9050254778116968
0.9033725984667165
0.901705091752131
0.9000231444599821
0.8983269431574057
0.8966166741647722
0.894892523534014
0.8931546770271378
0.8914033200949218
0.8896386378558141
0.8878608150750135
0.8860700361437696
0.8842664850588663
0.882450345402334
0.8806218003213567
0.8787810325084076
0.8769282241816003
0.8750635570652667
0.8731872123707604
0.8712993707774972
0.8694002124142296
0.8674899168405656
0.8655686630287287
0.8636366293455684
0.8616939935348255
0.8597409326996488
0.8577776232853785
0.855804241062587
0.8538209611103911
0.8518279578000327
0.8498254047787349
0.847813474953831
0.84579234047718
0.8437621727298579
0.841723142307139
0.8396754190037632
0.8376191717994947
0.8355545688449724
0.8334817774478556
0.8314009640592678
0.8293122942605348
0.8272159327502314
0.8251120433315196
0.8230007888998001
0.8208823314306569
0.8187568319681208
0.8166244506132271
0.814485346512887
0.8123396778490626
0.8101876018282553
0.8080292746712954
0.8058648516034456
0.8036944868448074
0.8015183336010405
0.7993365440543865
0.7971492693549997
0.7949566596125821
0.7927588638883318
0.7905560301871832
0.7883483054503609
0.7861358355482304
0.7839187652734514
0.7816972383344257
0.7794713973490501
0.7772413838387563
0.7750073382228518
0.7727693998131457
0.7705277068088688
0.7682823962918783
0.7660336042221468
0.7637814654335369
0.7615261136298512
0.7592676813811605
0.7570063001204097
0.7547421001402894
0.7524752105903804
0.7502057594745601
0.7479338736486765
0.745659678818473
0.7433832995377793
0.7411048592069454
0.7388244800715309
0.7365422832212389
0.7342583885890909
0.731972914950838
0.7296859799246167
0.7273976999708253
0.7251081903922343
0.7228175653343203
0.7205259377858197
0.7182334195794983
0.7159401213931345
0.7136461527507145
0.7113516220238272
0.7090566364332646
0.7067613020508206
0.7044657238012766
0.7021700054645874
0.6998742496782433
0.6975785579398215
0.6952830306097091
0.6929877669140063
0.6906928649475951
0.6883984216773779
0.6861045329456759
0.6838112934737888
0.6815187968657065
0.6792271356119743
0.6769364010937018
0.67464668358672
0.6723580722658729
0.6700706552094492
0.6677845194037424
0.6654997507477403
0.6632164340579405
0.6609346530732867
0.6586544904602191
0.6563760278178425
0.6540993456832019
0.651824523536666
0.6495516398074147
0.6472807718790234
