0.11746318034197867
0.1011378173173197
0.0917610289534457
0.0852790860270719
0.08037735039918548
0.07646466721238404
0.07322572769885881
0.07047318446330854
0.06808701979762843
0.06598593764581165
0.06411244369452113
0.06242445347880213
0.060890283861431395
0.05948551708022144
0.05819095794902804
0.05699125808234123
0.055873962621861104
0.054828833285470856
0.0538473572189054
0.05292238385588377
0.052047851880870404
0.051218580837704676
0.05043010991783692
0.04967857171647054
0.04896059227091254
0.04827321110314481
0.047613816668967995
0.04698009379586899
0.04636998054726913
0.04578163256011944
0.04521339336009168
0.04466376949707689
0.044131409589386814
0.043615086572520854
0.043113682568203096
0.04262617593933902
0.042151630146607416
0.041689184125049454
0.0412380439293546
0.040797475450128344
0.04036679804663504
0.039945378944124324
0.039532628294102805
0.03912799481004438
0.03873096186585564
0.03834104403022596
0.037957783956181206
0.037580749590937705
0.03720953161798742
0.03684374117226664
0.036483007732496145
0.03612697721562526
0.03577531015013757
0.035427680029836074
0.03508377179636505
0.03474328031886327
0.034405909018682596
0.03407136854005036
0.03373937544395049
0.03340965081877901
0.03308191924328398
0.0327559071353066
0.03243134191350518
0.03210795024056793
0.03178545673751051
0.031463582521328595
0.031142043669190943
0.030820549627074884
0.0304988003110092
0.030176485795354355
0.02985328220458977
0.029528849243270174
0.02920282898633713
0.028874839343748987
0.028544473737813148
0.028211289104033064
0.02787481250302336
0.027534518026412838
0.027189828911285185
0.026840110701254062
0.026484646013386164
0.026122631660720257
0.02575314271668761
0.0253751243122943
0.024987320385633536
0.02458832050774976
0.02417641301502417
0.023749323412140522
0.023304922295450517
0.022839556336003364
0.02234933312334852
0.021828407183757753
0.02126954673810616
0.020662752713840302
0.020002585966545555
0.019274328300446023
0.018305175483367596
0.01765342405901455
0.015951428352580645
