0.024583776331540224
0.024699040807259428
0.024815318214354884
0.024932541455550766
0.025050717743724856
0.025169918656342875
0.025290086539157066
0.02541128438202285
0.025533493121429243
0.025656748934550534
0.02578103663044179
0.0259063721641451
0.026032767770295246
0.02616022470591669
0.0262887686725527
0.026418409876060703
0.026549146518604655
0.026680987198899754
0.026813956011828684
0.026948050907596287
0.027083291777190006
0.027219685944779838
0.027357242337307568
0.02749597102974536
0.02763588199826635
0.027776991849726287
0.027919305101312398
0.028062834019026338
0.02820759124789935
0.02835358668394646
0.028500829739366216
0.028649332336058906
0.02879910634667884
0.02895016050130717
0.029102507306593393
0.029256157677139703
0.02941112179768815
0.029567410948958227
0.029725035835181324
0.029884007617018035
0.030044337435654985
0.03020603581993247
0.030369114167112063
0.0305335831543999
0.03069945381364354
0.03086673683981204
0.03103544342429403
0.031205584182380116
0.0313771701131907
0.03155021209069156
0.03172472079011077
0.03190070711605975
0.03207818166527167
0.0322571551479513
0.032437638313020815
0.03261964173317618
0.03280317593551965
0.032988251426667954
0.033174878686660594
0.033363068113961086
0.033552830032208394
0.03374417475124478
0.033937112402751886
0.03413165317085519
0.03432780713497911
0.03452558423010005
0.03472499438446333
0.0349260474459718
0.03512875311617039
0.035333121046746074
0.0355391608031276
0.03574688183754821
0.035956293497357655
0.03616740504148999
0.03638022562987295
0.03659476428940889
0.03681102995471848
0.03702903143576459
0.037248777433533824
0.037470276504390644
0.03769353710187359
0.0379185675293514
0.03814537597934492
0.03837397049057846
0.038604358960136906
0.038836549156976034
0.03907054868169696
0.03930636499946202
0.039544005404631224
0.03978347703958452
0.040024786877622065
0.040267941723669674
0.04051294820788567
0.04075981277871097
0.04100854170253532
0.04125914105519389
0.041511616717305244
0.04176597436941254
0.042022219484870275
0.04228035732320828
0.04254039292901142
0.0428023311175705
0.043066176473569015
0.04333193334412809
0.0435996058293555
0.04386919777560613
0.044140712769533706
0.04441415412695776
0.04468952488888392
0.04496682780907403
0.04524606534870402
0.045527239665633615
0.045810352606006
0.0460954056949789
0.04638240012763761
0.046671336759018814
0.04696221609478832
0.047255038280663415
0.04754980309335485
0.047846509929779145
0.048145157797394006
0.04844574530389579
0.048748270647026894
0.04905273160423792
0.0493591255229744
0.04966744931033621
0.049977699423436814
0.05028987185989892
0.050603962147865555
0.050919965337094024
0.05123787599021236
0.051557688173790965
0.05187939545038247
0.05220299087081172
0.05252846696663097
0.052855815743778144
0.05318502867615856
0.05351609670023006
0.05384901021004028
0.05418375905320339
0.05452033252747139
0.05485871937801573
0.05519890779591904
0.05554088541706147
0.055884639322285615
0.05623015603843073
0.056577421540156964
0.05692642125310614
0.05727714005773329
0.05762956229451654
0.05798367177000307
0.058339451764095225
0.05869688503827355
0.059055953845118796
0.05941663993872034
0.05977892458637555
0.060142788581190355
0.06050821225594302
0.06087517549783429
0.06124365776437588
0.06161363810026709
0.061985095155226516
0.062358007202767914
0.06273235215987398
0.06310810760759059
0.06348525081230821
0.06386375874788561
0.06424360811845817
0.06462477538184805
0.0650072367735942
0.06539096833148543
0.06577594592046718
0.06616214525803148
0.06654954193981384
0.06693811146544344
0.06732782926454287
0.06771867072281734
0.06811061120806663
0.06850362609619261
0.06889769079699358
0.06929278077974031
0.06968887159840337
0.07008593891653367
0.0704839585316348
0.07088290639901425
0.07128275865501847
0.07168349163959256
0.07208508191809812
0.07248750630232297
0.07289074187061921
0.07329476598714721
0.07369955632011788
0.07410509085903005
0.07451134793085126
0.0749183062150797
0.07532594475768369
0.07573424298386691
0.07614318070963175
0.07655273815214643
0.07696289593885054
0.07737363511534238
0.0777849371519937
0.07819678394931559
0.07860915784207739
0.07902204160215395
0.07943541844016183
0.07984927200584593
0.08026358638728129
0.08067834610887636
0.08109353612822957
0.08150914183185445
0.08192514902981772
0.08234154394931126
0.0827583132272199
0.08317544390171103
0.0835929234028915
0.08401073954259401
0.08442888050332187
0.08484733482642795
0.08526609139955613
0.08568513944341662
0.08610446849794857
0.08652406840791883
0.08694392930802433
0.0873640416075491
0.08778439597463224
0.08820498332021522
0.08862579478171163
0.08904682170647035
0.08946805563507536
0.089889488284549
0.09031111153150677
0.09073291739531933
0.09115489802133041
0.0915770456641853
0.0919993526713149
0.09242181146662587
0.09284441453443433
0.09326715440369421
0.09369002363255806
0.09411301479330228
0.09453612045766481
0.0949593331826172
0.09538264549660835
0.09580604988630934
0.09622953878388138
0.09665310455479206
0.09707673948620504
0.0975004357759556
0.0979241855221321
0.09834798071327429
0.09877181321920409
0.099195674782491
0.09961955701056512
0.10004345136847409
0.10046734917229568
0.10089124158319279
0.10131511960212013
0.10173897406516859
0.10216279563954472
0.10258657482017583
0.10301030192692853
0.10343396710242804
0.10385756031046557
0.10428107133497595
0.10470448977956781
0.10512780506758866
0.10555100644270311
0.10597408296996269
0.10639702353734533
0.10681981685773852
0.10724245147134491
0.1076649157484791
0.10808719789273406
0.10850928594448818
0.1089311677847244
0.10935283113913315
0.109774263582471
0.11019545254314857
0.110616385308011
0.11103704902729147
0.11145743071970061
0.1118775172776277
0.11229729547242112
0.11271675195972156
0.11313587328481947
0.11355464588800734
0.11397305610990047
0.11439109019670105
0.11480873430537492
0.11522597450872
0.11564279680030078
0.11605918709922479
0.1164751312547355
0.11689061505060781
0.11730562420931713
0.11772014439596729
0.11813416122195942
0.11854766024838191
0.11896062698910921
0.11937304691359289
0.11978490544933373
0.12019618798402233
0.12060687986733931
0.12101696641240596
0.12142643289687842
0.12183526456368085
0.12224344662137225
0.12265096424414702
0.12305780257146495
0.12346394670731509
0.12386938171911349
0.12427409263623944
0.1246780644482147
0.12508128210253508
0.12548373050215866
0.12588539450266348
0.1262862589090851
0.12668630847244436
0.12708552788598343
0.12748390178111924
0.12788141472313627
0.12827805120663127
0.12867379565073078
0.12906863239410035
0.1294625456897646
0.1298555196997617
0.13024753848964998
0.13063858602289333
0.13102864615514717
0.13141770262846716
0.1318057390654677
0.13219273896345157
0.13257868568853823
0.13296356246981508
0.13334735239353582
0.13373003839739234
0.13411160326488356
0.13449202961981022
0.13487129992091462
0.13524939645669448
0.13562630134041287
0.13600199650532857
0.13637646370016934
0.13674968448487135
0.13712164022660578
0.13749231209611415
0.13786168106437305
0.138229727899606
0.13859643316466355
0.1389617772147865
0.1393257401957693
0.13968830204254143
0.14004944247817663
0.14040914101334692
0.14076737694623262
0.1411241293628956
0.14147937713813108
0.1418330989368012
0.14218527321566057
0.14253587822567626
0.14288489201485058
0.14323229243154628
0.14357805712831828
0.1439221635662516
0.14426458901980352
0.14460531058215154
0.14494430517103926
0.14528154953512037
0.14561702026079154
0.14595069377950956
0.14628254637558463
0.1466125541944392
0.1469406932513244
0.14726693944048264
0.14759126854474242
0.14791365624553537
0.14823407813331857
0.14855250971839049
0.1488689264420821
0.14918330368830984
0.14949561679547013
0.1498058410686614
0.15011395179221176
0.1504199242424983
0.15072373370103234
0.15102535546779694
0.15132476487481403
0.15162193729991974
0.15191684818072923
0.15220947302876806
0.15249978744375214
0.15278776712799053
0.15307338790089367
0.15335662571356315
0.15363745666344397
0.1539158570090144
0.15419180318449588
0.15446527181455977
0.15473623972901154
0.15500468397742884
0.15527058184373616
0.1555339108606952
0.15579464882428887
0.15605277380798271
0.15630826417684407
0.15656109860149595
0.1568112560718956
0.15705871591091267
0.15730345778769356
0.15754546173079464
0.15778470814106824
0.1580211778042862
0.15825485190348437
0.15848571203101763
0.1587137402003067
0.15893891885726844
0.15916123089141443
0.15938065964660772
0.1595971889314638
0.15981080302939127
0.16002148670825556
0.16022922522966182
0.16043400435784688
0.16063581036817284
0.16083463005521398
0.16103045074043434
0.1612232602794463
0.16141304706884843
0.16159980005263672
0.16178350872818584
0.16196416315179873
0.16214175394381972
0.16231627229331455
0.16248770996230988
0.1626560592895962
0.16282131319409468
0.16298346517778625
0.1631425093282059
0.16329844032050386
0.1634512534190778
0.16360094447877588
0.16374750994567633
0.16389094685744804
0.16403125284329578
0.1641684261234962
0.16430246550852753
0.16443337039780095
0.1645611407780017
0.16468577722104272
0.16480728088163898
0.16492565349451252
0.16504089737123329
0.1651530153967037
0.16526201102529844
0.1653678882766626
0.16547065173118328
0.16557030652513835
0.16566685834553618
0.1657603134246519
0.16585067853427224
0.16593796097965804
0.16602216859323587
0.1661033097280253
0.16618139325081452
0.1662564285350971
0.16632842545377333
0.16639739437163348
0.1664633461376291
0.16652629207694444
0.16658624398287877
0.1666432141085483
0.16669721515842056
0.16674826027968864
0.16679636305349899
0.16684153748604
0.16688379799950254
0.16692315942292413
0.16695963698292376
0.1669932462943396
0.16702400335077883
0.1670519245150864
0.1670770265097487
0.16709932640723316
0.167118841620279
0.1671355898921472
0.16714958928683354
0.16716085817926213
0.1671694152454588
0.1671752794527185
0.16717847004977215
0.16717900655696255
0.16717690875643323
0.16717219668234354
0.1671648906111112
0.16715501105169275
0.16714257873590765
0.1671276146088132
0.16711013981913453
0.16709017570975854
