0.1498513231741385
0.13934266801832412
0.13258137551651636
0.12765639234936785
0.12379598920204724
0.12062003621800732
0.11791588206457217
0.11555380854779121
0.11344954108606685
0.11154562414743652
0.10980135702524021
0.108186990779224
0.10668020446696047
0.10526387287112614
0.10392460145901032
0.10265173553828628
0.10143667253876495
0.10027237377954062
0.09915301088804145
0.09807370516286644
0.09703033237807648
0.09601937449153738
0.0950378055141193
0.09408300262306683
0.09315267617858244
0.0922448140687715
0.09135763703592362
0.09048956250698259
0.08963917507191038
0.08880520220528582
0.08798649415727294
0.08718200718532187
0.08639078948188302
0.08561196929211902
0.08484474482190965
0.0840883756173515
0.08334217516079365
0.0826055044766703
0.08187776658044864
0.08115840163303925
0.08044688268866357
0.07974271194289281
0.07904541740307076
0.0783545499167562
0.07766968050296735
0.07699039793994698
0.07631630656980719
0.07564702428566307
0.07498218067149699
0.07432141526864938
0.07366437594525327
0.07301071734800907
0.07236009941639535
0.07171218594216495
0.07106664315568306
0.07042313832342545
0.06978133833986432
0.0691409082962901
0.0685015100094873
0.06786280049138892
0.0672244303395842
0.06658604202564859
0.06594726805743797
0.0653077289848624
0.0646670312180879
0.06402476461785188
0.06338049981308187
0.06273378519222328
0.06208414350139293
0.06143106797274963
0.06077401788549016
0.06011241344057819
0.05944562980423464
0.05877299013386948
0.05809375735799301
0.05740712441172846
0.056712202552441054
0.05600800726084542
0.055293441085460485
0.05456727257153169
0.053828110128108383
0.053074369259000394
0.052304230995131915
0.05151558846870809
0.05070597725940162
0.04987248310502258
0.0490116173956246
0.048119145705108064
0.04718984601846621
0.046217158365099875
0.04519266049660614
0.04410525255307678
0.04293982874874938
0.041674984205369935
0.040278751459385136
0.038699850832344854
0.03684705273659037
0.034528835501668784
0.031191189425284795
