0.022490233450406794
0.022587016326802736
0.022684421262746612
0.02278236111730001
0.02288140792466614
0.022980882518315385
0.023081253464741935
0.023182356889744703
0.023284265933684607
0.023386955233334044
0.023490369251006466
0.023594651376577028
0.023699725269497953
0.023805571222072018
0.023912354467947296
0.024019880189212594
0.02412820939189408
0.02423737588843817
0.02434741615324022
0.024458313441368253
0.024570044417305793
0.02468266213732233
0.024796177044181824
0.024910551425163876
0.025025785499217277
0.02514195677220089
0.0252590428011964
0.02537701667829073
0.025495922085771398
0.02561574927217422
0.025736519726686655
0.025858239341255654
0.025980895007238068
0.026104526452417516
0.02622911041367202
0.02635468760316167
0.026481235708674066
0.02660878043344933
0.026737331625311972
0.026866882884973322
0.026997452376880556
0.02712905329161929
0.027261681735629123
0.0273953539842018
0.027530078480896822
0.027665861999956468
0.027802712038869942
0.027940640045954212
0.02807965237044123
0.0282197593381738
0.02836097163631019
0.028503295207720325
0.028646739119545944
0.028791315630296806
0.028937030547289452
0.029083895653084342
0.02923192028237662
0.029381112838631977
0.029531482854364653
0.02968304097922828
0.029835796878097863
0.029989759881828833
0.030144940490231337
0.03030134846554015
0.030458994424054624
0.030617888472036274
0.030778040885797723
0.030939462303699324
0.031102163412638516
0.031266154854987516
0.031431447531224496
0.03159805241086757
0.03176598047608098
0.03193524313668865
0.03210585143934643
0.03227781693111061
0.032451151103574785
0.03262586560253011
0.032801972253433016
0.03297948287774432
0.03315840941056214
0.033338764041197094
0.03352055894007465
0.03370380638770649
0.0338885188780538
0.03407470885470289
0.03426238900373947
0.03445157202309784
0.03464227073873349
0.03483449805752042
0.03502826697754475
0.03522359057376207
0.03542048201653974
0.03561895454553355
0.03581902143722415
0.03602069607155553
0.03622399187446361
0.03642892230674987
0.036635500892684886
0.03684374117226664
0.037053656737167574
0.03726526119128024
0.0374785681633739
0.037693591286651174
0.03791034418664814
0.0381288404877849
0.03834909380867336
0.038571117727522426
0.038794925795282514
0.03902053153272855
0.03924794839835458
0.03947718979774345
0.03970826907381833
0.039941199486212095
0.04017599422031543
0.040412666359289307
0.040651228892173534
0.040891694697429544
0.04113407653588751
0.04137838703991367
0.04162463871122208
0.04187284390355002
0.042123014828426536
0.04237516353334706
0.04262930190282308
0.04288544164741123
0.04314359429842027
0.04340377120043519
0.04366598350439471
0.04393024216035708
0.044196557911292345
0.04446494128866657
0.044735402604461405
0.04500795194741607
0.045282599175829864
0.04555935391341521
0.04583822554442828
0.04611922320792905
0.04640235579493989
0.046687631942377246
0.04697506003086838
0.04726464817891908
0.04755640424101949
0.04785033580313923
0.048146450180196684
0.04844475441282045
0.04874525526404488
0.04904795921792518
0.049352872475651545
0.049660000954380994
0.0499693502847831
0.05028092580905368
0.0505947325792705
0.05091077535584911
0.05122905860608266
0.05154958650283177
0.05187236292358305
0.05219739144908142
0.05252467536285434
0.05285421765031613
0.053186020998157
0.05352008779388789
0.05385642012547194
0.05419501978102772
0.054535888248840966
0.05487902671702257
0.0552244360737667
0.05557211690747511
0.055922069506769416
0.0562742938610298
0.05662878966056759
0.056985556297098276
0.05734459286428381
0.05770589815812922
0.058069470677650725
0.05843530862548836
0.05880340990843118
0.05917377213822385
0.05954639263214696
0.05992126841376424
0.06029839621350211
0.060677772469423595
0.06105939332787639
0.06144325464407979
0.06182935198274458
0.06221768061864266
0.06260823553716065
0.06300101143470341
0.06339600271912224
0.06379320351009521
0.0641926076393112
0.0645942086507126
0.06499799980055736
0.06540397405746114
0.06581212410226142
0.06622244232788271
0.06663492083898379
0.06704955145162106
0.06746632569268246
0.06788523479932138
0.06830626971818372
0.06872942110460768
0.06915467932164125
0.06958203443901695
0.07001147623195639
0.07044299417992658
0.07087657746525856
0.07131221497169243
0.07174989528282527
0.07218960668048936
0.07263133714301649
0.07307507434350424
0.07352080564794167
0.073968518113357
0.07441819848588309
0.07486983319880777
0.07532340837061453
0.07577890980300418
0.07623632297893672
0.07669563306068984
0.07715682488794885
0.07761988297594717
0.07808479151367266
0.07855153436213577
0.07902009505275254
0.07949045678581122
0.07996260242906716
0.08043651451648044
0.08091217524708563
0.08138956648404831
0.0818686697538739
0.08234946624583082
0.08283193681157626
0.08331606196498394
0.083801821882231
0.08428919640210882
0.08477816502660179
0.08526870692173097
0.08576080091867402
0.08625442551518375
0.086749558877288
0.08724617884131326
0.0877442629162094
0.08824378828620294
0.08874473181376993
0.08924707004294508
0.08975077920296251
0.09025583521223624
0.09076221368267663
0.09126988992435144
0.0917788389504833
0.09228903548278562
0.09280045395713707
0.09331306852958474
0.09382685308267996
0.0943417812321303
0.09485782633377253
0.09537496149084955
0.09589315956158773
0.09641239316706204
0.09693263469934064
0.09745385632989412
0.09797603001825929
0.09849912752093976
0.09902312040053733
0.09954798003508387
0.10007367762757584
0.10060018421567588
0.10112747068157883
0.10165550776201397
0.10218426605836714
0.1027137160469059
0.10324382808907988
0.10377457244188619
0.10430591926826673
0.10483783864752583
0.1053703005857391
0.10590327502613608
0.10643673185943028
0.10697064093407739
0.10750497206643676
0.10803969505081439
0.108574779669365
0.10911019570182945
0.10964591293508619
0.1101819011724971
0.11071813024301903
0.1112545700100696
0.1117911903801154
0.11232796131097518
0.11286485281980393
0.11340183499075131
0.11393887798226836
0.11447595203404959
0.11501302747358969
0.11555007472234322
0.11608706430146869
0.11662396683714674
0.11716075306545701
0.11769739383680311
0.11823386011987638
0.11877012300514675
0.11930615370787517
0.11984192357063943
0.12037740406536745
0.1209125667948773
0.12144738349391655
0.12198182602970256
0.12251586640196484
0.12304947674248623
0.1235826293141518
0.12411529650950598
0.12464745084882453
0.12517906497770795
0.12571011166420737
0.12624056379549026
0.12677039437405713
0.12729957651352533
0.12782808343398963
0.12835588845697662
0.12888296500001237
0.1294092865708144
0.1299348267611346
0.1304595592402657
0.1309834577482394
0.13150649608873072
0.13202864812169918
0.1325498877557855
0.13307018894048725
0.1335895256581459
0.13410787191576337
0.1346252017366792
0.13514148915213411
0.13565670819274706
0.13617083287993537
0.1366838372173039
0.1371956951820324
0.13770638071629007
0.13821586771870553
0.13872413003591968
0.1392311414542512
0.13973687569150053
0.14024130638892324
0.14074440710339747
0.1412461512998116
0.141746512343704
0.1422454634941728
0.14274297789708681
0.14323902857861964
0.14373358843913056
0.14422663024741533
0.1447181266353482
0.14520805009293686
0.14569637296380913
0.1461830674411502
0.1466681055641088
0.14715145921468906
0.14763310011513936
0.14811299982585968
0.1485911297438331
0.14906746110159574
0.14954196496675654
0.15001461224207316
0.15048537366609474
0.15095421981437385
0.15142112110125552
0.15188604778224674
0.15234896995696576
0.15280985757267726
0.15326868042840538
0.1537254081796324
0.1541800103435712
0.15463245630501274
0.15508271532274007
0.15553075653650567
0.15597654897455832
0.15642006156171778
0.15686126312798
0.15730012241764701
0.15773660809896603
0.15817068877426596
0.15860233299057616
0.15903150925071133
0.1594581860248121
0.15988233176231348
0.16030391490433657
0.16072290389647376
0.16113926720195695
0.1615529733151816
0.16196399077557433
0.16237228818177502
0.16277783420611985
0.1631805976093967
0.16358054725585608
0.1639776521284524
0.16437188134429342
0.16476320417027573
0.16515159003888213
0.1655370085641184
0.1659194295575654
0.16629882304452487
0.16667515928023402
0.16704840876612428
0.16741854226610586
0.1677855308228498
0.1681493457740485
0.16850995876862904
0.16886734178289906
0.16922146713660416
0.16957230750887012
0.16991983595401486
0.17026402591720552
0.17060485124993974
0.17094228622533408
0.1712763055531962
0.17160688439486532
0.1719339983778002
0.17225762360989652
0.17257773669351967
0.17289431473922945
0.1732073353791892
0.1735167767802369
0.17382261765660525
0.17412483728228112
0.1744234155029812
0.17471833274774273
0.1750095700401081
0.1752971090088959
0.17558093189854823
0.17586102157904263
0.17613736155536014
0.17640993597650176
0.17667872964404474
0.17694372802023212
0.17720491723558868
0.17746228409605924
0.17771581608966341
0.17796550139266168
0.1782113288752327
0.17845328810665603
0.17869136936000002
0.1789255636163122
0.17915586256831428
0.17938225862359847
0.1796047449073284
0.1798233152644442
0.18003796426137697
0.18024868718726955
0.18045548005471262
0.1806583395999978
0.18085726328288965
0.1810522492859256
0.18124329651324658
0.18143040458896495
0.1816135738550767
0.18179280536892314
0.18196810090021204
0.18213946292760316
0.18230689463486885
0.18247039990663674
0.18262998332372327
0.18278565015806883
0.1829374063672826
0.18308525858880795
0.1832292141337178
0.18336928098015196
0.18350546776640433
0.1836377837836732
0.1837662389684869
0.18389084389481078
0.18401160976585396
0.18412854840558185
0.18424167224994922
0.1843509943378638
0.18445652830189474
0.1845582883587346
0.18465628929942965
0.18475054647938854
0.18484107580818362
0.18492789373915414
0.18501101725882563
0.18509046387615513
0.18516625161161798
0.1852383989861426
0.185306925009911
0.18537184917102945
0.18543319142408957
0.18549097217862257
0.18554521228746465
0.18559593303503966
0.185643156125574
0.18568690367125168
0.1857271981803203
0.18576406254516048
0.18579752003032732
0.18582759426057266
0.18585430920886112
0.18587768918438624
0.18589775882059706
0.18591454306324623
