0.3817083940955305
0.41198811981933803
0.4320590031773923
0.4472859147284694
0.4596013332916262
0.4699498909611968
0.4788706669312319
0.4867027184864086
0.49367424966207113
0.49994677469112647
0.5056391445673728
0.5108415763780771
0.5156243128170519
0.5200432127060736
0.5241434968491963
0.5279623377346533
0.5315306985200707
0.5348746695426628
0.53801645953392
0.5409751440074011
0.5437672393558188
0.5464071495523802
0.5489075182004495
0.551279509216619
0.5535330329799896
0.5556769303007306
0.5577191233970841
0.559666740803631
0.5615262214859781
0.5633034022247342
0.565003591429003
0.5666316318597713
0.5681919542273312
0.56968862322932
0.5711253772896429
0.5725056630177896
0.5738326652200629
0.575109333144022
0.5763384035179576
0.5775224208521388
0.5786637553899668
0.5797646190347592
0.5808270795265028
0.5818530731002051
0.5828444158230517
0.5838028137781699
0.5847298722393448
0.5856271039602099
0.5864959366854124
0.5873377199758864
0.5881537314301845
0.5889451823718064
0.5897132230650567
0.5904589475154264
0.5911833979015925
0.5918875686851798
0.5925724104362072
0.593238833411437
0.5938877109177101
0.5945198824927481
0.595136156931047
0.5957373151842618
0.5963241131634798
0.5968972844691864
0.5974575430814116
0.5980055860335644
0.5985420961069966
0.5990677445789031
0.5995831940608781
0.6000891014756475
0.6005861212234312
0.6010749085976544
0.6015561235277986
0.6020304347394266
0.6024985244451033
0.6029610937104432
0.6034188686752635
0.6038726078698132
0.6043231109281444
0.6047712291056031
0.605217878151609
0.6056640542713301
0.6061108542085932
0.6065595008858762
0.6070113766766104
0.6074680673208456
0.6079314210268101
0.6084036296958154
0.6088873433227168
0.6093858356381324
0.6099032518863935
0.6104449940469426
0.6110183484623204
0.6116335695623695
0.6123058953989831
0.6130596859357615
0.6139381897803065
0.6150321235411786
0.6166039965560384
