0.04548844027969983
0.045690220027039326
0.04589355757489863
0.046098465530537834
0.04630495649238211
0.04651304304968016
0.046722737768641935
0.04693405319898363
0.04714700185445381
0.047361596216268766
0.04757784872146199
0.04779577175622901
0.04801537765160894
0.04823667867217556
0.04845968701297592
0.0486844147862948
0.048910874017942516
0.049139076636732865
0.04936903446552418
0.0496007592146969
0.04983426246821929
0.05006955567973927
0.0503066501589978
0.05054555706350411
0.05078628738761724
0.05102885195087331
0.05127326139047335
0.05151952614589924
0.051767656452012964
0.05201766232266607
0.052269553543850454
0.052523339657164145
0.05277902994990224
0.053036633441474586
0.053296158871679045
0.053557614685700076
0.05382100902279823
0.05408634970155058
0.05435364420554761
0.05462289967166575
0.054894122873845416
0.05516732020945367
0.05544249768458175
0.05571966090084353
0.05599881503804045
0.05627996484201189
0.05656311460782317
0.05684826816543795
0.05713542886479083
0.05742459956026352
0.057715782595474364
0.05800897978886105
0.05830419241804567
0.0586014212043581
0.058900666299083
0.05920192726725738
0.05950520307342356
0.059810492067851974
0.06011779197119695
0.06042709986051788
0.060738412156059324
0.06105172460666362
0.06136703227735842
0.06168432953606213
0.062003610041366945
0.06232486672993259
0.06264809180570315
0.0629732767282622
0.06330041220239976
0.0636294881681461
0.06396049379209207
0.06429341745746782
0.06462824675750671
0.06496496848729273
0.06530356863811704
0.06564403239109308
0.06598634411302118
0.06633048735236174
0.06667644483610537
0.06702419846827325
0.06737372932852372
0.06772501767263814
0.0680780429333078
0.0684327837229173
0.06878921783640968
0.06914732225634505
0.06950707315843613
0.06986844591846048
0.07023141512063094
0.07059595456729074
0.07096203728918868
0.07132963555809425
0.0716987208997739
0.07206926410866064
0.07244123526450949
0.072814603748876
0.07318933826433617
0.07356540685470715
0.07394277692574926
0.0743214152686935
0.0747012880832398
0.07508236100395832
0.07546459912590278
0.07584796703324825
0.07623242882753224
0.07661794815893659
0.07700448825673933
0.07739201196268719
0.07778048176409594
0.07816985982916072
0.07856010804237444
0.07895118804111503
0.07934306125382083
0.07973568893775815
0.0801290322190011
0.08052305213208164
0.08091770966060102
0.08131296577879904
0.0817087814931047
0.0821051178845405
0.08250193615134063
0.08289919765207299
0.08329686394839526
0.08369489684887095
0.08409325845193208
0.08449191118974544
0.0848908178707139
0.08528994172333737
0.08568924643851038
0.08608869621192439
0.08648825578618508
0.08688789049241478
0.08728756629037039
0.08768724980910354
0.08808690838570225
0.08848651010408703
0.08888602383201193
0.08928541925784658
0.08968466692469286
0.09008373826542959
0.09048260563494294
0.09088124234081844
0.09127962267413152
0.09167772193620592
0.09207551646703825
0.09247298366877277
0.09287010202987334
0.0932668511457872
0.09366321173947095
0.09405916567849823
0.0944546959905578
0.09484978687780264
0.0952444237292973
0.09563859312828131
0.09603228286281171
0.0964254819287962
0.09681818053453284
0.09721037010164975
0.09760204326376187
0.09799319386403837
0.09838381694858024
0.09877390875934133
0.09916346672557538
0.09955248944976851
0.09994097669460054
0.10032892936669777
0.10071634949823087
0.10110324022566722
0.10148960576842209
0.1018754514035635
0.10226078343936416
0.1026456091861762
0.10302993692782825
0.10341377588791674
0.10379713619594144
0.10418002885293563
0.10456246569251264
0.1049444593433957
0.10532602318838048
0.10570717132267658
0.1060879185125105
0.10646828014756474
0.10684827219831755
0.10722791116882183
0.10760721404863702
0.10798619826590444
0.10836488163540356
0.10874328231438563
0.10912141874578214
0.10949930960908269
0.10987697377285048
0.11025443023958663
0.11063169809353625
0.1110087964521147
0.11138574441030208
0.11176256099356643
0.11213926510082514
0.11251587545792462
0.11289241056471307
0.11326888864617182
0.11364532759952348
0.11402174495044132
0.11439815780107432
0.11477458278222906
0.11515103601089381
0.11552753304248423
0.11590408882300261
0.11628071765650295
0.11665743314891495
0.11703424818147198
0.11741117486078294
0.11778822448986999
0.1181654075250577
0.11854273354400033
0.11892021121410773
0.11929784826070404
0.11967565143608087
0.12005362648973614
0.1204317781461267
0.1208101100827688
0.12118862489503693
0.1215673240906232
0.12194620805898161
0.12232527605991735
0.12270452620610744
0.12308395545243786
0.12346355957665035
0.12384333317961312
0.1242232696701631
0.1246033612562331
0.12498359894884659
0.1253639725542227
0.12574447066753508
0.12612508068699915
0.1265057887968972
0.12688657998656905
0.1272674380512161
0.12764834559342844
0.1280292840358294
0.12841023363027887
0.1287911734703585
0.12917208149559622
0.12955293451724517
0.12993370821555444
0.13031437717086963
0.13069491487485446
0.13107529374955873
0.13145548515797972
0.13183545943869732
0.1322151859061432
0.13259463289257475
0.13297376776005754
0.1333525569159188
0.13373096585091593
0.1341089591426179
0.13448650051764632
0.13486355281999676
0.13524007808920324
0.13561603754868412
0.1359913916578768
0.13636610012257075
0.136740121921337
0.13711341532758548
0.13748593796556743
0.13785764679683404
0.13822849816792218
0.13859844783556868
0.1389674509849009
0.1393354622761663
0.13970243583660247
0.14006832532415833
0.14043308392483747
0.1407966643929999
0.14115901907765757
0.14152009993500858
0.1418798585616285
0.1422382462391106
0.14259521391961605
0.14295071227001963
0.1433046917129296
0.14365710242869262
0.14400789436662428
0.14435701731298373
0.14470442087132865
0.14505005451188244
0.1453938675692303
0.14573580930214905
0.14607582887392895
0.14641387539780817
0.14674989795592835
0.14708384562511162
0.14741566748518067
0.14774531265153243
0.1480727302844723
0.1483978696301553
0.14872068002537298
0.14904111089447458
0.14935911183624592
0.14967463257527358
0.14998762303155572
0.1502980332968581
0.15060581368613557
0.15091091475952773
0.15121328732095177
0.15151288244509237
0.1518096514975179
0.15210354617443533
0.15239451848836083
0.15268252080995512
0.15296750587329647
0.15324942681949486
0.15352823718765402
0.1538038909565052
0.15407634254220745
0.15434554685528823
0.15461145926356695
0.15487403567904884
0.15513323251293445
0.15538900675050724
0.15564131592822783
0.1558901181750465
0.15613537223808213
0.156377037478252
0.15661507391890417
0.15684944223892833
0.15708010380873175
0.15730702071240132
0.15753015574347687
0.15774947244914347
0.1579649351493443
0.1581765089143582
0.15838415966560257
0.15858785411555323
0.1587875597993036
0.15898324514689594
0.15917487942848318
0.15936243282598683
0.15954587641161858
0.15972518221409485
0.15990032317695607
0.16007127320630374
0.16023800717655667
0.16040050096140046
0.16055873144690155
0.16071267650972357
0.1608623150796872
0.16100762711257574
0.16114859362904893
0.16128519671964492
0.161417419553288
0.1615452463845242
0.16166866256924403
0.1617876545609752
0.16190220994921856
0.16201231743485936
0.16211796685227634
0.16221914916886038
0.16231585651786418
0.1624080821445066
0.16249582045866653
0.1625790670332453
0.16265781859720632
0.16273207301180703
0.16280182934250342
0.16286708775774467
0.1629278495986655
0.16298411739635063
0.16303589478281683
0.16308318656501622
0.16312599867694522
0.16316433819555576
0.1631982133365312
0.16322763341734353
0.16325260887338183
0.16327315126813285
0.1632892732356492
0.16330098849312571
0.1633083118557778
0.16331125918308306
0.1633098473867812
0.1633040943984142
0.16329401920339107
0.16327964175893142
0.163260983040418
0.16323806497980695
0.1632109104697142
0.16317954334779955
0.16314398838085795
0.1631042711937404
0.16306041837742966
0.16301245732364347
0.16296041627462346
0.16290432431448762
0.16284421134426977
0.1627801080061516
0.16271204574153272
0.16264005671268264
0.16256417381194482
0.1624844305930658
0.16240086132558418
0.1623135009172485
0.16222238485891236
0.1621275493079622
0.16202903096008803
0.1619268670960207
0.16182109549388068
0.16171175446773786
0.16159888280335583
0.1614825197683499
0.1613627050588926
0.16123947876882097
0.16111288141152655
0.16098295386671668
0.16084973733637123
0.16071327337438351
0.1605736038116447
0.16043077076338563
0.16028481664048858
0.16013578400618292
0.15998371571189096
0.1598286547461831
0.15967064430273537
0.15950972771534747
0.1593459484278012
0.15917934998980957
0.15900997605781808
0.15883787036994845
0.15866307665378385
0.15848563871367244
0.15830560035059524
0.15812300535487825
0.15793789750052226
0.1577503204830535
0.15756031799298648
0.15736793361175394
0.15717321082198454
0.15697619301387777
0.15677692343626826
0.15657544520787012
0.15637180132560496
0.15616603454852887
0.15595818750674748
0.15574830260876588
0.15553642209132348
0.15532258792620623
0.15510684191693264
0.15488922553021411
0.15466978007026055
0.15444854652086953
0.1542255656198292
0.15400087780843347
0.15377452323266014
0.15354654173715662
0.15331697285880422
0.153085855803634
0.15285322948234334
0.15261913242344324
0.15238360285887761
0.15214667864630974
0.1519083972866186
0.15166879593884838
0.15142791140105338
0.15118578005489328
0.15094243796602333
0.15069792078387678
0.15045226378930057
0.15020550185376638
0.14995766948430242
0.1497088007741851
0.1494589294401166
0.14920808876937594
0.14895631166485532
0.14870363063354902
0.14845007777234337
0.148195684749738
0.14794048282490008
0.14768450290277138
0.147427775413416
0.14717033039575272
0.14691219748755052
0.1466534059147065
0.14639398448399246
0.14613396159295666
0.145873365224423
0.14561222297020196
0.14535056197853652
0.14508840904433393
0.14482579049427033
0.14456273230520644
0.14429926000947665
0.14403539874027205
0.14377117326423675
0.14350660793800302
0.14324172669108734
0.14297655309351265
0.14271111032566183
0.1424454211529038
0.14217950797452264
0.14191339282460635
0.14164709730397035
