0.1453428720506631
0.13359931821424684
0.1263467939065523
0.12104708203879994
0.1168461949388587
0.11334980397813957
0.1103431820664555
0.10769659699602531
0.10532578069344103
0.103172971253936
0.10119688698664787
0.09936701950497905
0.09766019272260132
0.09605838940713299
0.0945473246486926
0.09311547882256739
0.0917534236872462
0.09045334139768726
0.08920867394877904
0.08801386291121194
0.08686415299365903
0.08575544157064632
0.08468416187141084
0.0836471911936832
0.08264177797863362
0.08166548328013606
0.08071613334586841
0.07979178086707309
0.07889067305698476
0.07801122515703364
0.07715199829340334
0.07631168084754086
0.07548907268547295
0.07468307172864484
0.07389266245458667
0.07311690599737215
0.07235493158146093
0.07160592907246652
0.07086914246778622
0.07014386418152044
0.06942943000311828
0.06872521462940716
0.06803062768607071
0.06734511016781428
0.06666813123730575
0.06599918533187679
0.06533778953413899
0.06468348116875323
0.0640358155923368
0.06339436414765867
0.06275871225644453
0.062128457627726966
0.061503208560997426
0.06088258232470377
0.06026620359216216
0.0596537029176083
0.05904471523557401
0.058438878366900725
0.05783583151431281
0.057235213730147866
0.05663666233703796
0.05603981128173284
0.05544428939909394
0.05484971856167339
0.05425571168538144
0.053661870558946355
0.0530677834573476
0.05247302249425219
0.05187714065753032
0.051279668462675225
0.05068011014277935
0.05007793927614825
0.04947259372984059
0.04886346976535337
0.0482499151138532
0.047631220777185734
0.04700661123797178
0.04637523267366558
0.04573613863654608
0.04508827249503112
0.044430445675895686
0.04376131041829916
0.04307932523319858
0.04238271055376738
0.04166939094388824
0.04093691858600668
0.040182370116886516
0.03940220462805706
0.0385920635822903
0.03774648100635328
0.036858450081037386
0.03591874963921413
0.034914847639487614
0.03382900974563649
0.03263478570967035
0.03128980640026368
0.029718814102625994
0.027764124322727478
0.024970834458635946
