0.17869699492261548
0.16615176796035827
0.1574152187747282
0.15056646111080108
0.1449022835958692
0.14006742890963456
0.13585103189383582
0.13211530607600058
0.1287643134469434
0.12572817441326117
0.12295424380621732
0.12040180395931237
0.11803868917898108
0.11583904205587556
0.11378176821338197
0.1118494405151753
0.11002750272987356
0.10830367862573219
0.10666752554638974
0.10511009180997673
0.10362365012767978
0.10220148761061007
0.100837738522782
0.09952724975021329
0.09826547160697731
0.09704836847430323
0.09587234511623567
0.09473418549719413
0.09363100165147702
0.09256019069593997
0.09151939848561319
0.09050648872349515
0.08951951657540519
0.08855670602674887
0.08761643036351073
0.08669719527439904
0.0857976241620045
0.08491644532344017
0.08405248071926298
0.08320463609659182
0.08237189227060392
0.08155329739980827
0.08074796011609009
0.07995504339157573
0.07917375904176358
0.07840336277877372
0.07764314974053864
0.07689245043170918
0.07615062702034353
0.07541706994134095
0.07469119476330473
0.07397243928025551
0.07326026079347665
0.0725541335519171
0.07185354632202284
0.07115800005974343
0.07046700565876433
0.06978008174977877
0.0690967525258693
0.06841654556875959
0.06773898964984391
0.06706361247839113
0.06638993836713623
0.0657174857824508
0.0650457647422944
0.06437427402000306
0.06370249810537629
0.06302990386615166
0.06235593684232021
0.061680017092248116
0.06100153449236843
0.06031984337022023
0.05963425632230621
0.058944037031583824
0.058248391851514696
0.057546459860570436
0.056837301007209996
0.056119881852653486
0.055393058265547565
0.05465555421160051
0.053905935486728264
0.053142576824740696
0.0523636202089503
0.05156692133403
0.05074997984167117
0.04990984692686048
0.049043000726314484
0.04814517474873539
0.047211115997196074
0.046234234495446246
0.045206078850612744
0.04411552079942735
0.04294742674039898
0.04168036440758448
0.04028233914172804
0.038702043964740286
0.03684822139358481
0.03452932044209998
0.03119129881633653
