0.10106437196770293
0.0935043360624343
0.08668228753522174
0.08077764025175618
0.07562145394396144
0.07106041774696484
0.06697859065077043
0.06328957527713851
0.059928121132451155
0.05684401305761367
0.05399787646861307
0.05135830132663875
0.048899841687427656
0.046601598257510986
0.0444461948594242
0.04241902590126516
0.04050769378287013
0.038701581821048256
0.036991525496102254
0.03536955614684959
0.033828698815698215
0.032362811102119
0.03096645344830123
0.029634783788852988
0.028363471275493976
0.027148625086192566
0.025986735258091496
0.024874623193500853
0.023809400000181585
0.02278843122256073
0.02180930682644515
0.020869815521631106
0.019967922693685816
0.019101751349276906
0.018269565598567534
0.01746975627370838
0.016700828365991856
0.015961390004078518
0.015250142761179126
0.014565873092530098
0.013907444755824375
0.01327379207969884
0.012663913963153514
0.012076868521223803
0.011511768289236826
0.010967775913531177
0.01044410027819366
0.00993999301040583
0.009454745319864247
0.008987685138967461
0.008538174522386999
0.008105607286548164
0.007689406852622171
0.0072890242873890594
0.0069039365020967065
0.006533644602498874
0.006177672385224444
0.005835564942443977
0.005506887388570615
0.005191223678410479
0.004888175528955056
0.004597361395658253
0.004318415569417473
0.0040509872866082725
0.003794739954515293
0.0035493503934394145
0.0033145081575699613
0.003089914884839604
0.002875283699539104
0.002670338672136196
0.002474814281768095
0.002288454941711772
0.0021110145529678044
0.0019422560691930643
0.0017819511237655006
0.0016298796543775715
0.0014858295616442805
0.001349596399485219
0.0012209830807503174
0.0010997996126788743
0.000985862845038849
0.0008789962229773768
0.0007790296395072759
0.000685799176012122
0.0005991470440616245
0.0005189213569619051
0.000444976078351417
0.0003771709788025347
0.0003153715206735417
0.0002594490144009878
0.00020928053555478737
0.00016474920965521347
0.0001257446115797201
0.00009216295730827314
0.00006390813646906951
0.00004089264374072726
0.000023039935680453505
0.000010288279236510334
0
