0.04550284108186483
0.045705324428313036
0.04590939936330368
0.04611508006979734
0.046322380794678715
0.04653131584612
0.04674189959082656
0.046954146451148815
0.047168070902102774
0.0473836874682403
0.04760101072040621
0.047820055272385614
0.048040835777394916
0.04826336692446704
0.04848766343469965
0.04871374005737535
0.048941611565950775
0.049171292753904285
0.049402798430470705
0.04963614341621764
0.04987134253852174
0.050108410626870194
0.050347362508073173
0.05058821300130437
0.050830976913041254
0.05107566903185666
0.0513223041230811
0.05157089692334962
0.05182146213500793
0.052074014420405566
0.05232856839605716
0.05258513862669707
0.05284373961920862
0.053104385816443014
0.05336709159093066
0.05363187123849437
0.053898738971751466
0.05416770891352834
0.05443879509018633
0.054712011424864836
0.05498737173063879
0.055264889703621166
0.05554457891598753
0.05582645280895302
0.056110524685700935
0.0563968077042721
0.056685314870419924
0.05697605903045411
0.057269052864062545
0.057564308877141236
0.057861839394628606
0.0581616565533666
0.05846377229498733
0.058768198358851796
0.0590749462750415
0.05938402735742051
0.05969545269677927
0.060009233154078245
0.060325379353797365
0.06064390167740991
0.060964810256997286
0.061288114969010606
0.0616138254282021
0.061941950981739505
0.062272500703510585
0.06260548338864194
0.06294090754824157
0.06327878140438058
0.06361911288532843
0.06396190962105397
0.06430717893900924
0.06465492786020914
0.0650051630956116
0.065357891042825
0.06571311778314222
0.06607084907891574
0.06643109037128717
0.06679384677827596
0.0671591230932381
0.06752692378370077
0.06789725299057855
0.06827011452777831
0.06864551188219267
0.06902344821408482
0.06940392635786742
0.06978694882327102
0.07017251779689969
0.07056063514416995
0.07095130241162625
0.07134452082962012
0.07174029131535033
0.07213861447624109
0.07253949061365138
0.07294291972689113
0.07334890151753298
0.07375743539398733
0.07416852047632447
0.0745821556013136
0.07499833932765063
0.07541706994134087
0.07583834546121025
0.07626216364449767
0.07668852199250281
0.07711741775623877
0.0775488479420549
0.07798280931718099
0.07841929841514945
0.0788583115410459
0.07929984477654169
0.07974389398465369
0.08019045481418541
0.080639522703791
0.08109109288561413
0.08154516038844224
0.08200172004032903
0.08246076647062499
0.08292229411136427
0.08338629719795872
0.08385276976913872
0.08432170566609871
0.08479309853079062
0.08526694180332225
0.085743228718413
0.08622195230086455
0.0867031053600053
0.08718668048307411
0.08767267002750644
0.08816106611209495
0.08865186060700092
0.0891450451225909
0.08964061099708368
0.09013854928300019
0.09063885073240406
0.09114150578093314
0.09164650453063342
0.09215383673159401
0.09266349176241279
0.09317545860950696
0.09368972584529771
0.09420628160531588
0.09472511356425321
0.095246208911021
0.09576955432286455
0.0962951359386
0.09682293933103549
0.09735294947865102
0.0978851507366234
0.09841952680726762
0.09895606071000221
0.09949473475092721
0.10003553049210259
0.10057842872066887
0.10112340941786699
0.10167045172813044
0.10221953392831115
0.10277063339720853
0.10332372658547778
0.10387878898609337
0.10443579510542798
0.10499471843515677
0.10555553142502457
0.10611820545666396
0.10668271081860123
0.10724901668250804
0.10781709108087391
0.10838690088619914
0.10895841179186941
0.10953158829475892
0.11010639367967733
0.11068279000584985
0.11126073809543786
0.11184019752421631
0.11242112661453688
0.11300348243060158
0.11358722077614572
0.1141722961946149
0.11475866197185641
0.11534627014143146
0.11593507149249481
0.11652501558041327
0.11711605073998582
0.11770812410143437
0.11830118160912774
0.11889516804286872
0.11949002704204288
0.12008570113236874
0.12068213175527168
0.12127925929999855
0.12187702313807937
0.12247536166033078
0.12307421231671407
0.12367351165791583
0.12427319537947328
0.12487319836860658
0.1254734547521775
0.1260738979473931
0.12667446071435762
0.1272750752100137
0.12787567304403494
0.12847618533607597
0.1290765427750296
0.12967667567806063
0.13027651405302398
0.13087598765959765
0.1314750260727752
0.13207355874672416
0.13267151507826813
0.13326882447285393
0.13386541640818908
0.1344612205003061
0.13505616656757824
0.13565018469696333
0.13624320530638764
0.13683515921164494
0.13742597768694864
0.13801559252863216
0.13860393611874344
0.13919094148277156
0.13977654235147904
0.14036067321917842
0.140943269397342
0.1415242670755734
0.14210360337221872
0.14268121638608117
0.14325704524825514
0.1438310301701836
0.14440311248928797
0.14497323471667947
0.14554134057495516
0.14610737503979823
0.1466712843798061
0.14723301619154988
0.1477925194302909
0.14834974444734714
0.14890464300448272
0.14945716831984257
0.1500072750747351
0.15055491944405042
0.1511000591142563
0.15164265329208043
0.1521826627261242
0.15272004971764566
0.15325477812771376
0.1537868133807545
0.15431612247552795
0.1548426739761534
0.15536643802813574
0.15588738634132582
0.15640549218332167
0.1569207303903021
0.1574330773396146
0.15794251094320758
0.15844901064223157
0.15895255738027528
0.1594531335966344
0.1599507231982586
0.1604453115507783
0.16093688544080284
0.16142543307244392
0.1619109440183774
0.1623934092133419
0.16287282091361618
0.1633491726883926
0.1638224593564865
0.16429267697098254
0.16475982281143403
0.16522389530961135
0.1656848940376403
0.16614281966385216
0.1665976739398303
0.16704945962626155
0.167498180503046
0.16794384128438927
0.16838644760261837
0.16882600599050254
0.169262523799506
0.16969600921240818
0.17012647117137203
0.1705539193115936
0.17097836400990554
0.1713998162636883
0.1718182876647437
0.17223379044760037
0.1726463373003143
0.1730559414595607
0.17346261662067813
0.1738663768761182
0.17426723674053776
0.1746652110140862
0.17506031490511748
0.17545256382794497
0.17584197348595138
0.1762285597447704
0.1766123387028002
0.17699332655356664
0.17737153963441085
0.17774699432067928
0.1781197070800746
0.17848969437296708
0.17885697262821493
0.17922155826998296
0.1795834676426079
0.17994271693113859
0.18029932229510195
0.18065329963879817
0.1810046647789057
0.18135343326753667
0.1816996204559271
0.18204324140581116
0.1823843109608663
0.18272284360857713
0.18305885359637525
0.1833923547308256
0.18372336055683441
0.18405188419144375
0.18437793836222413
0.18470153537404693
0.18502268714197811
0.18534140514894168
0.18565770032785453
0.18597158321669752
0.18628306381398282
0.18659215167171117
0.18689885579327634
0.1872031846626697
0.18750514624155762
0.18780474797456775
0.18810199660681592
0.18839689851815625
0.188689459407671
0.18897968442842494
0.18926757806574854
0.18955314439427903
0.1898363867322813
0.19011730779623162
0.19039590986058627
0.1906721944446206
0.19094616240780715
0.19121781423010908
0.19148714953861332
0.19175416762166725
0.19201886680909935
0.1922812450443387
0.19254129969591083
0.19279902735013527
0.19305442424090072
0.19330748566160078
0.19355820663679513
0.19380658151780916
0.19405260393010984
0.1942962670150898
0.19453756347604192
0.19477648517627927
0.1950130237743506
0.1952471699943951
0.19547891425303277
0.19570824657603275
0.19593515614489906
0.19615963184765958
0.19638166187708345
0.19660123445004782
0.19681833676696414
0.19703295591152728
0.19724507810516254
0.19745468977551603
0.19766177651579342
0.19786632354143324
0.19806831579590528
0.19826773790249472
0.1984645739822197
0.19865880816181367
0.19885042375481482
0.19903940403039883
0.19922573217080272
0.1994093909835331
0.199590362818675
0.19976863025528865
0.19994417517234533
0.20011697965166061
0.20028702543723068
0.20045429432366266
0.20061876785194377
0.20078042740566682
0.2009392545093362
0.20109523033492854
0.2012483363680993
0.20139855393954828
0.2015458644789942
0.2016902489802781
0.2018316894061105
0.20197016712186097
0.20210566357039716
0.20223816073753045
0.20236764050340778
0.20249408487116813
0.20261747621087847
0.20273779712437692
0.2028550298971735
0.20296915810442193
0.2030801646144095
0.2031880329548942
0.20329274721657312
0.20339429145934237
0.20349265039588812
0.20358780887590602
0.20367975206455616
0.2037684658095957
0.20385393641264826
0.20393615049847086
0.20401509481072733
0.20409075721090406
0.20416312592389388
0.20423218892358955
0.20429793577415206
0.20436035611656714
0.204419439900454
0.20447517791491687
0.2045275617346432
0.20457658314284885
0.20462223457159787
0.20466450938570208
0.20470340138331192
0.20473890488114774
0.20477101466250092
0.2047997270563822
0.20482503804501337
0.20484694468898745
0.2048654447925042
0.20488053686466096
0.20489221984471126
0.20490049342527572
0.20490535847414695
0.20490681592824123
0.20490486743422245
0.20489951608474952
0.2048907647307534
0.20487861780587582
0.2048630794226175
0.20484415540332632
0.2048218519602096
0.2047961751560215
0.20476713331046245
0.2047347344079428
0.2046989870743453
0.20465990121663552
0.20461748695823875
0.20457175509117262
0.20452271742333414
0.20447038634014011
0.20441477445642045
0.20435589541954474
0.20429376357402718
0.20422839360150022
0.20415980128634875
0.2040880028023675
0.20401301402040947
0.20393485318566296
0.2038535376432207
0.203769086257765
0.20368151799457385
0.20359085226471546
0.20349710931008322
0.20340030956573887
0.203300474596115
0.2031976258601866
0.20309178590203655
0.20298297686101066
0.20287122219436385
0.20275654508327318
0.20263897017901877
0.20251852183321245
0.20239522452635703
0.20226910358732564
0.20214018516014198
0.2020084946613501
0.2018740592467628
0.2017369047030803
0.20159705900241723
0.2014545490320609
0.20130940269695788
0.20116164757877825
0.2010113125055895
0.20085842576594443
0.20070301597182305
0.20054511244154616
0.20038474376448898
0.20022193996077323
0.20005673056185247
0.1998891452153342
0.19971921388249905
0.1995469665408069
0.19937243382805186
0.19919564579939605
0.19901663288511223
0.19883542605524232
0.19865205547819662
0.19846655241542874
0.19827894722226774
0.19808927099303045
0.19789755438963674
