0.00022290160626451592
0.00023258775825212228
0.00024268057879490483
0.00025319626264325097
0.00026415159433208746
0.0002755639698008859
0.00028745124796879544
0.0002998321747861777
0.000312725922173939
0.000326152513200762
0.00034013256159205795
0.0003546874350147453
0.00036983921519316223
0.00038561074438129016
0.0004020256630132044
0.0004191083537462159
0.00043688406911479924
0.00045537885404559205
0.0004746195953227954
0.0004946340989177116
0.000515451013612863
0.0005370999394308241
0.0005596113989528547
0.0005830168716893361
0.0006073487868342378
0.0006326405677871195
0.0006589266918831099
0.0006862425840662977
0.0007146248334749596
0.0007441109714639756
0.0007747397120056026
0.0008065507986141335
0.0008395851568987334
0.0008738847862953134
0.0009094928612198505
0.000946453724145913
0.000984812866039102
0.0010246169977660867
0.001065913983057304
0.0011087529502288047
0.0011531841956797697
0.001199259269159283
0.001247030917689681
0.0012965531492865586
0.0013478812020545031
0.0014010715403122292
0.0014561818651048547
0.001513271135655793
0.0015723995062547707
0.001633628373144761
0.001697020320487769
0.0017626391614632751
0.0018305498969490516
0.0019008186609602053
0.0019735127994187644
0.0020487007252409685
0.002126452007426883
0.0022068372678990165
0.0022899281902762454
0.002375797472721477
0.0024645187957352682
0.0025561667822442406
0.0026508169534323
0.002748545691691804
0.0028494301821690936
0.002953548365868671
0.003060978880411812
0.0031718010159270883
0.003286094630702571
0.00340394010934354
0.0035254182781240097
0.003650610338345496
0.0037795977965959645
0.003912462375018524
0.004049285940645312
0.00419015042034669
0.004335137707871443
0.004484329579966623
0.00463780759391779
0.004795653004106886
0.004957946658996288
0.0051247688966887875
0.005296199443505526
0.00547231731463812
0.005653200701899764
0.005838926868676356
0.006029572037829125
0.006225211281412209
0.006425918410457152
0.0066317658625563575
0.0068428245864431405
0.007059163925461711
0.007280851517057059
0.007507953164102106
0.007740532736408804
0.007978652046122782
0.008222370753619116
0.008471746243962892
0.008726833528221548
0.008987685140165803
0.009254351025581463
0.00952687845543804
0.009805311917451584
0.01008969303379475
0.01038006046301381
0.010676449817510017
0.010978893585346875
0.011287421049452576
0.0116020582154684
0.011922827744896834
0.012249748893183206
0.012582837452779766
0.012922105697227817
0.013267562340910715
0.013619212493434021
0.013977057629050028
0.014341095552680157
0.014711320382912979
0.01508772252969664
0.0154702886881291
0.015859001832541054
0.01625384121560236
0.016654782379844812
0.017061797167979995
0.017474853745099907
0.0178939166231766
0.018318946692226883
0.018749901254704424
0.019186734073612453
0.019629395414139442
0.020077832100256706
0.020531987568347593
0.020991801935108946
0.02145721205840063
0.02192815161146143
0.022404551157162785
0.022886338225615567
0.023373437397515365
0.02386577038752623
0.024363256134383598
0.02486581088976025
0.02537334831052005
0.025885779555844618
0.026403013382329192
0.0269249562416755
0.027451512380190807
0.02798258394057782
0.028518071059858256
0.029057871971262455
0.029601883107634938
0.03014999919832168
0.03070211337387921
0.03125811726401223
0.031817901096686634
0.03238135379722257
0.032948363085929286
0.03351881557098166
0.03409259684764984
0.03466959158402708
0.03524968361853546
0.03583275604372271
0.03641869129457313
0.03700737123402902
0.03759867723418086
0.038192490256233454
0.038788690927786106
0.03938715961924503
0.03998777651608101
0.040590421688295644
0.041194975158308424
0.04180131696850466
0.04240932724062557
0.04301888623830472
0.04362987442473881
0.044242172517537676
0.04485566154152754
0.04547022288145637
0.0460857383274491
0.04670209012408896
0.04731916101217357
0.04793683427311817
0.048554993765482696
0.04917352396679735
0.049792310006579965
0.05041123770184765
0.051030193589007775
0.05164906495578485
0.05226773986917064
0.05288610720309925
0.0535040566653582
0.05412147882276363
0.054738265123511785
0.0553543079203128
0.055969500492073845
0.05658373706266371
0.057196912820906005
0.05780892393964062
0.058419667591306366
0.059029041965663644
0.05963694628554545
0.0602432808208054
0.06084794690433001
0.061450846944530374
0.062051884439821306
0.06265096399026843
0.06324799131099793
0.06384287324222779
0.06443551776407584
0.06502583400398924
0.06561373225007029
0.066199123961113
0.06678192177614131
0.0673620395246933
0.06793939223755098
0.0685138961546483
0.06908546873582137
0.06965402866967478
0.07021949588138485
0.07078179154352532
0.07134083808273017
0.071896559189266
0.07244887982514978
0.07299772623253721
0.07354302594082698
0.07408470777509495
0.07462270186385414
0.07515693964610169
0.07568735387901
0.07621387864409737
0.07673644935553059
0.07725500276547899
0.07776947697149798
0.07827981142178468
0.07878594692256637
0.07928782564199874
0.07978539111783113
0.08027858825991586
0.08076736335821258
0.08125166408461541
0.08173143949947334
0.08220664005361626
0.08267721759342056
0.08314312536419667
0.08360431801156135
0.08406075158621522
0.0845123835442879
0.08495917275039573
0.08540107947814378
0.08583806541212427
0.08627009364779274
0.08669712869163024
0.08711913646170356
0.08753608428571161
0.08794794090060394
0.08835467645140997
0.0887562624879233
0.08915267196316864
0.08954387922998766
0.08992986003772004
0.09031059152825817
0.09068605223106503
0.0910562220587402
0.09142108230216914
0.09178061562271171
0.0921348060478282
0.09248363896354116
0.09282710110642135
0.093165180556301
0.09349786672795687
0.09382515036221252
0.09414702351640715
0.09446347955494241
0.0947745131391962
0.09508012021598321
0.09538029800776701
0.09567504499985593
0.09596436092886679
0.09624824677040046
0.09652670472574744
0.09679973820948745
0.09706735183466551
0.09732955139934744
0.09758634387190547
0.09783773737631438
0.09808374117733255
0.09832436566368287
0.09855962233340253
0.09878952377734704
0.09901408366246713
0.09923331671396819
0.09944723870090214
0.0996558664153334
0.099859217657019
0.10005731121473087
0.10025016684830404
0.10043780526934692
0.10062024812338573
0.10079751797188248
0.1009696382709423
0.10113663335461825
0.10129852841369232
0.10145534947719623
0.10160712339307872
0.1017538778070681
0.10189564114460692
0.10203244258969547
0.102164312065677
0.10229128021469706
0.10241337837791041
0.10253063857502123
0.10264309348477459
0.10275077642461074
0.10285372132975559
0.10295196273429456
0.10304553575015386
0.10313447604791591
0.10321881983610809
0.10329860384151847
0.10337386528949565
0.10344464188402466
0.10351097178823723
0.10357289360500142
0.10363044635698601
0.10368366946800717
0.10373260274336908
0.10377728635137541
0.10381776080404802
0.10385406693926016
0.10388624590047106
0.10391433912102471
0.10393838830370802
0.103958435404451
0.10397452261380646
0.10398669233979828
0.10399498719041417
0.10399944995687387
0.10400012359711128
0.10399705121812922
0.10399027606139069
0.10397984148541832
0.10396579095031286
0.10394816800267369
0.10392701625992595
0.10390237939554327
0.10387430112430632
0.10384282518766391
0.10380799533988683
0.10376985533380495
0.10372844890795137
0.10368381977217968
0.10363601159540352
0.1035850679928305
0.10353103251295519
0.10347394862614939
0.1034138597122305
0.10335080904935803
0.1032848398019054
0.10321599501058548
0.10314431758092163
0.10306985027334006
0.10299263569239
0.10291271627769866
0.10283013429415168
0.10274493182204326
0.10265715074911427
0.10256683276088228
0.10247401933310732
0.10237875172286945
0.10228107096115002
0.10218101784551237
0.10207863293211142
0.10197395652882295
0.10186702868888375
0.1017578892042564
0.10164657759877882
0.10153313312315299
0.10141759474829738
0.10130000116022779
0.10118039075507623
0.10105880163355584
0.100935271596633
0.10080983814068266
0.10068253845344247
0.10055340941000575
0.10042248756845083
0.10028980916673808
0.10015541011926168
0.10001932601371821
0.09988159210730953
0.09974224332531666
0.09960131425765786
0.0994588391563852
0.09931485193387714
0.09916938616107968
0.09902247506500635
0.09887415152754674
0.09872444808414027
0.0985733969217979
0.09842102987869121
0.09826737844321895
0.09811247375248883
0.09795634659240779
0.09779902739690265
0.09764054624740812
0.09748093287293276
0.09732021665000472
0.0971584266024442
0.09699559140187533
0.09683173936805557
0.09666689846888511
0.09650109632176496
0.09633436019346589
0.09616671700149687
0.09599819331466825
0.09582881535443506
0.09565860899562706
0.09548759976810388
0.09531581285764591
0.09514327310760821
0.0949700050203514
0.0947960327586673
0.09462138014770355
0.09444607067641649
0.09427012749964737
0.09409357343976182
0.09391643098849493
0.09373872230963495
0.09356046923999448
0.0933816932925162
0.09320241565811718
0.09302265720760833
0.09284243849450431
0.09266177975710627
0.09248070092074875
0.09229922160064491
0.09211736110389913
0.09193513843230772
0.09175257228499402
0.09156968106017811
0.09138648285930587
0.0912029954881241
0.09101923646029882
0.09083522299969365
0.0906509720435672
0.09046650024449286
0.09028182397400586
0.09009695932482575
0.08991192211366758
0.08972672788431195
0.08954139191028472
0.08935592919768046
0.08917035448785492
0.08898468226075822
0.08879892673715789
0.08861310188187038
0.08842722140669809
0.08824129877292991
0.08805534719445675
0.0878693796407881
0.08768340883941327
0.08749744727935725
0.08731150721333143
0.0871256006610022
0.08693973941180641
0.08675393502778428
0.0865681988459801
0.08638254198213485
0.0861969753326449
0.08601150957780723
0.08582615518468299
0.08564092240934405
0.08545582130039657
0.08527086170106171
0.08508605325232829
0.08490140539551207
0.0847169273748527
0.08453262824050993
0.08434851685106344
0.08416460187592273
0.08398089179845354
0.08379739491820488
0.08361411935375922
0.08343107304513121
0.08324826375638984
0.08306569907833591
0.08288338643065091
0.08270133306497578
0.08251954606684211
0.08233803235838787
0.08215679870075943
0.0819758516965392
0.08179519779209092
0.08161484328011079
0.08143479430156862
0.08125505684849008
0.08107563676602471
0.08089653975468601
0.08071777137268889
0.08053933703838424
0.08036124203201268
