0.13177401702918923
0.11950704420918458
0.11207389068298562
0.10670497601480235
0.10248535812792549
0.09899827028231635
0.09601910775246557
0.0934131897431242
0.09109347786736693
0.08900049072453295
0.0870917723522544
0.0853359427423092
0.08370913398812015
0.08219275166784691
0.08077201221508469
0.07943495499490896
0.07817175573358513
0.07697423743516418
0.07583551434482276
0.07474972774813592
0.07371184653866385
0.07271751434973397
0.071762930745654
0.07084475771740481
0.06996004524665649
0.06910617142591363
0.06828079382271901
0.06748180962464576
0.0667073227106267
0.06595561623684118
0.06522512965104807
0.06451443929169524
0.06382224191054518
0.06314734059591023
0.06248863268011357
0.06184509929655932
0.061215796316046935
0.060599846442222105
0.059996432285796764
0.05940479026886247
0.05882420523603885
0.0582540056694982
0.05769355942195861
0.057142269894375854
0.05659957259715127
0.0560649320416715
0.05553783891733556
0.05501780751473986
0.05450437336121606
0.05399709103850563
0.053495532156648144
0.05299928346019925
0.052507945045114975
0.052021128667681604
0.05153845612623826
0.051059557699374356
0.05058407062340529
0.05011163759330628
0.049641905270520335
0.04917452278168928
0.048709140188924326
0.048245406915083056
0.0477829701023502
0.0473214728810173
0.046860552523918284
0.04639983845588318
0.04593895008370467
0.04547749440802383
0.04501506336477612
0.04455123084496728
0.04408554931273531
0.04361754594504962
0.04314671817931388
0.042672528536967215
0.04219439856162635
0.04171170164020806
0.041223754457778115
0.04072980671214231
0.04022902861792188
0.03972049560904568
0.039203169364875994
0.0386758740645233
0.03813726627311946
0.03758579626402446
0.037019657605275993
0.03643672037259361
0.03583444100158269
0.03520973826797367
0.03455881815224863
0.03387692012405854
0.03315793743621848
0.0323938258395595
0.03157364089016752
0.030681873154480673
0.029695353741047644
0.028576894632468472
0.02726027508134783
0.025606285995473568
0.023211524733607925
