0.6097546146651324
0.6096528764944911
0.6095500661291168
0.6094461624570068
0.6093411437570881
0.60923498767951
0.6091276712316503
0.6090191707544524
0.6089094619041733
0.6087985196322461
0.60868631816361
0.6085728309749792
0.6084580307719402
0.6083418894694606
0.6082243781712686
0.6081054671362084
0.6079851257677249
0.6078633225815498
0.6077400251857981
0.6076152002538734
0.607488813498998
0.6073608296531088
0.6072312124371168
0.6070999245350983
0.6069669275750617
0.6068321820910827
0.6066956475074444
0.606557282106697
0.606417043002975
0.6062748861195778
0.6061307661567576
0.6059846365688962
0.6058364495345295
0.6056861559343001
0.6055337053209207
0.6053790458950136
0.605222124477463
0.6050628864858869
0.6049012759096503
0.604737235285049
0.6045707056692333
0.6044016266211859
0.6042299361749501
0.604055570823717
0.6038784654907858
0.603698553517693
0.60351576664282
0.6033300349812181
0.6031412870129648
0.6029494495664529
0.6027544478042499
0.60255620521289
0.6023546435928321
0.602149683049667
0.6019412419898073
0.6017292371140567
0.601513583418962
0.6012941941931739
0.601070981023771
0.6008438538016169
0.6006127207270955
0.6003774883235179
0.6001380614497837
0.5998943433164368
0.599646235508547
0.5993936380052276
0.5991364492086665
0.5988745659734328
0.5986078836401441
0.5983362960723434
0.5980596956984908
0.5977779735551612
0.5974910193376597
0.5971987214513685
0.5969009670688585
0.5965976421914979
0.5962886317137698
0.5959738194929652
0.5956530884222335
0.5953263205090416
0.5949933969570738
0.594654198252034
0.5943086042529956
0.5939564942866916
0.5935977472468541
0.593232241697274
0.5928598559785763
0.5924804683204239
0.5920939569557111
0.5917002002397374
0.5912990767733993
0.5908904655282184
0.5904742459765169
0.590050298224104
0.5896185031456331
0.5891787425235359
0.5887308991884943
0.5882748571640231
0.5878105018110119
0.5873377199759229
0.5868564001398224
0.5863664325690622
0.5858677094663816
0.5853601251236205
0.5848435760745092
0.584317961247077
0.5837831821168197
0.5832391428584376
0.5826857504971893
0.5821229150585782
0.581550549717135
0.580968570942206
0.58037689864264
0.5797754563075016
0.5791641711448441
0.5785429742167538
0.5779118005699547
0.5772705893636735
0.5766192839916645
0.5759578322008857
0.5752861862035807
0.574604302785267
0.5739121434062245
0.5732096742976006
0.5724968665506128
0.5717736961998882
0.5710401442993778
0.5702961969921241
0.5695418455718264
0.5687770865382428
0.5680019216437622
0.5672163579335063
0.5664204077766337
0.5656140888908604
0.5647974243574382
0.5639704426296358
0.5631331775325598
0.5622856682541765
0.5614279593300305
0.5605601006179499
0.5596821472661625
0.5587941596731038
0.5578962034391127
0.5569883493115249
0.5560706731204937
0.5551432557095828
0.5542061828576588
0.5532595451945991
0.5523034381095331
0.5513379616545394
0.5503632204392316
0.54937932352211
0.5483863842945842
0.5473845203604165
0.546373853410368
0.5453545090912655
0.5443266168714276
0.5432903099020051
0.5422457248745496
0.541193001875014
0.5401322842353999
0.5390637183823382
0.5379874536835009
0.5369036422921785
0.5358124389908202
0.5347140010320725
0.5336084879809215
0.532496061554929
0.5313768854647875
0.5302511252550278
0.529118948145615
0.5279805228741771
0.5268360195395503
0.52568560944589
0.5245294649506312
0.5233677593121188
0.522200666541085
0.5210283612540539
0.5198510185299059
0.5186688137692775
0.517481922556695
0.5162905205274493
0.5150947832359277
0.51389488603025
0.5126910039287306
0.5114833115014309
0.5102719827554472
0.5090571910243302
0.5078391088628511
0.5066179079444304
0.5053937589650349
0.5041668315488841
0.5029372941620014
0.5017053140276967
0.5004710570475605
0.4992346877272088
0.497996369105609
0.496756262690112
0.49551452839487353
0.49427132448386013
0.4930268075187261
0.4917811323100606
0.49053445187305705
0.4892869173873435
0.4880386781608001
0.4867898815957113
0.4855406731623614
0.4842911963708828
0.48304159275075087
0.48179200183189347
0.48054256112907845
0.47929340612847454
0.47804467027972375
0.4767964849865485
0.4755489796039315
0.4743022814358819
0.47305651573459917
0.47181180570264775
0.4705682724981681
0.46932603524019517
0.4680852110152113
0.4668459148884351
0.4656082599115784
0.46437235713536124
0.46313831562312563
0.4619062424626655
0.4606762427811019
0.45944841976079476
0.4582228746529455
0.45699970679546353
0.4557790136260072
0.45456089070254463
0.453345431716532
0.45213272850945474
0.4509228710912378
0.44971594765364176
0.4485120445885258
0.4473112465002318
0.44611363622380906
0.4449192948351736
0.44372830167015337
0.4425407343353532
0.4413566687173504
0.44017617899924855
0.4389993376698407
0.4378262155341225
0.4366568817223101
0.43549140369825295
0.43432984726832835
0.4331722765860073
0.43201875416099383
0.4308693408618834
0.4297240959208788
0.42858307693936765
0.4274463398855594
0.42631393910192383
0.4251859273004042
0.42406235556829147
0.4229432733634527
0.4218287285133478
0.42071876721625706
0.41961343403217816
0.41851277188559577
0.41741682205876957
0.4163256241883113
0.4152392162583594
0.41415763459664356
0.41308091386649787
0.41200908706845746
0.41094218551999456
0.409880238863835
0.4088232750518164
0.4077713203368417
0.4067243992777441
0.4056825347137437
0.4046457477774899
0.40361405787599264
0.402587482684884
0.40156603814421754
0.40054973845852987
0.3995385960776854
0.39853262170272935
0.3975318242814441
0.3965362109939247
0.3955457872618101
0.39456055673593504
0.3935805212956107
0.3926056810557401
0.39163603435005073
0.3906715777516892
0.38971230605110335
0.38875821228142565
0.3878092877011334
0.3868655218094274
0.38592690235233684
0.38499341532048914
0.384065044962529
0.38314177379178305
0.3822235825948445
0.3813104504445153
0.3804023547083582
0.37949927106513653
0.37860117351257216
0.37770803439996437
0.37681982441891626
0.3759365126431816
0.37505806654239643
0.3741844519956043
0.37331563332132567
0.3724515733024799
0.3715922331926679
0.37073757277255986
0.3698875503590761
0.36904212282236465
0.36820124564335244
0.3673648729204345
0.36653295741377273
0.3657054505867128
0.36488230261013715
0.36406346243052584
0.36324887779362425
0.3624384952744366
0.36163226033794366
0.36083011735173187
0.3600320096556022
0.3592378795627198
0.35844766845636566
0.35766131678796664
0.3568787641497222
0.35609994929970634
0.3553248102120926
0.3545532841475637
0.3537853076630143
0.35302081668707375
0.35225974655421055
0.35150203206027764
0.35074760751395473
0.3499964067714695
0.3492483633014434
0.3485034102401484
0.3477614804198571
0.34702250643822874
0.34628642068485493
0.34555315544081916
0.34482264287351405
0.34409481510882284
0.34336960430272045
0.3426469426529477
0.3419267624677566
0.3412089962366355
0.34049357663941365
0.33978043660526797
0.33906950939304176
0.3383607285917464
0.33765402821448465
0.3369493426900557
0.33624660696258596
0.3355457565199849
0.33484672738757354
0.33414945626771236
0.3334538804947884
0.3327599381276243
0.33206756796763726
0.33137670959618043
0.33068730343792135
0.3299992907550657
0.32931261374440635
0.32862721550409035
0.32794304011405956
0.3272600326630888
0.3265781392449933
0.32589730704308095
0.3252174843196313
0.3245386204508963
0.3238606659616412
0.323183572544712
0.32250729307151477
0.321831781650959
0.32115699360363986
0.32048288550052395
0.31980941520856165
0.3191365418449147
0.3184642258536104
0.3177924289794064
0.31712111429127743
0.31645024619994283
0.31577979045091525
0.3151097141599769
0.314439985768204
0.3137705751116128
0.3131014533713634
0.31243259309800475
0.3117639682142367
0.31109555399970246
0.3104273271128812
0.30975926557140776
0.3090913487293592
0.3084235573006105
0.30775587336122295
0.30708828029242885
0.3064207628220731
0.30575330695725444
0.30508590005714653
0.3044185307313471
0.3037511888783929
0.3030838656522304
0.30241655345989327
0.3017492459213543
0.3010819378798618
0.300414625373364
0.2997473055825872
0.2990799768768222
0.2984126387229257
0.29774529172362035
0.2970779375535003
0.2964105789574688
0.2957432197065256
0.29507586462534935
0.2944085194841608
0.2937411910556932
0.2930738870424767
0.29240661605047813
0.29173938761725743
0.2910722120804748
0.29040510067740705
0.28973806543474173
0.2890711191422101
0.28840427538616287
0.28773754844031285
0.28707095332813826
0.28640450570016707
0.28573822189715775
0.2850721188585334
0.2844062141159513
0.2837405257854729
0.28307507250754804
0.2824098734493734
0.28174494824414853
0.28108031699660235
0.28041600025971364
0.2797520189765299
0.2790883944689386
0.27842514842554783
0.27776230286131404
0.27709988010569275
0.27643790276961866
0.27577639370058055
0.27511537602299946
0.27445487302961236
0.2737949082288284
0.27313550527733427
0.2724766879914684
0.27181848031275824
0.2711609062671535
0.2705039899629134
0.2698477555875017
0.26919222735456344
0.26853742950748505
0.26788338627923935
0.2672301219104428
0.2665776605896733
0.2659260264751561
0.2652752436360129
0.2646253360823328
0.26397632771552987
0.2633282423237161
0.26268110357022634
0.2620349349799601
0.261389759921113
0.2607456015925099
0.26010248302080563
0.25946042701403466
0.25881945623452685
0.25817959307553245
0.25754085973365964
0.25690327814195324
0.25626687002844833
0.2556316568583609
0.25499765980267414
0.2543648997927612
0.25373339748388263
0.25310317323409415
0.25247424712074995
0.2518466389090234
0.25122036807437637
0.2505954537711399
0.24997191485268386
0.2493497698450735
0.248729036940655
0.248109734036615
0.24749187865322805
0.24687548800769613
0.2462605789850011
0.24564716810619966
0.24503527155717172
0.2444249051928821
0.2438160845057788
0.24320882465355761
0.24260314044274078
0.24199904632565028
