0.026008413638173616
0.0260980728063349
0.026188346287290845
0.026279229463173553
0.026370731108927323
0.026462859026370664
0.026555620907365626
0.026649021159793337
0.026743059721745614
0.026837756671434742
0.026933104784041165
0.027029120416547515
0.02712580758243295
0.027223170169603215
0.027321212931260244
0.027419950935124435
0.027519383852181854
0.027619521373669603
0.027720370380154888
0.02782193843616912
0.02792423078633233
0.028027256863298215
0.028131022653733847
0.028235536544843117
0.028340807215213138
0.02844684008871786
0.028553642659372245
0.02866122420304369
0.028769593120140036
0.02887875589459928
0.028988721929679353
0.029099498474866214
0.029211093821710735
0.029323517340688172
0.029436776921329795
0.0295508812213448
0.029665838946803302
0.02978165826628898
0.02989834949433667
0.03001592026712313
0.030134380147140358
0.030253738758823097
0.030374004962260656
0.030495188173401664
0.030617298354051362
0.030740344605542383
0.030864336994290167
0.030989285062727676
0.031115199132003488
0.03124208910458423
0.03136996512212139
0.03149883766382676
0.03162871697498996
0.03175961374492694
0.03189153840360017
0.03202450180907521
0.032158514804890403
0.032293588519934566
0.032429733854764844
0.032566962141503585
0.0327052847292279
0.032844713072954855
0.03298525871636245
0.033126933420625976
0.03326974893504137
0.03341371723934394
0.03355885039344849
0.03370516056863971
0.033852660066989455
0.03400136130549907
0.03415127685042112
0.03430241931602251
0.03445480150994968
0.03460843634557127
0.0347633368224507
0.034919516078897386
0.035076987388041915
0.03523576411672819
0.03539585976026176
0.03555728794308811
0.035720062355015215
0.03588419687876392
0.036049705439846216
0.0362166021134145
0.0363849010695868
0.03655461661127153
0.03672576311268083
0.036898355078168264
0.037072407133083574
0.037247933956310646
0.03742495037992557
0.037603471291035556
0.03778351170176746
0.03796508670102193
0.03814821147178811
0.03833290128580274
0.03851917150219854
0.038707037552584145
0.038896514949111
0.0390876192765098
0.0392803661935028
0.039474771418248136
0.03967085073348448
0.039868619977866206
0.04006809503872103
0.04026929185257154
0.040472226399960474
0.040676914691549236
0.040883372769889445
0.04109161670499628
0.04130166258153956
0.041513526494989544
0.04172722454809628
0.04194277283730089
0.04216018745386785
0.042379484466997866
0.042600679921919855
0.04282378983284154
0.0430488301673855
0.04327581684514609
0.043504765724415875
0.043735692595107414
0.043968613165389095
0.044203543057209194
0.04444049779055628
0.04467949277585863
0.044920543302755835
0.04516366452722633
0.04540887146214978
0.04565617896331141
0.04590560171880451
0.046157154235069345
0.046410850825551776
0.046666705596395366
0.046924732433196774
0.0471849449876536
0.04744735666322957
0.04771198060070753
0.04797882966406207
0.04824791642492747
0.04851925314810959
0.04879285177570782
0.04906872391208883
0.04934688080746414
0.04962733334226632
0.04991009201053959
0.05019516690407872
0.05048256769527797
0.05077230362086125
0.05106438346484675
0.051358815541488294
0.051655607678568485
0.0519547671999625
0.052256300908685285
0.052560215069801144
0.05286651539308755
0.05317520701613724
0.05348629448722209
0.053799781748438504
0.05411567211872235
0.054433968277378335
0.054754672247612324
0.05507778538018071
0.055403308337398434
0.055731241077610585
0.056061582839607764
0.05639433212781986
0.0567294866975313
0.057067043540849016
0.057406998872932345
0.05774934811881732
0.05809408590085409
0.05844120602663095
0.05879070147757563
0.05914256439823874
0.05949678608630691
0.059853356983321795
0.06021226666622069
0.06057350383972747
0.060937056329544735
0.061302911076556416
0.061671054131893915
0.0620414706529976
0.06241414490074596
0.06278906023758289
0.06316619912676374
0.06354554313270834
0.06392707292249938
0.06431076826856513
0.06469660805257119
0.06508457027055592
0.06547463203925037
0.06586676960377445
0.06626095834654497
0.06665717279752341
0.06705538664578707
0.06745557275243681
0.0678577031648006
0.06826174913203564
0.06866768112205798
0.06907546883978334
0.06948508124675658
0.06989648658205505
0.07030965238455515
0.0707245455164643
0.07114113218814333
0.07155937798418874
0.07197924789072507
0.07240070632391567
0.07282371715960237
0.07324824376410156
0.07367424902603877
0.07410169538923321
0.07453054488655396
0.0749607591746939
0.07539229956981261
0.07582512708396187
0.07625920246225776
0.07669448622071534
0.07713093868465168
0.07756852002762428
0.07800719031078487
0.07844690952258726
0.07888763761875998
0.07932933456245199
0.07977196036446883
0.08021547512349811
0.08065983906624072
0.08110501258735282
0.08155095628909259
0.08199763102058909
0.08244499791663448
0.0828930184358944
0.08334165439845308
0.08379086802259324
0.08424062196071906
0.08469087933432505
0.08514160376793316
0.08559275942189948
0.08604431102400756
0.08649622389977905
0.08694846400140377
0.0874009979352335
0.08785379298775926
0.0883068171500101
0.08876003914031083
0.08921342842534792
0.08966695523948441
0.09012059060229057
0.09057430633424102
0.09102807507055087
0.09148187027312318
0.09193566624058695
0.09238943811640918
0.09284316189507523
0.09329681442633776
0.09375037341753183
0.09420381743397643
0.09465712589747499
0.09511027908293701
0.09556325811315576
0.09601604495177311
0.09646862239447704
0.09692097405847552
0.0973730843703021
0.09782493855200722
0.09827652260580402
0.09872782329722503
0.09917882813687394
0.09962952536083582
0.10007990390982686
0.10052995340717431
0.10097966413569301
0.1014290270135641
0.10187803356928732
0.10232667591581165
0.10277494672392312
0.10322283919499066
0.10367034703315677
0.10411746441706794
0.10456418597123757
0.1050105067371294
0.10545642214405548
0.10590192797997566
0.10634702036228463
0.10679169570867568
0.10723595070815957
0.10767978229232188
0.10812318760689443
0.10856616398371756
0.10900870891316125
0.10945082001707787
0.1098924950223428
0.1103337317350547
0.1107745280154394
0.11121488175352097
0.11165479084560238
0.1120942531716007
0.11253326657328015
0.11297182883341689
0.11340993765592694
0.11384759064698853
0.11428478529717805
0.11472151896464144
0.11515778885931993
0.11559359202823329
0.11602892534183867
0.11646378548146039
0.11689816892779571
0.11733207195049403
0.1177654905987978
0.11819842069324162
0.11863085781839217
0.11906279731661465
0.11949423428284668
0.11992516356035683
0.12035557973746751
0.12078547714520925
0.12121484985588507
0.12164369168250823
0.122071996179084
0.12249975664169951
0.12292696611038731
0.12335361737172305
0.12377970296212017
0.12420521517178099
0.12463014604926398
0.12505448740662575
0.12547823082509402
0.1259013676612307
0.12632388905353986
0.12674578592947872
0.1271670490128276
0.1275876688313736
0.12800763572486631
0.12842693985320192
0.1288455712047914
0.1292635196050708
0.12968077472511294
0.13009732609029656
0.1305131630889947
0.1309282749812395
0.1313426509073297
0.13175627989633615
0.13216915087447473
0.13258125267330778
0.13299257403774017
0.13340310363377875
0.13381283005602157
0.13422174183484842
0.13462982744328303
0.1350370753035022
0.13544347379296293
0.1358490112501302
0.13625367597977525
0.13665745625783332
0.13706034033579736
0.13746231644463172
0.13786337279819558
0.13826349759615886
0.1386626790264035
0.13906090526690162
0.13945816448706222
0.13985444484854406
0.14024973450553205
0.1406440216044752
0.14103729428329112
0.1414295406700349
0.14182074888104607
0.1422109070185717
0.14260000316788457
0.14298802539389863
0.14337496173730097
0.14376080021021276
0.144145528791396
0.144529135421022
0.14491160799502684
0.14529293435906793
0.14567310230210925
0.14605209954965898
0.14642991375668016
0.14680653250020903
0.14718194327169962
0.1475561334691309
0.14792909038890018
0.14830080121753814
0.1486712530232718
0.14904043274747145
0.14940832719601063
0.14977492303057452
0.15014020675994644
0.1505041647313091
0.15086678312159305
0.15122804792890226
0.15158794496405484
0.15194645984227034
0.15230357797503327
0.15265928456216982
0.1530135645841662
0.15336640279476096
0.15371778371383985
0.15406769162066736
0.15441611054747864
0.1547630242734605
0.155108416319152
0.15545226994128428
0.15579456812808923
0.1561352935950964
0.15647442878144158
0.15681195584670862
0.15714785666831807
0.15748211283948893
0.15781470566778022
0.15814561617423298
0.1584748250931231
0.158802312872336
0.15912805967437318
0.15945204537799912
0.15977424958053366
0.16009465160079386
0.16041323048269138
0.16072996499948333
0.16104483365867675
0.16135781470758748
0.1616688861395457
0.16197802570074726
0.16228521089774017
0.162590419005541
0.1628936270763698
0.1631948119489945
0.16349395025866967
0.16379101844765714
0.16408599277631428
0.16437884933473385
0.16466956405491306
0.16495811272344232
0.16524447099468542
0.16552861440443506
0.16581051838402128
0.16609015827485116
0.16636750934335298
0.16664254679630838
0.16691524579653771
0.16718558147892396
0.1674535289667407
0.16771906338826464
0.16798215989364143
0.16824279367198045
0.16850093996865115
0.16875657410275172
0.16900967148472623
0.16926020763409835
0.16950815819729784
0.16975349896555028
0.16999620589280298
0.17023625511365986
0.17047362296129964
0.17070828598534787
0.17094022096967856
0.17116940495012015
0.17139581523203723
0.17161942940776495
0.17184022537387209
0.17205818134822756
0.17227327588684677
0.17248548790049575
0.17269479667103096
0.17290118186745332
0.17310462356165413
0.17330510224383638
0.1735025988375886
0.1736970947145951
0.17388857170896477
0.17407701213116047
0.17426239878151573
0.17444471496332098
0.17462394449546664
0.17480007172463063
0.17497308153699595
0.17514295936948887
0.1753096912205269
0.17547326366026464
0.17563366384033444
0.17579087950306616
0.17594489899018836
0.17609571125099555
0.17624330584998438
0.1763876729739502
0.17652880343854188
0.17666668869427257
0.17680132083198483
0.17693269258776886
0.17706079734733446
0.17718562914983724
0.17730718269116139
0.17742545332665996
0.1775404370733574
0.17765213061161683
0.1777605312862778
0.17786563710726871
0.17796744674970016
0.17806595955344628
0.17816117552221913
0.1782530953221471
0.1783417202798623
0.1784270523801067
0.1785090942628678
0.17858784922005064
0.17866332119169878
0.17873551476177316
0.17880443515350053
0.17887008822430187
0.17893248046031449
0.17899161897051605
0.17904751148046674
0.17910016632567824
0.17914959244462605
0.17919579937141397
0.17923879722810668
0.17927859671674212
0.17931520911103785
0.17934864624780467
0.17937892051807852
0.17940604485798978
0.17943003273937652
0.17945089816016044
0.1794686556344978
0.17948332018271704
0.17949490732105863
0.17950343305122965
0.17950891384978673
0.17951136665735912
0.17951080886772877
0.17950725831677378
0.17950073327129656
0.17949125241773983
0.179478834850812
0.17946350006202655
0.17944526792817284
0.17942415869972622
0.1794001929892122
0.17937339175953343
0.1793437763122728
0.17931136827598027
0.17927618959445846
0.1792382625150521
0.1791976095769566
0.17915425359955048
0.17910821767076474
0.17905952513549633
0.17900819958407455
0.1789542648407908
0.17889774495249722
0.178838664177283
0.17877704697323793
0.17871291798730685
0.1786463020442455
0.1785772241356818
0.1785057094092895
0.17843178315808267
0.17835547080983238
0.17827679791661533
0.17819579014449585
0.1781124732633492
0.17802687313682983
0.17793901571248585
0.17784892701203034
0.17775663312176446
0.17766216018316533
0.17756553438363268
0.17746678194740467
0.17736592912664095
0.17726300219267596
0.17715802742744763
0.17705103111509932
0.1769420395337582
0.17683107894749447
0.1767181755984558
0.17660335569918634
0.17648664542512377
0.17636807090728035
0.17624765822510355
0.17612543339952216
0.176001422386172
0.17587565106880548
0.17574814525288257
0.1756189306593424
0.17548803291855766
0.17535547756446584
0.1752212900288833
0.17508549563599263
0.17494811959701256
0.1748091870050373
0.17466872283005408
0.17452675191413072
0.1743832989667763
0.17423838856046825
0.17409204512634802
0.17394429295008196
0.17379515616788477
0.17364465876270455
