0.02088197628903876
0.020949398027919692
0.021017247350689248
0.021085528128157262
0.021154244256168103
0.02122339970967147
0.021292998472953427
0.02136304457367577
0.021433542115314088
0.021504495201015984
0.0215759080142242
0.021647784777222047
0.02172012973209906
0.021792947190490845
0.021866241521470407
0.021940017091617414
0.022014278385141604
0.022089029874818564
0.02216427611457463
0.02224002167841547
0.02231627122537104
0.02239302943510116
0.022470301058450336
0.022548090871984658
0.022626403730839694
0.022705244520276904
0.022784618191284467
0.02286452973422282
0.02294498420835259
0.02302598670834561
0.023107542395418294
0.023189656483021976
0.023272334237238568
0.023355580977122304
0.02343940208394968
0.023523802980193978
0.023608789167504626
0.023694366183691445
0.023780539632914894
0.023867315176716298
0.023954698538063368
0.024042695484313235
0.024131311857118858
0.02422055355030637
0.024310426519635733
0.024400936778526745
0.024492090398821196
0.024583893518556766
0.024676352331952898
0.024769473096223092
0.024863262131644037
0.024957725817197733
0.025052870594834634
0.025148702968858617
0.025245229508170118
0.025342456840890513
0.02544039166220359
0.025539040725160243
0.02563841085139691
0.02573850892360604
0.02583934188862835
0.02594091675451633
0.026043240599767616
0.026146320557040706
0.026250163833223213
0.026354777690734656
0.026460169460899925
0.02656634653619641
0.026673316374948706
0.026781086497865352
0.026889664489152747
0.026999057998203308
0.027109274735733276
0.027220322475008017
0.027332209053807763
0.0274449423701286
0.027558530386857755
0.02767298112668712
0.027788302672841998
0.027904503170538535
0.02802159082626669
0.028139573903741666
0.028258460726714275
0.028378259679356536
0.02849897920014266
0.028620627787693854
0.028743213994487805
0.02886674643019491
0.028991233758244774
0.029116684695086055
0.029243108010488055
0.029370512525263476
0.029498907110331426
0.02962830068653165
0.029758702221525785
0.029890120730453395
0.030022565273007437
0.03015604495296997
0.030290568916454534
0.030426146349809897
0.030562786478472725
0.030700498565661236
0.03083929190944819
0.03097917584231145
0.031120159727937927
0.031262252959685356
0.03140546495930205
0.03154980517290531
0.0316952830713765
0.031841908145183825
0.03198968990435219
0.032138637874924984
0.032288761596682224
0.03244007062006964
0.03259257450448366
0.0327462828147038
0.0329012051186019
0.033057350983793324
0.033214729974690736
0.033373351650164404
0.0335332255595941
0.033694361239886325
0.033856768212819625
0.03402045598065746
0.03418543402374597
0.03435171179650391
0.03451929872401285
0.03468820419848651
0.034858437575689065
0.035030008171131215
0.03520292525632056
0.03537719805509343
0.035552835739400414
0.035729847426165744
0.03590824217240314
0.036088028972129364
0.03626921675167352
0.036451814366051834
0.03663583059487086
0.03682127413802091
0.037008153611856054
0.037196477545173155
0.03738625437471597
0.037577492441347664
0.03777019998604514
0.03796438514562851
0.03816005594888019
0.03835722031228184
0.03855588603628876
0.038756060801151335
0.03895775216322608
0.03916096755087498
0.03936571426083948
0.039571999454425
0.039779830153841116
0.039989213238728304
0.040200155442432974
0.040412663348900736
0.04062674338922355
0.040842401838401286
0.0410596448123117
0.04127847826491646
0.041498907985253665
0.04172093959481243
0.0419445785450568
0.042169830114987775
0.04239669940894383
0.04262519135453448
0.04285531070069318
0.043087062016088716
0.043320449687426175
0.04355547791820844
0.043792150727484984
0.044030471948963645
0.04427044523013992
0.044512074031744016
0.04475536162746478
0.04500031110355428
0.04524692535909484
0.04549520710601649
0.045745158869696365
0.04599678298951622
0.04625008161975775
0.046505056730568074
0.04676171010931393
0.04702004336190586
0.047280057914574986
0.04754175501553235
0.047805135737106194
0.0480702009778312
0.0483369514648529
0.04860538775638648
0.04887551024442039
0.049147319157498065
0.04942081456363513
0.04969599637341258
0.04997286434315108
0.050251418078122174
0.050531657036031824
0.050813580530284445
0.05109718773364818
0.05138247768171827
0.05166944927649898
0.05195810128999605
0.05224843236789313
0.05254044103305467
0.05283412568914086
0.0531294846241247
0.0534265160137869
0.05372521792508724
0.05402558831944949
0.05432762505603137
0.05463132589474711
0.05493668849925908
0.0552437104397546
0.05555238919561016
0.05586272215781264
0.056174706631272435
0.05648833983685304
0.05680361891322335
0.05712054091849466
0.057439102831580796
0.057759301553316274
0.05808113390734349
0.058404596640702855
0.0587296864241599
0.05905639985221591
0.059384733442893106
0.0597146836371615
0.060046246798082216
0.06037941920970754
0.06071419707553875
0.06105057651685508
0.061388553570583995
0.06172812418694016
0.062069284226753466
0.062412029458462616
0.06275635555485463
0.06310225808946261
0.06344973253270211
0.06379877424770386
0.06414937848587787
0.06450154038221541
0.06485525495026954
0.06521051707696325
0.06556732151706639
0.06592566288748436
0.06628553566129307
0.06664693416155372
0.0670098525549105
0.06737428484500275
0.06774022486564892
0.06810766627389526
0.06847660254283935
0.06884702695431755
0.06921893259145388
0.06959231233102339
0.0699671588357103
0.07034346454623927
0.07072122167335826
0.07110042218976151
0.07148105782187322
0.07186312004155762
0.0722466000577294
0.07263148880790075
0.07301777694964638
0.07340545485200815
0.07379451258683782
0.0741849399200828
0.07457672630303058
0.07496986086348334
0.07536433239693517
0.07576012935767822
0.07615723984986955
0.07655565161860317
0.07695535204092195
0.07735632811681935
0.07775856646022601
0.07816205328994293
0.07856677442062018
0.07897271525365873
0.07937986076813346
0.07978819551170376
0.08019770359152568
0.08060836866512866
0.08102017393134049
0.0814331021211809
0.08184713548877702
0.08226225580230043
0.08267844433489517
0.08309568185566935
0.08351394862068039
0.08393322436397707
0.0843534882886865
0.08477471905814318
0.0851968947870798
0.08561999303291064
0.08604399078706595
0.08646886446644024
0.0868945899049402
0.08732114234515122
0.08774849643012674
0.08817662619534687
0.08860550506080528
0.08903510582331685
0.08946540064897243
0.08989636106585573
0.09032795795694988
0.09076016155332606
0.09119294142758545
0.09162626648760001
0.09206010497057172
0.09249442443741691
0.09292919176751757
0.09336437315385086
0.09379993409851889
0.09423583940871191
0.09467205319312598
0.0951085388588454
0.09554525910873736
0.09598217593936845
0.0964192506394576
0.09685644378892076
0.09729371525850398
0.09773102421003015
0.09816832909730189
0.09860558766765792
0.09904275696423079
0.09947979332890544
0.09991665240601294
0.10035328914677444
0.10078965781451521
0.10122571199067688
0.10166140458160901
0.10209668782622201
0.10253151330444592
0.10296583194655023
0.10339959404333557
0.10383274925718601
0.1042652466340111
0.10469703461608654
0.10512806105578558
0.10555827323021182
0.10598761785674607
0.10641604110949629
0.10684348863665792
0.10726990557877471
0.10769523658791202
0.10811942584770956
0.10854241709434284
0.10896415363834236
0.10938457838729902
0.10980363386941142
0.11022126225788079
0.11063740539611809
0.1110520048237691
0.11146500180350714
0.11187633734859838
0.11228595225119271
0.11269378711133524
0.11309978236665029
0.11350387832268503
0.11390601518386709
0.11430613308506267
0.11470417212367667
0.11510007239227932
0.11549377401171286
0.11588521716464115
0.1162743421295017
0.11666108931482412
0.1170453992938695
0.11742721283954222
0.11780647095953954
0.11818311493169105
0.11855708633944814
0.11892832710745237
0.1192967795371812
0.11966238634257169
0.12002509068562135
0.12038483621189233
0.1207415670858627
0.12109522802611829
0.12144576434028428
0.12179312195968806
0.12213724747369338
0.12247808816365346
0.12281559203644064
0.12314970785751403
0.12348038518346521
0.12380757439401642
0.12413122672340121
0.12445129429111979
0.1247677301319956
0.12508048822551013
0.1253895235243716
0.1256947919822842
0.12599625058087655
0.12629385735575355
0.12658757142164734
0.1268773529966249
0.1271631634253251
0.1274449652012068
0.1277227219877681
0.12799639863871623
0.12826596121707132
0.12853137701317321
0.1287926145615871
0.12904964365687135
0.12930243536820954
0.12955096205288955
0.1297951973686075
0.13003511628461176
0.13027069509165035
0.1305019114107441
0.13072874420076486
0.13095117376482807
0.1311691817554937
0.13138275117878453
0.13159186639702475
0.13179651313050533
0.13199667845798482
0.1321923508160389
0.1323835199972684
0.13257017714737898
0.13275231476115193
0.13292992667732362
0.13310300807238637
0.13327155545333805
0.13343556664939552
0.13359504080270815
0.13374997835807564
0.13390038105171334
0.13404625189908229
0.13418759518181916
0.1343244164337808
0.1344567224262519
0.13458452115233177
0.13470782181053761
0.13482663478764972
0.13494097164084487
0.1350508450791301
0.13515626894413177
0.13525725819025555
0.13535382886426187
0.13544599808428698
0.1355337840183437
0.13561720586233705
0.1356962838176259
0.13577103906817312
0.13584149375730445
0.13590767096412049
0.13596959467959396
0.13602728978237924
0.13608078201437315
0.13613009795605804
0.13617526500165208
0.13621631133411
0.13625326589999448
0.13628615838425093
0.13631501918492078
0.1363398793878119
0.1363607707411601
0.13637772563031064
0.13639077705244101
0.13639995859135215
0.13640530439235463
0.13640684913727327
0.1364046280195893
0.13639867671974706
0.13638903138064623
0.1363757285833333
0.13635880532292213
0.13633829898475258
0.13631424732081032
0.13628668842642355
0.13625566071724904
0.13622120290657025
0.1361833539829114
0.13614215318798817
0.13609763999500576
0.1360498540873104
0.1359988353374149
0.13594462378639857
0.1358872596236941
0.1358267831672723
0.13576323484422387
0.13569665517175522
0.13562708473859672
0.1355545641868287
0.13547913419413407
0.1354008354564776
0.13531970867121582
0.13523579452063628
0.13514913365593983
0.13505976668164787
0.13496773414045482
0.1348730764985103
0.13477583413114194
0.134676047309007
0.13457375618468345
0.13446900077968693
0.13436182097191918
0.13425225648353786
0.13414034686925683
0.1340261315050562
0.13390964957731033
0.13379094007233117
0.13367004176630956
0.13354699321566044
0.1334218327477675
0.13329459845211192
0.13316532817178872
0.1330340594954026
0.1329008297493351
0.13276567599037703
0.13262863499872332
0.13248974327132002
0.13234903701555728
0.1322065521433026
0.1320623242652689
0.1319163886857057
0.13176878039741097
0.1316195340770539
0.13146868408080536
0.1313162644402592
0.13116230885865274
0.1310068507073627
0.1308499230226809
0.13069155850285813
0.1305317895054093
0.1303706480446712
0.1302081657896111
0.13004437406187233
0.1298793038340538
0.1297129857282162
0.1295454500146059
0.12937672661059432
0.12920684507981892
0.12903583463152507
0.12886372412010072
0.12869054204479563
0.12851631654962026
0.1283410754234183
0.12816484610010515
0.12798765565906656
0.12780953082571386
0.1276304979721858
0.1274505831181947
0.12726981193200834
0.1270882097315656
0.1269058014857161
0.12672261181558112
0.12653866499603242
0.12635398495727754
0.12616859528655336
0.12598251922991954
0.12579577969414837
0.12560839924870354
0.12542040012780745
0.1252318042325916
0.12504263313332148
0.12485290807169905
0.12466264996323125
0.12447187939966758
0.1242806166514966
0.12408888167050128
0.12389669409237083
0.12370407323936045
0.12351103812299927
0.12331760744684513
0.12312379960927622
0.1229296327063236
0.12273512453453714
0.1225402925938843
0.12234515409067706
0.1221497259405257
0.1219540247713176
0.12175806692621413
0.12156186846667014
0.12136544517546752
0.12116881255976372
0.1209719858541517
0.12077498002373084
0.12057780976718523
0.12038048951986781
0.12018303345688772
0.1199854554962025
0.11978776930170845
0.11958998828633044
0.11939212561511087
0.11919419420829021
0.11899620674438867
0.11879817566327378
0.11860011316922468
0.11840203123398371
0.11820394159980024
0.11800585578246067
0.11780778507430525
0.11760974054723164
0.1174117330556837
0.11721377323962383
