0.046877260750257485
0.04702283797184481
0.04716930150458088
0.04731665897366079
0.04746491807804454
0.047614086593719046
0.04776417237314369
0.04791518334581907
0.04806712751885784
0.048220012977823995
0.04837384788730054
0.04852864049091591
0.04868439911251538
0.048841132156646296
0.04899884810834408
0.04915755553464404
0.04931726308421562
0.04947797948859704
0.04963971356170349
0.04980247420154477
0.04996627038932535
0.05013111119088376
0.05029700575627868
0.050463963320879206
0.05063199320517714
0.050801104815357545
0.05097130764346835
0.0511426112678187
0.051315025353010586
0.05148855965041533
0.05166322399802894
0.05183902832100984
0.052015982631275486
0.05219409702808292
0.052373381697760873
0.05255384691364372
0.052735503036280204
0.052918360513055526
0.053102429878334016
0.05328772175289053
0.05347424684394994
0.05366201594480911
0.053851039934364596
0.05404132977683948
0.05423289652115432
0.05442575130048044
0.05461990533155839
0.054815369913917326
0.0550121564294179
0.05521027634087142
0.055409741191647335
0.055610562604302693
0.05581275227956405
0.056016321995200166
0.05622128360462394
0.056427649035524045
0.05663543028834639
0.056844639434720304
0.057055288615634386
0.057267390039728555
0.057480955981163574
0.057695998777620834
0.05791253082801677
0.0581305645901918
0.058350112578329096
0.05857118736028534
0.05879380155483427
0.05901796782864893
0.05924369889316404
0.059471007501209754
0.05969990644363236
0.05993040854548647
0.060162526662255855
0.06039627367578824
0.06063166248996276
0.06086870602626805
0.06110741721912857
0.06134780901091481
0.06158989434686612
0.06183368616967955
0.062079197413897114
0.06232644100000115
0.0625754298283176
0.06282617677256558
0.06307869467322444
0.06333299633053123
0.06358909449728714
0.063847001871247
0.06410673108733994
0.06436829470944222
0.06463170522196988
0.06489697502101242
0.06516411640522443
0.06543314156636539
0.06570406257941477
0.06597689139244896
0.06625163981606796
0.06652831951248642
0.06680694198425337
0.06708751856257314
0.06737006039526744
0.06765457843431105
0.06794108342300433
0.06822958588271437
0.06852009609924127
0.06881262410872911
0.06910717968322667
0.06940377231578142
0.06970241120512786
0.07000310523997991
0.0703058629828871
0.07061069265366328
0.07091760211242869
0.07122659884220289
0.07153768993111886
0.07185088205420861
0.07216618145479965
0.07248359392551214
0.0728031247888681
0.07312477887753772
0.07344856051420175
0.07377447349106683
0.07410252104905432
0.07443270585664818
0.07476502998844262
0.075099494903406
0.07543610142287183
0.0757748497082935
0.07611573923877499
0.07645876878840828
0.07680393640346173
0.07715123937941215
0.0775006742379084
0.0778522367036521
0.07820592168125934
0.07856172323214526
0.07891963455146352
0.0792796479451548
0.07964175480714206
0.08000594559673636
0.08037220981629536
0.08074053598920147
0.08111091163819278
0.08148332326414631
0.08185775632534045
0.08223419521727815
0.08261262325313164
0.08299302264489859
0.08337537448530216
0.08375965873054682
0.08414585418398313
0.0845339384807685
0.0849238880735978
0.08531567821958286
0.08570928296836938
0.08610467515156303
0.0865018263735556
0.08690070700383197
0.08730128617083503
0.08770353175748485
0.08810741039841974
0.08851288747905277
0.08891992713651578
0.08932849226257744
0.08973854450860363
0.09015004429264745
0.09056295080872336
0.0909772220383566
0.09139281476444679
0.09180968458753518
0.09222778594451013
0.09264707212981187
0.09306749531918541
0.09348900659601415
0.09391155598028203
0.094335092460172
0.09475956402634528
0.09518491770889272
0.09561109961697811
0.0960380549811644
0.09646572819841136
0.09689406287972527
0.09732300190042692
0.0977524874530052
0.0981824611025017
0.09861286384436517
0.09904363616471218
0.0994747181029109
0.09990604931639724
0.1003375691476253
0.10076921669303947
0.10120093087395138
0.1016326505091836
0.10206431438934985
0.10249586135261257
0.10292723036176561
0.10335836058246774
0.10378919146246077
0.10421966281157655
0.10464971488234978
0.10507928845103696
0.1055083248988376
0.10593676629310501
0.10636455546834217
0.10679163610675434
0.10721795281814574
0.10764345121893776
0.10806807801007957
0.10849178105363624
0.1089145094478242
0.10933621360027858
0.10975684529932986
0.11017635778307902
0.1105947058060592
0.11101184570327913
0.11142773545145361
0.11184233472722614
0.11225560496220585
0.11266750939464353
0.11307801311758521
0.11348708312335067
0.11389468834419635
0.11430079968903549
0.11470539007609752
0.11510843446142968
0.1155099098631453
0.11590979538135109
0.1163080722136901
0.11670472366645929
0.11709973516126713
0.11749309423722241
0.11788479054865032
0.11827481585835606
0.11866316402646286
0.1190498309948743
0.1194348147674182
0.11981811538575003
0.12019973490110133
0.12057967734197894
0.12095794867792642
0.12133455677947899
0.12170951137444762
0.12208282400068529
0.12245450795549327
0.12282457824184079
0.1231930515115711
0.12355994600578894
0.12392528149261318
0.124289079202503
0.12465136176135506
0.12501215312158792
0.12537147849142005
0.12572936426256076
0.12608583793652953
0.1264409280498195
0.12679466409812687
0.1271470764598572
0.1274981963191275
0.127848055588474
0.12819668683147445
0.12854412318549047
0.12889039828472804
0.12923554618381158
0.12957960128206056
0.12992259824864744
0.13026457194881516
0.13060555737131857
0.130945589557249
0.13128470353039348
0.13162293422926932
0.1319603164409677
0.13229688473692905
0.1326326734107649
0.13296771641823144
0.13330204731944753
0.13363569922344504
0.13396870473512798
0.13430109590470143
0.13463290417963314
0.13496416035919215
0.1352948945516004
0.1356251361338308
0.13595491371406726
0.1362842550968427
0.13661318725085247
0.13694173627944464
0.13726992739376867
0.1375977848885677
0.13792533212058206
0.1382525914895357
0.138579584421661
0.13890633135571834
0.13923285173145777
0.13955916398046758
0.13988528551934612
0.14021123274513142
0.14053702103292093
0.14086266473560438
0.1411881771856357
0.14151357069876164
0.14183885657962786
0.14216404512917533
0.14248914565374218
0.14281416647578288
0.14313911494611578
0.14346399745760866
0.14378881946021285
0.14411358547725406
0.14443829912288944
0.14476296312064107
0.14508757932291408
0.14541214873141153
0.14573667151835606
0.14606114704843254
0.14638557390136273
0.14670994989502933
0.14703427210906667
0.147358536908833
0.14768273996968873
0.1480068763015014
0.1483309402733005
0.14865492563801017
0.14897882555718983
0.14930263262571164
0.14962633889630944
0.14994993590393713
0.15027341468987193
0.1505967658255081
0.15091997943578242
0.15124304522217882
0.15156595248526328
0.15188869014669842
0.15221124677069822
0.1525336105848729
0.1528557695004338
0.153177711131716
0.1534994228149847
0.15382089162649998
0.15414210439980666
0.15446304774222694
0.1547837080505323
0.15510407152577751
0.1554241241872762
0.15574385188570708
0.15606324031533922
0.1563822750253667
0.1567009414303467
0.1570192248197401
0.15733711036655054
0.1576545831350669
0.1579716280877101
0.15828823009099574
0.1586043739206175
0.1589200442656652
0.15923522573198945
0.15954990284473294
0.15986406005004083
0.16017768171597602
0.1604907521326572
0.16080325551164862
0.16111517598462125
0.1614264976013215
0.1617372043268683
0.16204728003841687
0.16235670852121775
0.16266547346410518
0.16297355845445385
0.16328094697263476
0.163587622386013
0.1638935679425232
0.16419876676386255
0.1645032018383426
0.16480685601343792
0.16510971198807703
0.16541175230471594
0.1657129593412308
0.1660133153026838
0.16631280221299144
0.1666114019065474
0.166909096019837
0.16720586598308554
0.16750169301198523
0.16779655809953642
0.1680904420080474
0.16838332526133212
0.16867518813714238
0.16896601065987338
0.16925577259358107
0.16954445343534483
0.16983203240901143
0.17011848845935187
0.17040380024666588
0.17068794614186195
0.1709709042220427
0.17125265226662229
0.17153316775400504
0.1718124278588437
0.1720904094499042
0.17236708908855625
0.17264244302790788
0.17291644721260002
0.17318907727928004
0.17346030855776295
0.17373011607289263
0.1739984745471148
0.1742653584037658
0.1745307417710849
0.1747945984869531
0.1750569021043585
0.1753176258975916
0.17557674286916297
0.17583422575744656
0.17609004704503373
0.17634417896780033
0.17659659352466936
0.17684726248806315
0.17709615741502982
0.177343249659032
0.17758851038237994
0.17783191056929293
0.17807342103957052
0.17831301246285347
0.17855065537345227
0.178786320185722
0.17901997720995874
0.1792515966687953
0.17948114871406665
0.17970860344412148
0.1799339309215512
0.1801571011913103
0.18037808429919425
0.18059685031065117
0.18081336932989323
0.18102761151927943
0.18123954711893664
0.18144914646658994
0.18165638001757065
0.18186121836496835
0.18206363225989547
0.18226359263183725
0.18246107060904798
0.18265603753896825
0.18284846500862795
0.18303832486500704
0.1832255892353193
0.1834102305471934
0.18359222154871702
0.1837715353283169
0.18394814533444678
0.1841220253950505
0.1842931497367786
0.1844614930039261
0.1846270302770694
0.18478973709137292
0.18494958945454562
0.18510656386441723
0.18526063732611756
0.18541178736883498
0.1855599920621289
0.1857052300317829
0.18584748047517594
0.18598672317615125
0.18612293851937223
0.18625610750414415
0.18638621175768755
0.18651323354785274
0.18663715579525822
0.18675796208484616
0.18687563667683876
0.18699016451709247
0.18710153124683584
0.1872097232117886
0.18731472747065142
0.18741653180296547
0.18751512471633375
0.1876104954530039
0.18770263399581028
0.1877915310734726
0.1878771781652527
0.1879595675049697
0.18803869208437604
0.1881145456558966
0.18818712273473645
0.18825641860035724
0.18832242929733548
0.1883851516355991
0.18844458319006085
0.1885007222996449
0.18855356806572435
0.18860312034997365
0.18864937977164817
0.188692347704302
0.18873202627195157
0.18876841834470334
0.18880152753385027
0.18883135818645733
0.18885791537944333
0.1888812049131772
0.18890123330459932
0.18891800777988607
0.18893153626666975
0.18894182738582965
0.1889488904428701
0.18895273541890212
0.18895337296124318
0.18895081437364905
0.18894507160620153
0.18893615724485857
0.18892408450068923
0.1889088671988114
0.1888905197670412
0.18886905722427924
0.188844495168645
0.18881684976537613
0.18878613773451158
0.18875237633837125
0.1887155833688523
0.1886757771345537
0.18863297644774815
0.18858720061121534
0.1885384694049525
0.1884868030727766
0.18843222230883502
0.1883747482440363
0.18831440243241795
0.18825120683746444
0.18818518381838928
0.188116356116393
0.1880447468409139
0.18797037945588022
0.1878932777659789
0.18781346590295236
0.18773096831193345
0.18764580973783257
0.18755801521178653
0.18746761003767845
0.18737461977874212
0.18727907024425805
0.18718098747635095
0.18708039773689808
0.18697732749455884
0.18687180341193083
0.18676385233284148
0.18665350126978425
0.18654077739150443
0.18642570801074196
0.1863083205721388
0.18618864264031465
0.1860667018881181
0.18594252608505996
0.1858161430859286
0.18568758081959794
0.185556867278029
0.1854240305054677
0.18528909858784662
0.1851520996423891
0.185013061807423
0.18487201323240263
0.18472898206814337
0.18458399645727264
0.18443708452489377
0.18428827436946946
0.18413759405392205
0.18398507159695535
0.18383073496459446
0.18367461206194563
0.18351673072517913
0.18335711871372934
0.1831958037027166
0.18303281327558832
0.18286817491697793
0.18270191600578317
0.1825340638084583
0.182364645472525
0.18219368802029545
0.1820212183428055
0.18184726319396388
0.1816718491849032
0.18149500277854289
0.1813167502843534
0.18113711785332373
0.18095613147312717
0.18077381696348646
0.18059019997173023
0.1804053059685442
0.18021916024390872
0.1800317879032241
0.17984321386361915
0.17965346285043743
0.1794625593939037
0.17927052782596145
0.17907739227728414
0.17888317667445086
0.1786879047372881
0.17849159997637173
0.17829428569068836
0.17809598496544865
0.17789672067005313
0.1776965154562052
0.177495391756169
0.17729337178116789
