0.09327313152970534
0.06954435514534821
0.05529934286521515
0.045653186349772584
0.03864065068253192
0.0332971182708903
0.02908571476537883
0.02568087276246711
0.022872432321843786
0.020518100046512056
0.018517828067535547
0.01679908241573025
0.015307922223197643
0.014003363378305336
0.012853688720044734
0.011833958625273644
0.010924287345956601
0.010108622310968637
0.009373862314399385
0.008709209219034196
0.008105683803810632
0.007555759065102426
0.007053078919629627
0.006592239909974422
0.0061686200050163065
0.005778243030482508
0.005417670355093024
0.0050839136391163595
0.0047743640130272075
0.004486734184776832
0.004219010803030894
0.003969415017864426
0.003736369639824752
0.003518471645440731
0.0033144690416619105
0.003123241304902078
0.0029437827675784962
0.002775188447740603
0.002616641913602641
0.0024674048508843416
0.0023268080613811845
0.0021942436694819753
0.0020691583523024283
0.0019510474404912242
0.0018394497623060585
0.0017339431243932526
0.0016341403397785725
0.001539685727638504
0.0014502520210649614
0.0013655376286551626
0.0012852642038303982
0.001209174482488284
0.0011370303552538843
0.0010686111453115654
0.0010037120668680774
0.0009421428426283872
0.0008837264616106174
0.0008282980610562589
0.0007757039182977252
0.0007258005402753778
0.0006784538398985091
0.0006335383898240649
0.0005909367453366321
0.0005505388290654497
0.0005122413710476163
0.00047594739851717326
0.00044156577033859553
0.0004090107516459326
0.0003782016247362661
0.0003490623326735925
0.0003215211524708714
0.0002955103950729905
0.0002709661295857129
0.00024782792956340883
0.00022603863930965038
0.00020554415840625187
0.00018629324283806273
0.00016823732125523716
0.00015133032507474238
0.0001355285311950686
0.00012079041629925436
0.00010707652173611417
0.00009434932812039986
0.00008257313885171144
0.00007171397181863018
0.00006173945864765208
0.00005261875087728498
0.00004432243253663028
0.00003682243859361536
0.000030091978878252375
0.000024105466989642228
0.000018838453885371424
0.000014267565744054486
0.000010370445823368373
7.1257000025300995e-6
4.512845746183671e-6
2.512264243288172e-6
1.1051555067647566e-6
2.734961934956177e-7
0
2.680804152355961e-7
1.061815693084084e-6
2.3659158846087296e-6
4.165691788641154e-6
6.447025708958848e-6
9.196343867837794e-6
0.000012400590407182457
0.000016047202837945
0.000020124088867189485
0.000024619604501835716
0.000029522533364287665
0.000034822067117134224
0.00004050778696260029
0.00004656964611362993
0.00005299795321243633
0.00005978335660771308
0.00006691682945926471
0.0000743896556154157
0.00008219341621148687
0.00009031997695655575
0.00009876147605724782
0.00010751031275224132
0.00011655913641731562
0.00012590083620384854
0.00013552853119491465
0.00014543556102587936
0.00015561547697595787
0.0001660620334710209
0.0001767691799979547
0.00018773105340025385
0.00019894197053976683
0.0002103964212874978
0.00022208906184762595
0.0002340147083861083
0.000246168330950175
0.00025854504766147264
0.0002711401191688584
0.00028394894334805637
0.00029696705024265203
0.0003101900972191738
0.00032361386433533415
0.00033723424991897967
0.0003510472663197221
0.00036504903585496146
0.00037923578692997985
0.0003936038503114794
0.0004081496555665776
0.00042286972764432346
0.00043776068359926805
0.0004528192294587872
0.00046804215719906724
0.00048342634186499846
0.0004989687387924073
0.0005146663809486593
0.0005305163763739086
0.0005465159057208534
0.0005626622199093089
0.0005789526378463441
0.0005953845442541539
0.0006119553875721211
0.0006286626779442922
0.0006455039852813474
0.0006624769373978334
0.0006795792182088057
0.0006968085660158888
0.0007141627718361306
0.000731639677801336
0.0007492371756120525
0.0007669532050606481
0.0007847857525888693
0.0008027328499097437
0.0008207925726781019
0.0008389630392055831
0.0008572424092176661
0.0008756288826679559
0.0008941206985766132
0.0009127161339200652
0.0009314135025574773
0.0009502111541924776
0.0009691074733695227
0.00098810087851103
0.0010071898209740686
0.0010263727841562983
0.0010456482826111443
0.0010650148612159176
0.0010844710943439268
0.0011040155850826298
0.0011236469644642297
0.001143363890731072
0.0011631650486165664
0.0011830491486576923
0.0012030149265187043
0.0012230611423505611
0.0012431865801532903
0.0012633900471728018
0.001283670373316349
0.0013040264105699789
0.001324457032455378
0.0013449611334867446
0.0013655376286551626
