0.09366936774052115
0.06987666313296254
0.056267913232783046
0.0470550545053639
0.04027576571381333
0.03503003285273992
0.030831132993942717
0.027386762533599535
0.02450812763611082
0.022066585850382847
0.01997080954752227
0.018153822046486703
0.01656519340771681
0.015166115025192217
0.013926167892215985
0.012821132009321098
0.011831459895268612
0.010941187273903558
0.010137139497207293
0.009408342835077965
0.008745580682253035
0.008141054194527729
0.007588119434831772
0.007081081414326805
0.006615031014862931
0.006185714627623434
0.005789429031754431
0.005422935944688678
0.005083392048559898
0.004768291297593388
0.004475417049211498
0.004202802111756044
0.003948695216154818
0.0037115327339801336
0.0034899147060705182
0.0032825844328760664
0.0030884110234144155
0.0029063744141422793
0.0027355524594924116
0.0025751097677759807
0.0024242880137356933
0.002282397505393507
0.002148809820349165
0.0020229513572096215
0.0019042976727725834
0.001792368496081869
0.0016867233273686125
0.0015869575438968858
0.001492698946373501
0.0014036046893045884
0.0013193585468281553
0.001239668472400552
0.0011642644164961032
0.0010928963713699655
0.0010253326160894055
0.0009613581385755094
0.0009007732144183864
0.0008433921248169884
0.0007890419982155839
0.0007375617621220316
0.0006888011932430702
0.0006426200554999172
0.0005988873167252235
0.0005574804359180403
0.0005182847138701947
0.00048119270079497595
0.00044610365530340246
0.00041292304969980844
0.00038156211711778184
0.0003519374365008347
0.00032397055185780146
0.00029758762259866206
0.0002727191020882717
0.0002492994418496117
0.00022726681910865574
0.000206562885604306
0.00018713253579286842
0.00016892369275966004
0.00015188711031395856
0.00013597618988948272
0.00012114681100322197
0.00010735717414234571
0.0000945676550538144
0.00008274066950544521
0.0000718405476717725
0.00006183341737421425
0.000052687095473634036
0.00004437098677526562
0.00003685598986180323
0.000030114409321000464
0.000024119873879747608
0.00001884725999802512
0.000014272620513616552
0.000010373117962529058
7.1269622309896836e-6
4.5133522230120845e-6
2.51242125311619e-6
1.1051858971037819e-6
2.7349805504199615e-7
