0.4136337124757396
0.37215979367194807
0.34297534809504776
0.32000722063292936
0.30097639691389055
0.28471626098890934
0.2705317710762982
0.2579689773241582
0.24671232596173026
0.23653228726283132
0.2272560179384983
0.21874974355000085
0.21090759429637812
0.20364421960559878
0.1968897274410962
0.19058611305921072
0.18468467511874448
0.17914410556017604
0.1739290509120024
0.16900901072248664
0.1643574817511454
0.15995128439489875
0.1557700263196375
0.15179567081918757
0.14801218611026248
0.14440525788317393
0.14096205180569096
0.13767101584455269
0.1345217146059564
0.1315046896295978
0.12861134087616724
0.12583382564258475
0.12316497189867698
0.12059820363149111
0.11812747624098996
0.1157472203967219
0.11345229304850271
0.11123793451765589
0.10909973077469226
0.10703358016282605
0.10503566394396663
0.10310242014413767
0.1012305202573708
0.099416848430848
0.09765848281316442
0.09595267879131829
0.09429685388139847
0.09268857406968897
0.09112554142870151
0.08960558285507889
0.08812663979562704
0.08668675884372848
0.08528408310370116
0.08391684422737122
0.08258335504720431
0.08128200272501915
0.0800112423524002
0.07876959094101768
0.07755562174503262
0.0763679588602181
0.075205272049421
0.07406627174489086
0.07294970417159226
0.07185434655139405
0.07077900231796538
0.0697224963047295
0.06868366982996278
0.06766137561317537
0.06665447245237345
0.06566181955879653
0.06468227044828631
0.06371466626662886
0.06275782838138634
0.06181055005933064
0.06087158698091755
0.059939646298637926
0.059013373848776036
0.05809133902362334
0.05717201664628451
0.056253765009879345
0.05533479888243738
0.05441315596532544
0.053486654574123736
0.05255283953455046
0.05160891187538988
0.05065163595926441
0.04967721439706497
0.04868111609886189
0.047657834020018996
0.046600534392406946
0.045500532006768526
0.04434647464537006
0.04312301443084734
0.04180851464677045
0.04037078616167069
0.03875833813937631
0.03687974086935927
0.034543285146688904
0.03119478943546758
