0.04211606225737039
0.04223370616878357
0.042351999829122744
0.04247094492566314
0.04259055048205712
0.04271081680711646
0.04283175408021359
0.042953364652545914
0.04307565528520543
0.04319863053940825
0.04332229505669123
0.04344665700890025
0.04357171853020223
0.04369749014716887
0.04382397466974691
0.04395117554894439
0.04407910338672785
0.04420776130409161
0.044337155069702344
0.04446729273912061
0.044598178082215674
0.0447298207344799
0.04486222265253381
0.04499539279620468
0.04512933634164889
0.04526406044094695
0.04539957220202277
0.04553587649771827
0.045672981411666265
0.04581089267061067
0.045949617594198
0.04608916303435962
0.046229535571202
0.046370742073750616
0.04651279112077987
0.04665568852598171
0.046799441263785574
0.04694405755558249
0.047089544274395344
0.047235909248692615
0.047383159989160255
0.047531303294099075
0.047680347718711116
0.047830301072800466
0.047981171796050444
0.04813296669509379
0.048285694574662724
0.04843936354675557
0.04859398175630874
0.04874955793563958
0.048906099670212526
0.04906361713522697
0.04922211760170487
0.04938161046921401
0.0495421043596038
0.049703608768755424
0.04986613249154719
0.05002968460074402
0.050194274922070826
0.05035991248393739
0.05052660732670475
0.05069436883838294
0.050863206717936184
0.05103313150922958
0.05120415291183967
0.05137628110832591
0.05154952654918877
0.051723900013687756
0.05189941189611441
0.052076073388136274
0.05225389468225462
0.05243288770879771
0.05261306339843518
0.05279443304876336
0.05297700858870505
0.05316080169926464
0.05334582407919157
0.053532088085697316
0.05371960604264446
0.05390839032839388
0.05409845370704817
0.054289809191506284
0.05448246966797631
0.05467644849971427
0.054871759211553586
0.05506841555616932
0.05526643143324459
0.05546582113178081
0.055666599080889875
0.05586877977411672
0.056072378323939596
0.05627740984776723
0.05648388978709294
0.056691833816519474
0.056901257983834504
0.05711217859144094
0.0573246122238465
0.05753857570914714
0.05775408618364956
0.05797116135046761
0.058189818956387473
0.058410077192412375
0.05863195462535052
0.05885547014654265
0.059080643024776856
0.059307492938071096
0.059536039912568735
0.059766304429305146
0.05999830733355097
0.0602320699442124
0.06046761399905542
0.060704961694903144
0.06094413572663036
0.061185159125547305
0.0614280556298286
0.06167284934641241
0.06191956494178033
0.062168227608548544
0.06241886312955264
0.06267149778108574
0.06292615851243252
0.06318287281533569
0.06344166881274232
0.06370257529097816
0.06396562164378018
0.06423083796379299
0.06449825503551991
0.06476790432846843
0.06503981807721859
0.06531402923207666
0.06559057150699416
0.06586947944743402
0.06615078835682207
0.06643453439758341
0.06672075457652732
0.0670094867680244
0.06730076977638856
0.06759464326184322
0.06789114789682407
0.06819032527459441
0.06849221798374254
0.06879686964610024
0.06910432489721526
0.06941462945985405
0.06972783012502824
0.07004397479351362
0.07036311254750169
0.07068529358446683
0.07101056930872471
0.07133899236435515
0.0716706166110542
0.07200549719687899
0.07234369055596795
0.07268525446762576
0.07303024803501117
0.07337873177578107
0.07373076758475366
0.07408641880534182
0.07444575024492997
0.07480882819315465
0.07517572045929051
0.07554649640335029
0.07592122694778894
0.07629998461274445
0.07668284354818883
0.0770698795602887
0.07746117012577529
0.07785679441908613
0.0782568333545299
0.07866136959476791
0.0790704875812412
0.07948427355635887
0.0799028155928757
0.08032620360611108
0.08075452937893751
0.08118788659217288
0.08162637083206029
0.08207007961685794
0.08251911240888976
0.08297357064028313
0.08343355771710885
0.08389917904535185
0.08437054203764591
0.08484775611947631
0.08533093275221242
0.0858201854283763
0.08631562968431068
0.08681738310374051
0.08732556532035293
0.08784029801361568
0.08836170491013008
0.08888991178266448
0.08942504643458324
0.08996723869301973
0.09051662040104311
0.09107332539598323
0.09163748949362932
0.09220925046617086
0.09278874801539758
0.09337612374952926
0.09397152114353399
0.09457508550861708
0.09518696395222884
0.09580730533312581
0.09643626021591485
0.09707398081791031
0.09772062095311901
0.09837633597583303
0.09904128271066759
0.09971561938918716
0.10039950557306002
0.1010931020776811
0.10179657088837678
0.10251007507431631
0.10323377869563859
0.10396784670779913
0.10471244485853647
0.10546773958262896
0.10623389789257669
0.10701108725965848
0.10779947549696718
0.10859923063343332
0.10941052078545924
0.11023351402218308
0.11106837823048278
0.11191528097122644
0.11277438933441436
0.11364586979082411
0.11452988803851068
0.11542660884639941
0.11633619589455883
0.11725881161472922
0.11819461702225756
0.11914377155016984
0.12010643288023679
0.12108275677064881
0.1220728968840751
0.12307700461291671
0.12409522890375464
0.12512771608326512
0.12617460967976715
0.12723605024926
0.1283121751979003
0.129403118607875
0.13050901106305354
0.13162997947556007
0.1327661469152981
0.13391763244055152
0.1350845509310329
0.13626701292362914
0.13746512445118486
0.13867898688472824
0.13990869677894976
0.14115434572153376
0.14241602018737123
0.14369380139581095
0.14498776517446488
0.1462979818260772
0.1476245160023451
0.1489674265811967
0.150326766552016
0.15170258290458732
0.15309491652516946
0.15450380209845135
0.15592926801606805
0.1573713362908834
0.1588300224783813
0.16030533560487728
0.161797278101756
0.16330584574721432
0.16483102761438226
0.1663728060266549
0.16793115651968343
0.16950604781031592
0.17109744177293948
0.17270529342159183
0.1743295509004604
0.17597015547954664
0.17762704155842735
0.17930013667583225
0.18098936152610423
0.18269462998238312
0.1844158491257884
0.18615291928059163
0.18790573405681787
0.18967418039715198
0.1914581386310961
0.19325748253410183
0.19507207939250212
0.19690179007404998
0.19874646910325203
0.20060596474249873
0.20248011907716432
0.20436876810652677
0.20627174183841762
0.2081888643887375
0.21011995408495215
0.21206482357383225
0.21402327993284714
0.21599512478540348
0.2179801544193814
0.21997815990922281
0.22198892724094305
0.2240122374401986
0.22604786670312274
0.22809558652958603
0.2301551638591615
0.23222636120914905
0.2343089368146386
0.23640264477059936
0.23850723517559472
0.24062245427724097
0.24274804461868568
0.2448837451869833
0.2470292915618073
0.24918441606582628
0.251348847915347
0.2535223133718193
0.2557045358939969
0.2578952362901472
0.2600941328708223
0.26230094160143763
0.2645153762551449
0.2667371485652158
0.26896596837755726
0.27120154380242106
0.2734435813659415
0.27569178616087675
0.2779458619967777
0.2802055115491459
0.2824704365078331
0.284740337724376
0.28701491535819257
0.2892938690215758
0.29157689792336344
0.2938637010113414
0.2961539771130377
0.2984474250750917
0.3007437439009295
0.3030426328867969
0.30534379175600995
0.3076469207913853
0.30995172096579704
0.3122578940707274
0.3145651428428919
0.3168731710887114
0.3191816838066924
0.3214903873076615
0.3237989893328043
0.3261071991693023
0.3284147277638341
0.330721287833647
0.33302659397521134
0.3353303627705282
0.33763231289090107
0.33993216519833647
0.34222964284429463
0.34452447136599956
0.34681637878015503
0.3491050956740708
0.3513903552941675
0.35367189363194423
0.35594944950716195
0.3582227646485532
0.36049158377171475
0.36275565465444054
0.36501472820933695
0.36726855855373475
0.3695169030769874
0.37175952250501404
0.3739961809622103
0.37622664603064726
0.3784506888066172
0.3806680839545022
0.3828786097579876
0.3850820481686372
0.3872781848517776
0.3894668092298345
0.3916477145230145
0.39382069778738255
0.3959855599503984
0.3981421058438775
0.40029014423440656
0.4024294878512832
0.40455995341192147
0.4066813616448206
0.40879353731008244
0.41089630921754033
0.4129895102424699
0.41507297733898824
0.41714655155109726
0.41921007802145543
0.4212634059979064
0.42330638883774513
0.42533888400985354
0.4273607530946262
0.4293718617818425
0.43137207986639886
0.43336128124207013
0.43533934389321627
0.43730614988456595
0.4392615853490634
0.4412055404738565
0.4431379094844322
0.44505859062696734
0.4469674861489367
0.4488645022780067
0.45074954919926014
0.45262254103082167
0.4544833957978937
0.4563320354052776
0.45816838560837037
0.4599923759827996
0.46180393989257607
0.4636030144569649
0.46538954051601966
0.46716346259486036
0.46892472886676706
0.4706732911150674
0.4724091046939445
0.47413212848813513
0.4758423248716149
0.4775396596653093
0.4792241020938435
0.48089562474140846
0.4825542035067908
0.48419981755756564
0.48583244928355507
0.48745208424956266
0.48905871114742916
0.49065232174745194
0.49223291084923115
0.4938004762319532
0.4953550186041799
0.4968965415531618
0.4984250514937406
0.49994055761685136
0.5014430718377073
0.5029326087436395
0.5044091855417101
0.5058728220060673
0.5073235404251112
0.5087613655485266
0.5101863245341625
0.5115984468948388
0.5129977644451164
0.5143843112480213
0.515758123561807
0.5171192397867452
0.5184677004120087
0.5198035479626562
0.5211268269467525
0.5224375838026638
0.5237358668465378
0.5250217262200173
0.5262952138381948
0.5275563833378449
0.5288052900259558
0.5300419908285913
0.5312665442400868
0.5324790102726292
0.5336794504062162
0.5348679275390443
0.5360445059383089
0.5372092511914729
0.5383622301579986
0.5395035109215668
0.5406331627428077
0.5417512560125425
0.5428578622055726
0.5439530538350104
0.5450369044071804
0.5461094883770913
0.5471708811045144
0.5482211588106374
0.5492603985353525
0.5502886780951607
0.5513060760416991
0.5523126716209208
0.5533085447329076
0.5542937758923588
0.5552684461897214
0.5562326372529924
0.5571864312102077
0.5581299106525904
0.5590631585983887
0.5599862584573992
0.5608992939961753
0.5618023493039248
0.5626955087591012
0.5635788569966842
0.5644524788761568
0.5653164594501725
0.5661708839339151
0.5670158376751505
0.5678514061249696
0.56867767480922
0.5694947293006154
0.5703026551915414
0.5711015380675349
0.571891463481432
0.5726725169282018
0.5734447838204398
0.574208349464525
0.5749632990374415
0.5757097175642468
0.5764476898961847
0.5771773006894518
0.577898634384589
0.5786117751864995
0.5793168070451031
0.5800138136365873
0.5807028783452829
0.5813840842461271
0.5820575140877259
0.5827232502760034
0.5833813748584228
0.5840319695087803
0.5846751155125594
0.5853108937528345
0.5859393846967265
0.5865606683823811
0.5871748244064877
0.5877819319123065
0.5883820695782069
0.5889753156067099
0.589561747714014
0.5901414431200128
0.590714478538776
0.5912809301695006
0.5918408736879146
0.5923943842381258
0.5929415364249087
0.5934824043064164
0.594017061387312
0.5945455806123094
0.595068034360113
0.5955844944377486
0.5960950320752769
0.5965997179208768
0.5970986220362988
0.5975918138926656
0.5980793623666252
0.5985613357368398
0.5990378016808015
0.5995088272719693
0.5999744789772211
0.600434822654603
0.60088992355138
0.6013398463023659
0.601784654928541
0.6022244128359323
0.6026591828147593
0.6030890270388372
0.6035140070652216
0.6039341838340971
0.6043496176688942
0.6047603682766358
0.6051664947484927
0.6055680555605604
0.6059651085748232
0.6063577110403328
0.6067459195945588
0.6071297902649334
0.6075093784705649
0.6078847390241264
0.6082559261339012
0.6086229934059905
0.6089859938466676
0.6093449798648805
0.6097000032748885
0.6100511152990392
0.6103983665706638
0.6107418071371039
0.6110814864628459
0.6114174534327752
0.6117497563555285
0.612078442966957
0.6124035604336753
0.6127251553567072
0.613043273775226
0.6133579611703573
0.6136692624690825
0.6139772220481982
0.6142818837383582
0.6145832908281695
0.614881486068358
0.6151765116759894
0.6154684093387391
0.615757220219221
0.6160429849593533
0.616325743684776
0.6166055360093013
0.6168824010394028
0.6171563773787404
0.6174275031327096
0.6176958159130247
0.6179613528423207
0.6182241505587803
0.6184842452207764
0.6187416725115361
