0.024105355808747776
0.0241823707641999
0.024259872248301798
0.02433786190740393
0.024416317055576023
0.02449527394697895
0.02457474671105155
0.02465473881331147
0.02473519783355817
0.024816189651700293
0.02489767844551658
0.024979734138115245
0.025062306588829568
0.025145414361072944
0.025229028594361987
0.025313213852244384
0.0253979346363627
0.02548322124351001
0.025569058859320974
0.025655471959391947
0.025742437160858583
0.025829977070801757
0.0259180993495673
0.026006806513104955
0.02609610268314792
0.02618599795837456
0.026276487692939252
0.026367584442722643
0.026459296929132833
0.026551627082292768
0.02664456924693246
0.026738149019837686
0.026832367264639313
0.02692722036299155
0.027022719253749883
0.027118872898778873
0.0272156838770936
0.0273131605415346
0.027411307357395373
0.027510135444147033
0.027609643690399387
0.027709841831975973
0.027810739686332235
0.027912338249827865
0.02801464607030389
0.028117672454516688
0.02822142154616638
0.02832589963289583
0.028431116190094842
0.028537076221101076
0.028643785801411876
0.028751254398602294
0.028859488527349406
0.02896849468172138
0.02907828047267321
0.029188853637502257
0.029300220945117323
0.029412389831876624
0.029525368210221736
0.029639164788979145
0.029753785575196267
0.02986923873176185
0.02998553263633637
0.03010267515704265
0.030220674222436277
0.03033953796839086
0.030459274251532772
0.030579891436913538
0.030701398085483143
0.03082380208911505
0.030947112338396074
0.031071337240369
0.031196485231510675
0.03132256887450589
0.031449589068763974
0.03157755872759435
0.031706486848839005
0.03183638230740216
0.031967254168151014
0.03209911389135489
0.03223196589359911
0.03236582203427292
0.03250069336401171
0.03263658570017815
0.03277351187581459
0.0329114798566732
0.03305049810886902
0.033190580137814354
0.0333317321257644
0.033473965142422075
0.03361729023742537
0.0337617164226992
0.033907254658442
0.034053914388029315
0.034201705980982794
0.03435064109215476
0.03450072890311135
0.03465198058290456
0.03480440678516524
0.034958018624330525
0.035112826466062605
0.035268841647381775
0.03542607546065603
0.03558453863314142
0.035744242951400516
0.035905199377964735
0.03606741979644617
0.03623091566534144
0.03639569895635684
0.036561781505618576
0.03672917508836137
0.0368978920957465
0.037067944825302075
0.03723934564844223
0.037412107061046855
0.03758624204362558
0.037761763264615285
0.03793868398408445
0.03811701733313821
0.03829677683084047
0.03847797617841312
0.03866062917854327
0.03884474984336196
0.03903035268628961
0.03921745214302727
0.03940606306395947
0.03959620058733856
0.03978788015890969
0.03998111740607859
0.04017592846515892
0.040372329686543924
0.04057033784603615
0.040769970128598815
0.040971244133442844
0.04117417781488293
0.0413787897269052
0.04158509882041068
0.04179312463444974
0.042002887241712444
0.042214407302819154
0.042427706109799554
0.0426428056190013
0.04285972851738988
0.04307849817372261
0.04329913880921387
0.04352167545213801
0.04374613399738732
0.043972541284863824
0.044200925134604226
0.044431314404907093
0.04466373903671869
0.04489823012507628
0.04513481998109281
0.04537354218466645
0.045614431653270525
0.045857524714552324
0.04610285917433578
0.04635047438915051
0.04660041132711306
0.046852712669689184
0.04710742286536348
0.04736458822610376
0.04762425700430391
0.047886479464028915
0.04815130799029362
0.04841879714923943
0.048689003792489104
0.04896198714076597
0.049237808865410564
0.049516533191899234
0.04979822696961053
0.05008295977900039
0.05037080400510539
0.050661834934142176
0.050956130836600486
0.051253773048412644
0.05155484605811901
0.051859437583592974
0.05216763864917455
0.052479543658330546
0.052795250463849384
0.05311486043162291
0.05343847850187745
0.0537662132434152
0.054098176898579514
0.054434485431075715
0.05477525855293088
0.05512061975652774
0.05547069633222651
0.05582561937525422
0.05618552378691699
0.05655054826605616
0.0569208352858761
0.05729653106335716
0.05767778551540841
0.058064752203579595
0.05845758826536659
0.05885645433335201
0.05926151444039897
0.05967293591135815
0.06009088924041059
0.06051554795322094
0.06094708845654213
0.06138568987154357
0.061831533851330604
0.06228480438632598
0.06274568759121325
0.06321437148004103
0.06369104572425943
0.06417590139727644
0.06466913070458724
0.0651709266997729
0.06568148298681212
0.06620099340961942
0.0667296517285703
0.0672676512854285
0.06781518465729033
0.06837244329972418
0.06893961718018549
0.06951689440341344
0.07010446082807055
0.07070249967767794
0.0713111911454072
0.07193071199406322
0.07256123515360446
0.07320292931555784
0.07385595852728193
0.07452048178637886
0.0751966526365751
0.07588461876731195
0.07658452161696021
0.07729649598230921
0.07802066963479687
0.07875716294538426
0.0795060885189289
0.08026755083985995
0.08104164592986979
0.0818284610193258
0.08262807423333571
0.0834405542938058
0.08426596023839678
0.08510434115759376
0.08595573595067722
0.0868201731018668
0.08769767047696045
0.08858823514172469
0.08949186320241466
0.09040853966919682
0.09133823834280436
0.0922809217251602
0.09323654095385228
0.09420503576126864
0.09518633445799526
0.09618035394094339
0.09718699972599219
0.09820616600505276
0.09923773572739301
0.10028158070483521
0.10133756174060717
0.10240552878114027
0.1034853210905078
0.10457676744678401
0.1056796863595478
0.10679388630794698
0.10791916599830757
0.10905531464058724
0.11020211224253623
0.11135932992078955
0.11252673022763221
0.11370406749254856
0.11489108817734388
0.11608753124374584
0.11729312853228269
0.11850760515134037
0.11973067987510376
0.12096206554926951
0.12220146950331826
0.12344859396813944
0.12470313649778195
0.12596479039425854
0.12723324513415565
0.12850818679597603
0.12978929848706242
0.1310762607690547
0.1323687520808323
0.1336664491579301
0.13496902744743544
0.13627616151749614
0.13758752546049655
0.1389027932890911
0.1402216393243337
0.14154373857509311
0.14286876710814173
0.14419640240823675
0.14552632372760596
0.1468582124243304
0.14819175228912565
0.14952662986009455
0.15086253472505717
0.15219915981118773
0.15353620166159299
0.15487336069870122
0.15621034147419022
0.157546852905402
0.1588826084980938
0.1602173265555112
0.16155073037377682
0.16288254842361846
0.16421251451851038
0.16554036796935692
0.166865853725826
0.1681887225045339
0.169508730904266
0.17082564150846702
0.17213922297526235
0.17344925011526494
0.17475550395749218
0.17605777180368032
0.17735584727134815
0.17864953032593844
0.17993862730241192
0.1812229509166473
0.18250232026702817
0.1837765608266056
0.18504550442621975
0.1863089892289748
0.18756685969646172
0.18881896654712543
0.19006516670717158
0.19130532325440908
0.1925393053554065
0.19376698819637347
0.19498825290812402
0.19620298648551493
0.19741108170172286
0.19861243701772213
0.19980695648732552
0.20099454965812383
0.20217513146867858
0.2033486221422773
0.20451494707758927
0.20567403673651855
0.20682582652956727
0.2079702566989828
0.20910727219998276
0.2102368225803243
0.21135886185846686
0.21247334840059534
0.21358024479672194
0.21467951773611518
0.21577113788225735
0.2168550797475502
0.2179313215679647
0.21899984517782453
0.22006063588489713
0.2211136823459763
0.22215897644310797
0.22319651316061015
0.22422629046304762
0.22524830917427616
0.22626257285770382
0.22726908769787751
0.22826786238351598
0.22925890799208912
0.2302422378760479
0.23121786755079532
0.23218581458447712
0.23314609848968681
0.23409874061714142
0.23504376405140448
0.2359811935087175
0.23691105523698955
0.23783337691800369
0.23874818757187682
0.2396555174638203
0.24055539801323664
0.24144786170517044
0.24233294200416428
0.24321067327051218
0.24408109067895598
0.24494423013981823
0.24580012822258826
0.24664882208197572
0.24749034938641762
0.24832474824905273
0.24915205716115102
0.24997231492799335
0.2507855606071905
0.25159183344942604
0.2523911728416114
0.25318361825242836
0.2539692091802419
0.25474798510335456
0.25551998543258264
0.25628524946611786
0.25704381634665
0.2577957250207116
0.2585410142002198
0.2592797223261648
0.26001188753442117
0.2607375476236348
0.2614567400251435
0.26216950177489456
0.2628758694873127
0.26357587933107424
0.2642695670067436
0.264956967726222
0.2656381161939702
0.2663130465899481
0.2669817925542307
0.2676443871732476
0.2683008629676036
0.26895125188142116
0.2695955852731703
0.2702338939079242
0.2708662079510005
0.27149255696293656
0.2721129698957499
0.2727274750904384
0.27333610027567146
0.2739388725676245
0.2745358184709131
0.2751269638805782
0.27571233408507834
0.27629195377024607
0.27686584702416056
0.2774340373429013
0.27799654763712894
0.27855340023946845
0.2791046169126341
0.279650218858276
0.2801902267264991
0.28072466062601553
0.2812535401349012
0.28177688431191716
0.2822947117083581
0.28280704038039733
0.2833138879018951
0.28381527137763907
0.2843112074569815
0.2848017123478496
0.28528680183109234
0.2857664912751406
0.28624079565095384
0.28670972954722057
0.28717330718579054
0.2876315424373164
0.28808444883707507
0.28853203960094537
0.2889743276415257
0.2894113255843618
0.2898430457842649
0.29026950034170607
0.29069070111925444
0.2911066597580493
0.29151738769428603
0.2919228961756921
0.29232319627797876
0.2927182989212539
0.2931082148863709
0.29349295483120674
0.2938725293068462
0.2942469487736603
0.2946162236172612
0.2949803641643241
0.29533938069825527
0.2956932834746956
0.29604208273685007
0.29638578873062316
0.29672441171955083
0.2970579619995198
0.2973864499132569
0.2977098858645816
0.2980282803324074
0.2983416438844845
0.29864998719086966
0.2989533210371175
0.2992516563371817
0.2995450041460151
0.2998333756718643
0.3001167822882455
0.3003952355455983
0.3006687471826074
0.30093732913718224
0.3012009935570954
0.30145975281026505
0.30171361949468184
0.30196260644796985
0.3022067267565811
0.3024459937646137
0.30268042108225496
0.30291002259384125
0.3031348124655324
0.3033548051525999
0.3035700154063221
0.30378045828048816
0.303986149137508
0.30418710365412405
0.30438333782673
0.3045748679762897
0.30476171075286057
0.3049438831397211
0.3051214024571018
0.3052942863655235
0.3054625528687397
0.30562622031629627
0.30578530740569415
0.3059398331841745
0.306089817050121
0.306235278754081
0.30637623839941813
0.30651271644259453
0.3066447336930866
0.30677231131294547
0.3068954708160018
0.3070142340667237
0.3071286232787335
0.30723866101299047
0.30734437017564353
0.30744577401556233
0.3075428961215595
0.30763576041930013
0.3077243911679169
0.30780881295633195
0.30788905069929945
0.30796512963316935
0.30803707531139146
0.30810491359975667
0.3081686706713941
0.30822837300152744
0.3082840473620022
0.30833572081558974
0.30838342071008196
0.30842717467218367
0.3084670106012087
0.3085029566625962
0.3085350412812505
0.3085632931347168
0.30858774114620074
0.3086084144774436
0.30862534252145873
0.30863855489514275
0.30864808143176725
0.3086539521733627
0.3086561973630028
0.30865484743699706
0.30864993301700444
0.3086414849020697
0.3086295340606034
0.30861411162229657
0.30859524886999834
0.308572977231548
0.3085473282715797
0.3085183336833068
0.3084860252802856
0.3084504349881807
0.3084115948365226
0.30836953695048036
0.3083242935426457
0.30827589690484036
0.30822437939995195
0.30816977345380725
0.3081121115470839
0.3080514262072733
0.3079877500006956
0.3079211155245765
0.3078515553991852
0.30777910226004734
0.307703788750231
0.3076256475127131
0.3075447111828338
0.30746101238083395
0.30737458370449533
0.3072854577218706
0.30719366696411915
0.3070992439184484
0.3070022210211597
0.3069026306508122
0.30680050512149604
0.30669587667622644
0.3065887774804552
0.3064792396157085
0.3063672950733458
0.3062529757484478
0.306136313433831
0.3060173398141967
0.30589608646040606
0.30577258482389197
0.30564686623120524
0.3055189618786925
0.30538890282731646
0.30525671999760484
0.3051224441647425
0.3049861059537989
0.30484773583509384
0.30470736411970045
0.3045650209550854
0.30442073632088873
0.3042745400248381
0.30412646169880425
0.30397653079498754
