0.04569269542357807
0.04590363010363616
0.046116522111437706
0.04633140076525375
0.046548296028289145
0.04676723852570995
0.04698825956157768
0.04721139113647925
0.04743666596500295
0.04766411749418443
0.047893779921763635
0.0481256882150131
0.04835987812973572
0.04859638622969718
0.04883524990621052
0.04907650739816412
0.04932019781208328
0.04956636114256844
0.04981503829303758
0.05006627109641375
0.05032010233627116
0.05057657576798795
0.050835736140046175
0.051097629215449615
0.051362301793212696
0.05162980172997728
0.051900177961369996
0.05217348052368531
0.05244976057526082
0.052729070417796405
0.0530114635175409
0.053296994526227576
0.053585719301842645
0.05387769492897579
0.0541729797389235
0.054471633329253366
0.054773716582959535
0.05507929168708349
0.05538842215067459
0.05570117282210763
0.0560176099056148
0.05633780097700658
0.05666181499844333
0.05698972233233074
0.05732159475399441
0.0576575054633095
0.057997529095004004
0.058341741727697516
0.05869022089146596
0.05904304557389837
0.05940029622450188
0.059762054757447856
0.060128404552441256
0.060499430453714614
0.06087521876698449
0.06125585725425855
0.061641435126480036
0.062032043033792054
0.06242777305339088
0.06282871867486006
0.0632349747828529
0.06364663763705385
0.0640638048493309
0.0644865753579208
0.06491504939864878
0.06534932847302274
0.06578951531312992
0.06623571384329079
0.06668802913833992
0.06714656737849899
0.06761143580077719
0.06808274264681549
0.06856059710713225
0.0690451092617388
0.06953639001706373
0.0700345510391807
0.07053970468326999
0.07105196391938
0.0715714422544084
0.07209825365033988
0.07263251243879087
0.0731743332318122
0.07372383082907362
0.07428112012141436
0.07484631599084449
0.07541953320710054
0.07600088632078764
0.07659048955322947
0.07718845668316171
0.077794900930335
0.07840993483623093
0.07903367014196211
0.07966621766358833
0.08030768716495787
0.0809581872283015
0.08161782512274803
0.08228670667096978
0.08296493611418879
0.08365261597574214
0.08434984692346471
0.08505672763112809
0.08577335463917557
0.08649982221503298
0.08723622221324316
0.08798264393571056
0.08873917399232807
0.08950589616227417
0.09028289125624757
0.09107023697996056
0.091868007799147
0.09267627480639797
0.09349510559010059
0.0943245641057784
0.09516471055011211
0.09601560123792376
0.09687728848240258
0.09774982047883468
0.09863324119212136
0.09952759024831705
0.10043290283045338
0.10134920957887464
0.10227653649632738
0.10321490485800097
0.10416433112673794
0.10512482687360303
0.1060963987039775
0.10707904818936011
0.10807277180500813
0.10907756087355662
0.11009340151473748
0.11112027460130124
0.11215815572121934
0.11320701514623767
0.1142668178068506
0.11533752327370778
0.11641908574549907
0.11751145404328994
0.1186145716113384
0.1197283765243319
0.12085280150099682
0.12198777392405802
0.12313321586645043
0.12428904412369472
0.12545517025233627
0.126631500614356
0.12781793642739597
0.1290143738206833
0.13022070389651136
0.13143681279709243
0.1326625817766276
0.13389788727845747
0.1351426010170125
0.13639659006451899
0.13765971694209736
0.1389318397152129
0.14021281209312716
0.141502483532295
0.1428006993433048
0.14410730080140566
0.14542212526008585
0.14674500626783185
0.14807577368760402
0.14941425381883916
0.1507602695219325
0.15211364034484262
0.1534741826516801
0.15484170975295483
0.15621603203746773
0.15759695710560923
0.15898428990368615
0.16037783285931712
0.16177738601764977
0.16318274717811007
0.16459371203172055
0.16601007429864187
0.1674316258658624
0.1688581569248747
0.17028945610912596
0.17172531063130445
0.17316550641997058
0.17460982825586324
0.17605805990730158
0.1775099842647581
0.17896538347482552
0.18042403907273452
0.18188573211400225
0.18335024330478492
0.18481735313069578
0.18628684198463397
0.18775849029311503
0.18923207863997094
0.19070738789000735
0.19218419931024305
0.1936622946882867
0.19514145645103462
0.19662146777980558
0.19810211272360478
0.19958317631122352
0.2010644446606141
0.20254570508656575
0.20402674620478564
0.205507358037127
0.20698733210956333
0.20846646155284942
0.20994454119750863
0.21142136766722405
0.21289673947171792
0.21437045709279626
0.2158423230733905
0.2173121420991012
0.21877972108153224
0.22024486923385908
0.22170739815122195
0.2231671218780377
0.22462385698461557
0.2260774226328449
0.22752764063781056
0.22897433553636837
0.2304173346423327
0.23185646810367574
0.23329156896326508
0.23472247319925316
0.23614901978002678
0.2375710507108842
0.23898841107375968
0.24040094906822124
0.24180851605017034
0.24321096655987634
0.2446081583621826
0.2459999524722521
0.24738621317760234
0.2487668080621805
0.25014160803123886
0.25151048731651043
0.2528733235171499
0.25422999757417314
0.2555803938111441
0.2569243999228549
0.25826190698062956
0.25959280944677693
0.26091700515860233
0.2622343953250837
0.26354488452325453
0.26484838069404015
0.2661447951180993
0.26743404242076557
0.2687160405258841
0.2699907106621971
0.2712579773447436
0.272517768319722
0.2737700145707347
0.27501465028268074
0.2762516127980113
0.27748084260505923
0.278702283286383
0.2799158814989943
0.2811215869168433
0.2823193522183009
0.2835091330108562
0.28469088782843477
0.28586457805359994
0.28703016789302155
0.2881876242965173
0.2893369169631429
0.29047801826489217
0.2916109031557027
0.2927355491865929
0.29385193641585566
0.2949600473701533
0.29605986695293307
0.29715138244978945
0.2982345833966473
0.2993094615984979
0.30037601103718586
0.30143422778109136
0.30248410999444325
0.3035256577981762
0.30455887326225156
0.3055837603881017
0.30660032491380124
0.3076085743808662
0.30860851805379574
0.30960016672859075
0.310583532900933
0.31155863050444366
0.31252547492976784
0.3134840830006973
0.3144344728218791
0.3153766638678503
0.31631067668964175
0.317236533102167
0.31815425595231456
0.3190638691961312
0.31996539769050564
0.32085886728778534
0.3217443046629092
0.322621737364248
0.3234911936372002
0.32435270246950687
0.32520629353008323
0.32605199703880217
0.32688984378183206
0.3277198651335945
0.328542092784662
0.32935655897669647
0.33016329618905366
0.33096233730337227
0.33175371543888077
0.3325374639986221
0.33331361650040875
0.33408220669381283
0.33484326833654465
0.3355968353986269
0.336342941760134
0.33708162137287667
0.3378129081511571
0.33853683596018963
0.33925343852047435
0.3399627494131377
0.3406648021848346
0.3413596301002586
0.3420472662861561
0.34272774357073416
0.34340109457614815
0.3440673516445638
0.34472654680794496
0.3453787117502162
0.3460238780070707
0.3466620765184788
0.3472933380000394
0.3479176927514417
0.3485351707862894
0.34914580149580776
0.34974961405989696
0.35034663724038195
0.3509368991743018
0.35152042774642805
0.35209725046269147
0.35266739410478376
0.3532308852983459
0.3537877498905739
0.35433801369297846
0.3548817017954285
0.35541883879697544
0.35594944905444387
0.35647355617971244
0.3569911837407116
0.35750235448012296
0.3580070908020939
0.35850541484343745
0.3589973482054974
0.3594829119174722
0.35996212691598445
0.36043501333148154
0.3609015913440553
0.36136188048503703
0.36181589975652745
0.3622636681673486
0.36270520413098206
0.3631405259450028
0.36356965100797783
0.36399259701484254
0.36440938097443565
0.36482002007071296
0.3652245305028555
0.36562292867365226
0.36601523070964886
0.3664014523793958
0.36678160917682634
0.36715571655601165
0.36752378940855074
0.3678858429895192
0.36824189211525504
0.3685919512457279
0.3689360348334088
0.36927415744475106
0.3696063330599984
0.3699325761060413
0.3702529005260292
0.37056732039456447
0.37087584954144975
0.3711785019115005
0.3714752915009753
0.3717662320768202
0.372051337738487
0.3723306222507731
0.37260409957600266
0.37287178364494783
0.3731336889516325
0.37338982912331004
0.3736402185942543
0.37388487193533826
0.3741238034076175
0.3743570276730303
0.3745845595921153
0.3748064140046198
0.3750226059079799
0.37523315105464805
0.37543806433089594
0.37563736184485635
0.37583105955565876
0.3760191734050112
0.37620171995580515
0.3763787157246885
0.37655017773693494
0.3767161233757194
0.37687657003741853
0.3770315353883548
0.37718103752971766
0.3773250952278046
0.3774637269258324
0.37759695153507733
0.37772478907766355
0.37784725884985493
0.37796438097169216
0.3780761761739468
0.3781826652801594
0.37828386928095853
0.3783798099377624
0.37847050934810483
0.37855598968126036
0.37863627369412534
0.3787113846574071
0.37878134642249095
0.3788461823468616
0.37890591720773154
0.3789605757771891
0.3790101831699126
0.3790547648871018
0.3790943470977875
0.37912895632386917
0.3791586190115804
0.37918336265728064
0.3792032151555032
0.3792182040649427
0.3792283583030692
0.37923370631069486
0.3792342779669189
0.37923010253897
0.3792212100065359
0.37920763160472204
0.3791893973868924
0.37916653883319446
0.37913908785812267
0.3791070761545889
0.3790705362608494
0.379029501091352
0.3789840035743308
0.37893407708097054
0.37887975577060246
0.37882107375500634
0.37875806542999957
0.3786907658226199
0.378619209791533
0.37854343274586966
0.3784634713331407
0.3783793606753768
0.37829113771104905
0.37819883868902343
0.37810250060907064
0.3780021608467096
0.3778978567343533
0.37778962619731515
0.3776775067626582
0.37756153681836574
0.37744175435187366
0.3773181984800349
0.3771909076283177
0.3770599211747311
0.37692527758877375
0.3767870162679148
0.3766451770746596
0.37649979953577783
0.37635092285810406
0.3761985875447049
0.37604283273364
0.37588369950433415
0.37572122703658073
0.3755554560981843
0.3753864267558814
0.37521417980251204
0.3750387550242458
0.37486019311476776
0.3746785347166789
0.37449381997041564
0.37430609006907306
0.37411538485390855
0.3739217449045482
0.3737252108452979
0.37352582311005667
0.37332362223638127
0.373118648132271
0.3729109414342643
0.37270054241693146
0.37248749077877613
0.37227182713550183
0.37205359084969797
0.3718328222825033
0.3716095608919659
0.37138384655807655
