0.045816770887734455
0.04603311837439625
0.04625165165076199
0.04647240917069639
0.04669543040245174
0.046920755785800274
0.04714842685336947
0.04737848613301341
0.047610977305883886
0.047845945137568874
0.04808343556267309
0.048323495702906984
0.04856617387710484
0.0488115196730422
0.04905958392643495
0.04931041881160771
0.049564077825584835
0.04982061585213557
0.05008008917822817
0.05034255552528797
0.05060807411477134
0.05087670565736097
0.05114851241362114
0.051423558225621696
0.05170190854550632
0.05198363048788546
0.05226879283130108
0.05255746608965792
0.05284972251675438
0.05314563616449806
0.05344528289350101
0.05374874043148942
0.05405608838801988
0.0543674082981796
0.054682783642704576
0.05500229989712831
0.05532604454410431
0.05565410711759287
0.05598657922664345
0.05632355457918357
0.056665129013727285
0.05701140052596963
0.05736246929255486
0.057718437681747
0.05807941029841277
0.05844549397767245
0.05881679781712018
0.05919343319150373
0.05957551375782886
0.059963155471265794
0.06035647659693266
0.060755597705432485
0.061160641684207415
0.06157173373567958
0.06198900137043516
0.06241257440584196
0.06284258495494803
0.06327916741017786
0.06372245842989929
0.06417259691854685
0.06462972399835472
0.06509398298560977
0.06556551935456861
0.06604448070297185
0.06653101670712042
0.06702527908179683
0.06752742152254643
0.06803759965622282
0.06855597097715978
0.06908269478541715
0.06961793210959194
0.07016184564099102
0.07071459964482527
0.07127635987862989
0.07184729349798291
0.07242756896350465
0.07301735593587545
0.07361682516901848
0.07422614839864533
0.07484549822116592
0.07547504797451952
0.07611497160384782
0.07676544353277592
0.0774266385197845
0.07809873151731954
0.0787818975193688
0.07947631140912771
0.08018214780005961
0.08089958087206704
0.0816287842025151
0.0823699305961801
0.08312319190631666
0.08388873885794518
0.0846667408629353
0.08545736583112543
0.08626077998398675
0.08707714766058877
0.08790663111995332
0.08874939034819303
0.08960558285493106
0.0904753634765111
0.09135888417006953
0.09225629381398506
0.09316773800206961
0.09409335884214383
0.09503329474987988
0.0959876802496679
0.09695664576969068
0.09794031744384343
0.0989388169112538
0.09995226112074745
0.10098076213804959
0.10202442695174291
0.10308335728919604
0.10415764942955796
0.10524739402508586
0.10635267592613101
0.10747357400919995
0.10861016101236755
0.10976250337488404
0.11093066108340537
0.1121146875226485
0.11331462933602769
0.1145305262890571
0.1157624111431533
0.11701030953367489
0.11827423985979948
0.11955421317674317
0.12085023310128272
0.12216229572248051
0.12349038952163016
0.12483449529994498
0.12619458611833753
0.12757062724130988
0.12896257609420586
0.13037038222590938
0.13179398728360311
0.13323332499408796
0.13468832115880175
0.13615889365199638
0.13764495243211686
0.13914639956314204
0.1406631292407048
0.14219502783421079
0.143741973928695
0.14530383838505032
0.1468804844024923
0.14847176759352484
0.15007753606348395
0.15169763050272841
0.15333188428505884
0.15498012357306687
0.15664216742986456
0.15831782794699867
0.16000691036542114
0.1617092132173973
0.16342452846560865
0.16515264165327892
0.1668933320595527
0.1686463728590874
0.1704115312916106
0.17218856883262332
0.17397724136806733
0.17577729938063286
0.17758848813397066
0.1794105478625702
0.1812432139666236
0.18308621721115279
0.18493928392418565
0.18680213620226818
0.18867449211709836
0.19055606592474078
0.19244656827293324
0.19434570641669763
0.19625318443147638
0.19816870342491835
0.20009196175663177
0.20202265524986396
0.20396047741026546
0.20590511964096564
0.20785627145533056
0.20981362069788567
0.2117768537539766
0.21374565576291238
0.21571971083205935
0.21769870224316745
0.21968231266717794
0.22167022435865993
0.2236621193728051
0.22565767976378
0.2276565877766316
0.22965852605020937
0.23166317781192547
0.23367022706193025
0.23567935876727644
0.23769025903725616
0.23970261531432818
0.24171611654192812
0.243730453341783
0.24574531818061862
0.24776040554116732
0.24977541207427115
0.25179003676321937
0.25380398107736946
0.25581694911427544
0.25782864774899417
0.2598387867797584
0.2618470790474111
0.26385324058996623
0.26585699074743524
0.2678580523024083
0.2698561515840401
0.27185101859364585
0.27384238710973274
0.27582999479059417
0.27781358327602496
0.27979289828572756
0.28176768971310767
0.283737711707482
0.28570272275223996
0.2876624857633658
0.2896167681404157
0.29156534185419214
0.29350798350315765
0.29544447437906196
0.2973746005199054
0.2992981527744731
0.3012149268368175
0.30312472330186674
0.3050273477101058
0.306922610573275
0.3088103274143853
0.3106903188050665
0.3125624103727477
0.31442643284877314
0.31628222206696655
0.3181296189835486
0.31996846969706627
0.3217986254496206
0.32361994263247673
0.32543228278518443
0.3272355126040145
0.3290295039212155
0.33081413371850393
0.33258928409619254
0.3343548422656863
0.3361107005300708
0.3378567562745625
0.33959291192346236
0.3413190749399154
0.34303515777014
0.34474107782472974
0.3464367574523828
0.3481221238842346
0.3497971092192913
0.35146165033567756
0.35311568891361245
0.3547591713246126
0.35639204862547225
0.35801427647518175
0.3596258150981122
0.36122662922755205
0.36281668805128114
0.3643959651159989
0.3659644383099495
0.36752208977376066
0.369068905833603
0.3706048769415205
0.3721299975809038
0.3736442662322931
0.375147685255561
0.37664026084508423
0.37812200293595116
0.37959292512110065
0.3810530445856139
0.3825023820126194
0.38394096147883766
0.38536881040851917
0.3867859594656736
0.38819244244697937
0.389588296214175
0.390973560615404
0.3923482783463407
0.39371249490042115
0.3950662584470035
0.39640961976075956
0.3977426320870631
0.39906535108722857
0.40037783471612753
0.4016801431254011
0.4029723385625074
0.4042544852804923
0.4055266494280907
0.40678889896059156
0.40804130351903956
0.40928393434408766
0.41051686419783
0.41174016719989787
0.41295391879086574
0.4141581955860867
0.41535307531476395
0.41653863669157615
0.4177149593156432
0.4188821235897025
0.4200402106164874
0.4211893021001101
0.4223294802325368
0.42346082762657783
0.42458342720336434
0.4256973621101958
0.42680271560852945
0.4278995710072878
0.42898801155472266
0.43006812036931674
0.4311399803215483
0.4322036739974279
0.43325928355979654
0.43430689072008444
0.43534657661480197
0.4363784217631739
0.4374025059741863
0.4384189082701513
0.43942770683427007
0.44042897892061506
0.4414228008085341
0.44240924772711143
0.4433883937918487
0.4443603119651015
0.44532507398079973
0.44628275029260617
0.44723341005442946
0.44817712101090434
0.4491139495131723
0.45004396046655465
0.4509672172510345
0.45188378173954336
0.45279371422617765
0.4536970734219076
0.4545939163945002
0.4554842985845028
0.45636827376236405
0.45724589401606425
0.45811720972583975
0.4589822695524763
0.45984112045307163
0.4606938076403564
0.4615403746071301
0.4623808631065078
0.463215313159989
0.46404376306236256
0.4648662493920899
0.46568280701806863
0.4664934691193938
0.46729826718189355
0.46809723103665546
0.4688903888703535
0.469677767251672
0.470459391138416
0.47123528394201825
0.47200546752512074
0.4727699622351744
0.47352878694363115
0.4742819590963793
0.47502949470492845
0.47577140844824917
0.476507713667728
0.4772384223965916
0.47796354545618486
0.4786830924507331
0.47939707184047786
0.48010549097312993
0.48080835613070877
0.48150567259517735
0.4821974446829374
0.482883675782097
0.4835643684325877
0.4842395243615108
0.4849091445190248
0.48557322915484225
0.48623177785683114
0.48688478961356685
0.4875322628383743
0.4881741954592925
0.4888105849347348
0.48944142833041177
0.49006672235828647
0.49068646342630984
0.49130064768632875
0.49190927111307947
0.492512329481622
0.49310981849701235
0.49370173380203997
0.49428807101664696
0.4948688257866268
0.49544399385733745
0.4960135710731233
0.4965775534513023
0.4971359372048599
0.49768871880986065
0.4982358949998459
0.4987774628345515
0.49931341975366667
0.4998437635532903
0.5003684924770537
0.5008876052096745
0.501401100944173
0.5019089793757664
0.5024112407534022
0.5029078858880793
0.503398916193758
0.5038843337158768
0.5043641411288623
0.5048383417731965
0.5053069396870012
0.5057699395950057
0.5062273469537749
0.5066791679505516
0.5071254094995158
0.5075660793192143
0.5080011858587337
0.5084307383770239
0.50885474690415
0.5092732222707607
0.5096861761204449
0.5100936209046503
0.5104955698752086
0.5108920370890224
0.5112830374493861
0.5116685866472213
0.5120487011943663
0.5124233984144677
0.5127926964334881
0.513156614200034
0.5135151714302117
0.5138683886492131
0.5142162871703542
0.5145588890744537
0.5148962172196534
0.515228295217404
0.5155551474094002
0.5158767989135784
0.5161932755438984
0.5165046038422269
0.5168108110307563
0.5171119250435412
0.5174079744509512
0.5176989885351857
0.5179849971683061
0.5182660308822254
0.518542120803348
0.5188132986607781
0.5190795967625207
0.5193410479779725
0.5195976857190227
0.5198495439317841
0.5200966570528657
0.5203390600395316
0.5205767882960803
0.5208098776987196
0.5210383645631969
0.5212622856136688
0.5214816779729016
0.5216965791752284
0.5219070270826462
0.522113059926797
0.5223147162574959
0.5225120349487687
0.5227050551499259
0.5228938162961616
0.5230783580663442
0.52325872039654
0.5234349434324786
0.5236070675184102
0.5237751331871096
0.5239391811549465
0.524099252291441
0.5242553875652001
0.524407628107445
0.5245560151397769
0.524700589964934
0.5248413939578795
0.5249784685559041
0.5251118552369707
0.5252415955090891
0.5253677308799212
0.5254903028798412
0.5256093529855494
0.5257249226884275
0.5258370533980833
0.5259457864982966
0.5260511633037334
0.5261532250241223
0.5262520127857978
0.526347567634471
0.5264399304756794
0.5265291420873001
0.5266152431298357
0.5266982741021448
0.5267782753309829
0.5268552870167028
