0.04587671444104303-0.01758115267443417*I
0.04642332841496015+0.21039183893661992*I
0.06815416204774691-0.22567574814862698*I
0.161908743656763-0.2550207945393731*I
0.32123220736438396-0.20705985231905294*I
0.3831169801350306-0.07534095297432852*I
0.4529757873876513
0.4760273549946466
0.4924505242706235
0.5070325997065739
0.5203997073745967
0.5327547276990245
0.5442360858153923
0.5549574878983482
0.5650130872663129
0.5744801663090677
0.583422024160725
0.5918907345549708
0.5999295007966202
0.6075745509105769
0.6148566187409015
0.6218020863378304
0.6284338613887631
0.6347720517516843
0.6408344860461053
0.6466371177479061
0.6521943410267296
0.657519239483786
0.6626237836330183
0.6675189890058046
0.672215043819787
0.6767214129721517
0.6810469234927453
0.6851998353808613
0.6891879008418866
0.6930184142528995
0.6966982546692414
0.7002339222877226
0.7036315699798347
0.7068970307758246
0.7100358419993109
0.713053266613137
0.7159543122268683
0.7187437481302995
0.7214261206499883
0.7240057670711328
0.7264868283252355
0.7288732606086302
0.7311688460702616
0.7333772026843555
0.7355017934057572
0.7375459346912562
0.7395128044580839
0.7414054495412493
0.7432267927034022
0.7449796392444167
0.7466666832527572
0.748290513536385
0.7498536192676492
0.7513583953739347
0.7528071477041218
0.7542020979993191
0.7555453886959704
0.7568390875889789
0.7580851923834069
0.7592856351641695
0.7604422868153863
0.7615569614238069
0.7626314207047759
0.7636673784945127
0.7646665053596413
0.7656304333839296
0.7665607612046523
0.767459059386451
0.7683268762417717
0.7691657442343531
0.7699771871393856
0.7707627281834102
0.7715238994551229
0.7722622529712956
0.7729793739127776
0.7736768967306475
0.774356525089066
0.7750200570035964
0.7756694171200392
0.7763066989782567
0.7769342215184328
0.7775546063725358
0.7781708863024521
0.7787866617714213
0.7794063346441047
0.7800354709249924
0.7806813909665599
0.7813541874425958
0.7820686167076542
0.78284797810219
0.783733259205837
0.7848098592636032
0.7863236068985182
