0.49396662794251983
0.5097676766741334
0.5206446468322928
0.5291005638473911
0.5360618933169984
0.5419931784595916
0.5471646138272573
0.5517486620736932
0.5558628077710601
0.559591067585595
0.562995839081313
0.5661248891706916
0.5690157037109738
0.5716983155197638
0.5741972110148135
0.5765326557111699
0.5787216402828831
0.5807785714111017
0.5827157864721225
0.5845439438340057
0.5862723235270919
0.5879090621641822
0.5894613388380996
0.5909355239305195
0.5923372994850626
0.5936717575136544
0.5949434809870098
0.5961566110985389
0.5973149035439894
0.5984217759346251
0.599480347995645
0.6004934758495503
0.6014637814165998
0.6023936777574042
0.6032853910234931
0.6041409795555643
0.6049623505710632
0.6057512748036867
0.6065093993945199
0.6072382592848096
0.6079392873183432
0.6086138232286257
0.6092631216588065
0.6098883593393922
0.6104906415306208
0.6110710078204189
0.6116304373565564
0.6121698535800865
0.6126901285188772
0.6131920866911748
0.6136765086643904
0.6141441343068667
0.6145956657668009
0.615031770209178
0.6154530823353427
0.6158602067111073
0.616253719922876
0.616634172582016
0.6170020911936808
0.6173579799074945
0.6177023221631578
0.6180355822460037
0.6183582067654176
0.6186706260670097
0.6189732555952495
0.6192664972130814
0.6195507404967612
0.6198263640173519
0.6200937366218993
0.6203532187333521
0.6206051636869471
0.6208499191221258
0.6210878284581572
0.6213192324822229
0.6215444710870967
0.6217638852058336
0.6219778189996882
0.6221866223791782
0.6223906539509635
0.6225902845200658
0.6227859013261092
0.6229779132399816
0.6231667572517945
0.6233529066993664
0.6235368818985682
0.6237192641179738
0.6239007143423977
0.6240819989998593
0.6242640261580498
0.6244478978802644
0.624634988500511
0.624827066270774
0.6250264915283902
0.6252365588540557
0.6254621334087509
0.625710957581075
0.6259967349430086
0.6263481552454441
0.6268481573259704
