0.31799517731035776
0.24060189828486347
0.19642399668006658
0.1667266316633904
0.14501337132580944
0.1282794768280664
0.11490273735127006
0.10391602183582893
0.09470103866277785
0.08684134116075849
0.08004480441415462
0.07409971593344644
0.06884846759609692
0.06417105906216981
0.059974355996969556
0.05618486961108619
0.052743769381339796
0.049603356180407905
0.046724516252441256
0.044074849512731315
0.04162727113002126
0.03935895145234661
0.03725050184804834
0.03528534195851779
0.03344920261838639
0.03172973146374986
0.030116177186360615
0.028599134614353303
0.027170337307163762
0.025822487604032284
0.024549116413857066
0.023344466833497897
0.022203396965649297
0.021121298345432533
0.02009402708747595
0.019117845518464075
0.018189372445440787
0.017305540623258085
0.016463560206530465
0.015660887244470196
0.014895196403990436
0.014164357281768288
0.013466413766087778
0.012799565989294874
0.012162154499012071
0.011552646349642981
0.010969622830294462
0.010411768609688395
0.009877862118950146
0.009366767002232509
0.008877424509708177
0.00840884668889768
0.007960110324468675
0.007530351448395183
0.007118760477495524
0.006724577794873812
0.006347089755637952
0.005985625113972941
0.0056395517703114
0.005308273813748857
0.004991228834401645
0.0046878855419120605
0.004397741456443108
0.004120321007502148
0.003855173552103826
0.003601871797959578
0.003360010187432721
0.003129203506628221
0.002909085593065528
0.0026993081131893803
0.0024995394621500555
0.0023094637832109873
0.0021287799971158494
0.001957200971015717
0.0017944527079899809
0.0016402736099605342
0.0014944138494948477
0.0013566346907346106
0.0012267078882217182
0.001104415335076205
0.0009895483034405154
0.0008819073427856343
0.0007813014993544289
0.0006875483429505374
0.0006004732241923839
0.0005199094581978352
0.0004456976104345885
0.000377685652052084
0.0003157287260741471
0.0002596888812281347
0.00020943528584834792
0.00016484435487820019
0.00012579946562090344
0.00009219186761660772
0.00006392170496517245
0.000040897921919248236
0.00002304134311306333
0.000010290816966988288
0
