0.02249023348496009
0.022587016366188036
0.022684421307632974
0.022782361168447243
0.022881407982939733
0.022980882584696723
0.02308125354034727
0.023182356975841593
0.02328426603171276
0.023386955344927834
0.023490369378020858
0.023594651521117706
0.02369972543395363
0.02380557140915227
0.02391235468072554
0.02401988043117203
0.024128209666983137
0.024237376201131148
0.024347416508606494
0.024458313845149036
0.024570044876000473
0.024682662658288983
0.024796177635747062
0.024910552096746346
0.025025786261468914
0.025141957637166742
0.02525904378248982
0.025377017791292426
0.025495923347856553
0.025615750702961845
0.025736521348324284
0.02585824117873618
0.02598089708875338
0.02610452880976246
0.026229113082686037
0.026354690624235688
0.026481239127304983
0.026608784300872754
0.026737335999202826
0.026866887830227257
0.02699745796649474
0.02712905960767083
0.027261688870364217
0.027395362041258673
0.02753008757666346
0.02766587226508371
0.027802723619958416
0.02794065310743283
0.0280796670966525
0.028219775935696974
0.02836099033654079
0.028503316269731013
0.028646762833265126
0.028791342320035787
0.028937060575642437
0.029083929425259503
0.02923195825098197
0.029381155508969324
0.029531530790284838
0.029683094809599003
0.02983585730393971
0.029989827684187224
0.030145016538856578
0.03030143372844521
0.030459089978037174
0.030617995514249045
0.030778166218822317
0.030939601351302738
0.031102317877544524
0.03126632661209919
0.03143163864681955
0.03159826829508468
0.03176622018259274
0.031935511984266904
0.03210615199544204
0.03227815215892989
0.032451524381957995
0.03262628075022425
0.032802435011031146
0.032979997735781696
0.03315898261654152
0.03333940105498343
0.033521267810328256
0.03370459363383294
0.03388939263210235
0.03407567928569035
0.034263465401347906
0.03445276514361882
0.03464359267949403
0.034835962191180916
0.03502988753018416
0.035225383538573456
0.03542246438365242
0.035621145407107986
0.03582144104095521
0.036023366796911
0.03622693818998099
0.036432170592878246
0.03663908030029621
0.0368476830371375
0.037057995186069434
0.03727003330321606
0.037483814132032306
0.037699354806535856
0.037916672458929816
0.038135784573947076
0.038356709087761856
0.038579463956714355
0.03880406750132362
0.03903053828074384
0.03925889526902765
0.03948915762227397
0.039721344857467304
0.039955476769440175
0.040191573553933775
0.040429655667722636
0.04066974396023912
0.04091185960901885
0.04115602418513976
0.041402259607510795
0.041650588243694206
0.04190103278702293
0.04215361637516272
0.042408362574869365
0.04266529534736321
0.042924439129145925
0.043185818792761815
0.04344945965259643
0.04371538750396442
0.043983628617308944
0.044254209733328914
0.044527158065814705
0.044802501343863994
0.04508026776984609
0.04536048605862071
0.04564318539806643
0.0459283955001947
0.04621614655430448
0.04650646924858328
0.04679939474846757
0.047094954704102215
0.04739318124303384
0.047694106944141584
0.04799776482972645
0.04830418835865192
0.04861341140381876
0.04892546823025288
0.04924039347132424
0.04955822211453519
0.049878989461011804
0.050202731103233346
0.05052948289638102
0.05085928091490408
0.051192161424129856
0.0515281608340649
0.05186731566577645
0.052209662496338426
0.052555237924587
0.05290407851277504
0.05325622074121087
0.053611700954101525
0.053970555304825994
0.054332819699387455
0.05469852973962033
0.05506772066020345
0.055440427272136376
0.05581668389682212
0.056196524304982905
0.05657998165076557
0.056967088409218845
0.05735787630883862
0.05775237626701494
0.05815061832422821
0.058552631578918775
0.0589584441210554
0.05936808296902576
0.05978157400412963
0.060198941909240626
0.060620210105268954
0.06104540069223235
0.06147453438920534
0.06190763047796277
0.062344706747293116
0.06278577944021398
0.06323086320286622
0.06367997103688956
0.06413311425285108
0.06459030242818761
0.06505154336661077
0.06551684306153996
0.06598620566194267
0.06645963344241101
0.06693712677490876
0.067418684106149
0.06790430193633606
0.06839397480280432
0.06888769526669679
0.06938545390320269
0.06988723929573021
0.07039303803317863
0.07090283471100205
0.07141661193623093
0.07193435033510641
0.072456028565048
0.0729816233294639
0.07351110939609659
0.07404445961845352
0.07458164496056673
0.07512263452453509
0.07566739558118399
0.07621589360335192
0.07676809230205352
0.0773239536648491
0.07788343799688756
0.07844650396419435
0.07901310863872898
0.07958320754584361
0.08015675471313365
0.08073370272126368
0.08131400275591961
0.08189760466145185
0.08248445699537829
0.08307450708405928
0.08366770107919069
0.08426398401501971
0.08486329986604996
0.08546559160520875
0.08607080126226387
0.08667886998237911
0.08728973808464122
0.08790334512045411
0.08851962993166897
0.08913853070836711
0.08975998504608536
0.0903839300025126
0.09101030215347566
0.09163903764805197
0.09227007226292219
0.09290334145566302
0.09353878041703542
0.09417632412220805
0.09481590738071119
0.0954574648852346
0.09610093125916402
0.09674624110269986
0.09739332903772435
0.09804212975118325
0.09869257803711086
0.09934460883715096
0.09999815727963468
0.1006531587172214
0.10130954876296565
0.10196726332497523
0.10262623863952072
0.1032864113026949
0.10394771830055623
0.10461009703782723
0.10527348536511001
0.10593782160468299
0.1066030445748417
0.10726909361285969
0.10793590859654081
0.1086034299644338
0.10927159873468573
0.10994035652260564
0.11060964555693795
0.11127940869488352
0.11194958943588142
0.11262013193421877
0.11329098101045107
0.1139620821617012
0.1146333815708363
0.11530482611458974
0.11597636337060711
0.11664794162349239
0.11731950986986499
0.1179910178224461
0.11866241591321894
0.11933365529568007
0.12000468784621401
0.12067546616461156
0.12134594357377523
0.12201607411860077
0.12268581256409986
0.12335511439275702
0.12402393580116539
0.12469223369594465
0.12535996568898233
0.1260270900919981
0.12669356591046987
0.12735935283693675
0.12802441124369301
0.12868870217489628
0.12935218733810813
0.13001482909529188
0.1306765904532735
0.1313374350536902
0.13199732716245094
0.13265623165871843
0.1333141140234202
0.1339709403273435
0.1346266772187784
0.13528129191077393
0.13593475216800374
0.1365870262932493
0.13723808311354918
0.13788789196599874
0.1385364226832463
0.13918364557868498
0.13982953143137367
0.1404740514706936
0.14111717736077758
0.14175888118470859
0.14239913542853122
0.14303791296508453
0.14367518703767654
0.14431093124362518
0.14494511951769518
0.14557772611543607
0.14620872559645362
0.14683809280764748
0.14746580286641173
0.14809183114385124
0.14871615324801482
0.14933874500718008
0.14995958245321211
0.15057864180501668
0.15119589945211626
0.15181133193836766
0.15242491594585197
0.15303662827895348
0.15364644584865542
0.15425434565707632
0.1548603047822699
0.15546430036330783
0.15606630958567588
0.15666630966699793
0.15726427784311303
0.15786019135453266
0.1584540274332864
0.15904576329019052
0.15963537610255038
0.1602228430023157
0.160808141064717
0.16139124729738738
0.1619721386299978
0.16255079190441632
0.16312718386540667
0.16370129115188806
0.16427309028875528
0.16484255767929024
0.1654096695981589
0.1659744021850197
0.16653673143873884
0.16709663321223697
0.16765408320795674
0.1682090569739774
0.16876152990076346
0.16931147721856687
0.1698588739954758
0.1704036951361184
0.17094591538101953
0.1714855093066108
0.17202245132589722
0.1725567156897695
0.1730882764889695
0.17361710765669544
0.17414318297184755
0.17466647606290756
0.1751869604124362
0.17570460936219873
0.17621939611888468
0.17673129376043767
0.1772402752429608
0.17774631340820277
0.17824938099160276
0.17874945063088318
0.17924649487517555
0.17974048619466504
0.1802313969907345
0.18071919960659888
0.18120386633839983
0.1816853694467561
0.18216368116874487
0.1826387737302909
0.18311061935895206
0.18357919029707678
0.18404445881531167
0.18450639722644055
0.18496497789953356
0.18542017327438362
0.18587195587620872
0.18632029833059813
0.1867651733786797
0.18720655389248617
0.18764441289049813
0.18807872355333885
0.18850945923960158
0.18893659350178332
0.1893601001023041
0.18977995302958975
0.19019612651419177
0.1906085950449265
0.19101733338500893
0.19142231658815878
0.19182352001465786
0.19222091934733676
0.19261449060746952
0.19300421017055525
0.19339005478196597
0.1937720015724419
0.19415002807341075
0.1945241122321166
0.19489423242653428
0.19526036748005496
0.19562249667592344
0.1959805997714087
0.1963346570116908
0.19668464914345263
0.19703055742815256
0.19737236365496946
0.197710050153404
0.198043599805519
0.19837299605781294
0.19869822293270398
0.1990192650396218
0.1993361075856923
0.19964873638600172
0.1999571378734367
0.20026129910808382
0.2005612077861881
0.20085685224865388
0.2011482214890899
0.20143530516138416
0.20171809358680895
0.20199657776064703
0.20227074935833808
0.20254060074113675
0.20280612496128697
0.20306731576670148
0.20332416760515368
0.20357667562797097
0.20382483569324084
0.20406864436852162
0.20430809893305896
0.20454319737951576
0.20477393841521277
0.20500032146288338
0.20522234666094732
0.20544001486330546
0.2056533276386625
0.20586228726938025
0.20606689674986944
0.2062671597845211
0.20646308078519393
0.20665466486825085
0.20684191785116554
0.20702484624869738
0.20720345726864847
0.20737775880720694
0.20754775944389098
0.2077134684360966
0.20787489571326495
0.20803205187067272
0.20818494816286257
0.20833359649671818
0.2084780094241992
0.20861820013474217
0.20875418244734417
0.20888597080233587
0.2090135802528576
0.2091370264560488
0.20925632566396615
0.20937149471423516
0.20948255102045432
0.2095895125623603
0.20969239787576543
0.2097912260422813
0.20988601667884055
0.20997678992702742
0.2100635664422306
0.2101463673826259
0.21022521439801128
0.21030012961849148
0.2103711356430374
0.21043825552792045
0.21050151277504506
0.21056093132017784
0.21061653552109746
0.21066835014566515
0.2107164003598357
0.21076071171561292
0.21080131013896386
0.21083822191770213
0.21087147368934803
0.21090109242897923
0.21092710543707643
0.21094954032737948
0.2109684250147588
0.210983787703113
