0.5752702900605886
0.5752822083582042
0.5752941991851076
0.5753062630352521
0.5753184002575646
0.5753306115263637
0.5753428976173559
0.5753552591933118
0.5753676967209153
0.575380210922513
0.5753928024045954
0.575405472086537
0.5754182202030924
0.5754310477435632
0.5754439551091305
0.5754569430800553
0.5754700125414564
0.5754831638993165
0.5754963977140726
0.5755097153257991
0.5755231167123104
0.5755366030880826
0.5755501747728062
0.5755638328793263
0.5755775777527204
0.5755914101366131
0.5756053310265584
0.5756193410374659
0.5756334407591327
0.5756476312462161
0.5756619129050967
0.5756762866227891
0.5756907532941036
0.5757053134529838
0.5757199679502516
0.5757347175491904
0.5757495630245941
0.5757645051305571
0.5757795446246291
0.5757946823900881
0.5758099191524982
0.5758252555595886
0.575840692478216
0.575856230805118
0.575871871234135
0.5758876144524658
0.5759034614124271
0.575919412827288
0.5759354694791882
0.5759516322417146
0.5759679017499054
0.575984278933949
0.576000764549567
0.5760173592941044
0.5760340640431696
0.5760508795266435
0.5760678065922497
0.5760848458930655
0.576101998292342
0.5761192645464136
0.5761366453501122
0.5761541415156276
0.5761717537784057
0.5761894828510754
0.5762073294496886
0.5762252943535522
0.5762433782469443
0.5762615817803768
0.5762799057010602
0.5762983506858269
0.5763169173312622
0.5763356063486079
0.5763544183545543
0.5763733539353643
0.5763924137246981
0.5764115982778515
0.5764309081427218
0.5764503438789692
0.5764699059980555
0.5764895949711847
0.5765094112775995
0.5765293553497793
0.5765494275852369
0.5765696283746933
0.5765899580632114
0.5766104169562838
0.576631005326676
0.5766517234292046
0.5766725714573525
0.5766935495575515
0.5767146578653002
0.5767358964343173
0.5767572653041909
0.5767787644223626
0.5768003937378583
0.5768221530967389
0.5768440423155817
0.576866061143252
0.5768882092570394
0.5769104862910868
0.5769328917916667
0.5769554252386975
0.5769780860409126
0.5770008735266878
0.5770237869442475
0.5770468254676493
0.577069988159269
0.5770932740227839
0.5771166819406263
0.5771402107116645
0.57716385902658
0.5771876254731177
0.5772115085313251
0.57723550655274
0.5772596177950429
0.5772838403728278
0.5773081722820705
0.5773326113894209
0.5773571554201545
0.5773818019569646
0.5774065484450575
0.5774313921723006
0.5774563302735422
0.5774813597220719
0.5775064773257973
0.5775316797246424
0.5775569633716516
0.5775823245477263
0.5776077593428158
0.5776332636533548
0.5776588331747504
0.5776844634020293
0.5777101496136395
0.5777358868756806
0.5777616700294173
0.5777874936884092
0.5778133522303165
0.5778392397895866
0.5778651502604129
0.577891077273286
0.5779170142063669
0.5779429541691374
0.57796888999776
0.5779948142491816
0.5780207191967426
0.5780465968204905
0.5780724388053815
0.5780982365281491
0.5781239810568332
0.578149663143627
0.5781752732173842
0.5782008013768026
0.5782262373863724
0.5782515706711365
0.5782767903055054
0.5783018850162145
0.5783268431669419
0.5783516527616064
0.5783763014325127
0.5784007764388579
0.5784250646603296
0.5784491525924629
0.5784730263412463
0.5784966716206321
0.578520073745403
0.578543217630209
0.5785660877831703
0.5785886683041623
0.5786109428794529
0.5786328947815481
0.578654506864519
0.5786757615612261
0.5786966408829533
0.5787171264163091
0.5787371993216676
0.5787568403337918
0.5787760297585202
0.5787947474751926
0.5788129729339901
0.5788306851584275
0.5788478627451077
0.5788644838659327
0.5788805262684211
0.5788959672790887
0.5789107838053407
0.5789249523387847
0.5789384489584406
0.5789512493354956
0.5789633287365474
0.5789746620295424
0.5789852236887321
0.5789949878009012
0.579003928071938
0.5790120178328009
0.579019230048697
0.5790255373259243
0.57903091192045
0.5790353257476449
0.5790387503918101
0.5790411571156809
0.5790425168721415
0.579042800314802
0.579041977810034
0.5790400194497849
0.5790368950640398
0.579032574234456
0.5790270263084497
0.5790202204140881
0.5790121254747216
0.5790027102253509
0.5789919432283297
0.5789797928905853
0.5789662274807429
0.5789512151470019
0.5789347239357401
0.5789167218103641
0.5788971766704964
0.5788760563724464
0.5788533287490845
0.5788289616310939
0.5788029228682599
0.5787751803514185
0.5787457020344674
0.5787144559574952
0.5786814102694308
0.578646533252061
0.5786097933435373
0.5785711591628241
0.5785305995343104
0.5784880835127701
0.5784435804082613
0.5783970598121184
0.5783484916223832
0.5782978460696885
0.5782450937436912
0.5781902056192795
0.5781331530830041
0.5780739079596845
0.5780124425392003
0.5779487296031484
0.5778827424515024
0.5778144549296617
0.5777438414547744
0.5776708770427628
0.5775955373346354
0.5775177986229678
0.5774376378782162
0.5773550327746853
0.5772699617163333
0.5771824038624666
0.5770923391528453
0.5769997483326816
0.5769046129772524
0.576806915516034
0.5767066392565374
0.5766037684075487
0.576498288102047
0.5763901844195816
0.5762794444080166
0.5761660561048577
0.5760500085579476
0.5759312918455542
0.5758098970958777
0.5756858165058502
0.5755590433594207
0.5754295720449754
0.5752973980722537
0.5751625180884324
0.5750249298936124
0.574884632455448
0.5747416259232628
0.5745959116411511
0.5744474921605753
0.5742963712521132
0.574142553916505
0.5739860463948598
0.573826856178299
0.5736649920166333
0.5735004639265329
0.5733332831987512
0.5731634624047711
0.5729910154026849
0.5728159573423378
0.5726383046697753
0.572458075131084
0.5722752877753521
0.5720899629572066
0.5719021223384596
0.5717117888892452
0.5715189868885017
0.5713237419237336
0.5711260808903111
0.5709260319899566
0.5707236247288574
0.570518889915028
0.5703118596551803
0.570102567350995
0.5698910476948351
0.5696773366649348
0.5694614715200139
0.5692434907933497
0.5690234342863343
0.5688013430615103
0.5685772594350464
0.5683512269686926
0.5681232904612048
0.5678934959392503
0.5676618906477842
0.5674285230398418
0.5671934427658362
0.5669567006622701
0.5667183487399241
0.5664784401713899
0.5662370292781526
0.565994171516923
0.5657499234655012
0.56550434280792
0.5652574883189754
0.5650094198481391
0.5647601983027261
0.5645098856304377
0.5642585448011261
0.5640062397879063
0.5637530355474166
0.5634989979994269
0.5632441940055418
0.5629886913471528
0.5627325587025633
0.5624758656232277
0.5622186825091249
0.5619610805832694
0.5617031318652751
0.5614449091440156
0.5611864859493423
0.5609279365228016
0.560669335787456
0.5604107593166352
0.5601522833017581
0.5598939845190953
0.559635940295558
0.5593782284734454
0.5591209273741661
0.5588641157609602
0.5586078728005539
0.5583522780238422
0.5580974112855249
0.5578433527227376
0.557590182712706
0.5573379818294021
0.557086830799246
0.5568368104558384
0.5565880016938163
0.5563404854217515
0.5560943425142302
0.5558496537630582
0.5556064998276817
0.5553649611848216
0.5551251180773893
0.5548870504627205
0.5546508379601488
0.554416559797998
0.5541842947600426
0.5539541211314424
0.5537261166442875
0.5535003584227283
0.5532769229278265
0.5530558859021218
0.5528373223140286
0.5526213063021228
0.5524079111193415
0.5521972090772473
0.5519892714903476
0.5517841686206058
0.5515819696221702
0.5513827424864401
0.5511865539875139
0.5509934696281064
0.5508035535860176
0.5506168686612465
0.5504334762237763
0.5502534361621831
0.5500768068330849
0.5499036450115463
0.5497340058425048
0.5495679427932914
0.5494055076073217
0.5492467502590609
0.5490917189102846
0.5489404598677602
0.5487930175423855
0.5486494344098735
0.5485097509730326
0.5483740057257344
0.5482422351185978
0.5481144735264792
0.5479907532178089
0.5478711043258493
0.5477555548218851
0.5476441304904537
0.5475368549066106
0.5474337494153049
0.5473348331128767
0.5472401228307534
0.547149633121323
0.547063376246068
0.5469813621659403
0.5469035985340317
0.5468300906905273
0.5467608416599873
0.5466958521509401
0.5466351205578072
0.5465786429651464
0.5465264131542414
0.5464784226119918
0.5464346605421205
0.5463951138786817
0.5463597673018249
0.5463286032558486
0.5463016019694373
0.5462787414781456
0.5462599976490018
0.5462453442072708
0.5462347527652912
0.5462281928533541
0.5462256319525822
0.5462270355297466
0.5462323670739793
0.5462415881353149
0.5462546583650102
0.5462715355575659
0.5462921756944048
0.5463165329891174
0.546344559934223
0.5463762073493621
0.546411424430854
0.5464501588025383
0.5464923565678238
0.5465379623628769
0.546586919410845
0.5466391695770628
0.5466946534251381
0.5467533102738417
0.546815078254726
0.5468798943703707
0.5469476945531885
0.5470184137247017
0.547091985855198
0.5471683440237034
0.5472474204781547
0.5473291466957299
0.5474134534432255
0.547500270837412
0.5475895284052917
0.5476811551441666
0.5477750795814611
0.5478712298342069
0.5479695336681255
0.5480699185562339
0.5481723117369108
0.5482766402713435
0.5483828311003021
0.5484908111001735
0.5486005071381955
0.5487118461268309
0.548824755077228
0.5489391611517164
0.5490549917152786
0.5491721743859671
0.5492906370842017
0.5494103080809178
0.5495311160445222
0.5496529900866195
0.5497758598064748
0.5498996553341853
0.5500243073725222
0.5501497472374283
0.5502759068971477
0.5504027190099539
0.5505301169604796
0.5506580348946107
0.550786407752957
0.550915171302867
0.5510442621689903
0.5511736178623903
0.5513031768081884
0.5514328783717524
0.5515626628834287
0.5516924716618195
0.5518222470356168
0.5519519323639983
0.5520814720555957
0.5522108115860558
0.5523398975141993
0.5524686774967947
0.5525971003019765
0.5527251158213087
0.5528526750805381
0.5529797302490325
0.5531062346479534
0.5532321427571728
0.5533574102209601
0.5534819938524791
0.5536058516371075
0.5537289427346153
0.5538512274802402
0.5539726673846711
0.5540932251329828
0.5542128645825642
0.5543315507600475
0.5544492498572878
0.5545659292264252
0.554681557374057
0.5547961039545559
0.5549095397625666
0.5550218367247178
0.5551329678905781
0.5552429074228933
0.5553516305871333
0.5554591137403918
0.5555653343196542
0.555670270829491
0.5557739028291785
0.5558762109193099
0.5559771767279057
0.5560767828960617
0.5561750130631695
0.5562718518517329
0.5563672848518121
0.5564612986051285
0.55655388058885
0.5566450191990919
0.5567347037341567
0.5568229243775444
0.5569096721807469
0.5569949390458669
0.5570787177080757
0.5571610017179326
0.5572417854235991
0.5573210639529572
0.557398833195661
0.5574750897851422
0.5575498310805828
0.5576230551488845
0.5576947607466455
0.557764947302163
0.5578336148974815
0.5579007642505027
0.5579663966971682
0.5580305141737394
0.558093119199173
0.558154214857626
0.5582138047810817
0.5582718931321264
0.558328484586878
0.5583835843180793
0.5584371979783691
0.5584893316837362
0.55853999199717
0.5585891859125105
0.5586369208385131
0.5586832045831226
0.5587280453379811
0.5587714516631592
0.5588134324721227
0.558853997016944
0.5588931548737565
0.5589309159284562
0.5589672903626595
0.5590022886399169
0.5590359214921818
0.5590681999065475
0.5590991351122396
0.5591287385678796
0.5591570219490112
0.5591839971358964
0.5592096762015751
0.559234071400197
0.5592571951556201
0.559279060050274
0.5592996788142943
0.5593190643149203
0.5593372295461569
0.5593541876187057
0.5593699517501483
0.5593845352554012
0.5593979515374189
0.5594102140781604
0.559421336429805
0.5594313322062213
0.5594402150746856
0.5594479987478419
0.5594546969759135
0.5594603235391425
0.5594648922404769
0.5594684168984861
0.5594709113405049
0.5594723893960082
0.5594728648902094
0.5594723516378719
0.5594708634373435
0.559468414064801
