0.6245816203559014
0.6245449183649117
0.6245076842980094
0.6244699037152054
0.6244315616969258
0.6243926428282313
0.6243531311888716
0.6243130103338396
0.6242722632794572
0.6242308724877312
0.6241888198493255
0.6241460866666315
0.6241026536358173
0.6240585008324424
0.6240136076961091
0.6239679530022806
0.623921514857342
0.6238742706720831
0.6238261971477337
0.6237772702549941
0.6237274652148652
0.6236767564840037
0.6236251177316432
0.6235725218206081
0.6235189407950664
0.6234643458498725
0.6234087073220344
0.6233519946663123
0.6232941764362343
0.6232352202695316
0.6231750928639733
0.6231137599627229
0.62305118633272
0.6229873357511179
0.6229221709838972
0.6228556537704796
0.6227877448049848
0.6227184037217217
0.6226475890793318
0.6225752583451968
0.6225013678786804
0.6224258729214709
0.6223487275802563
0.6222698848202634
0.6221892964457397
0.6221069130975512
0.6220226842412729
0.6219365581564623
0.6218484819343733
0.6217584014705392
0.621666261459809
0.6215720053951671
0.6214755755665577
0.6213769130607575
0.6212759577654953
0.6211726483711962
0.6210669223801948
0.6209587161106443
0.6208479647099926
0.6207346021670878
0.6206185613242255
0.6204997738963518
0.6203781704890011
0.6202536806190516
0.6201262327416636
0.6199957542732171
0.6198621716230223
0.619725410224559
0.6195853945702643
0.6194420482486803
0.6192952939858043
0.6191450536867116
0.6189912484835824
0.61883379878343
0.6186726243204984
0.6185076442120214
0.6183387770155162
0.6181659407902297
0.6179890531606798
0.6178080313843014
0.6176227924211957
0.6174332530064108
0.6172393297263576
0.6170409390967352
0.6168379976440396
0.6166304219893095
0.616418128934088
0.6162010355502776
0.6159790592704731
0.615752117981725
0.615520130121779
0.6152830147756243
0.6150406917756489
0.6147930818027926
0.6145401064888704
0.6142816885209977
0.6140177517461078
0.613748221278158
0.6134730236039412
0.613192086691211
0.6129053400963766
0.6126127150726289
0.6123141446773371
0.6120095638799735
0.6116989096691026
0.6113821211580693
0.6110591396905937
0.6107299089441908
0.610394375032543
0.6100524866056519
0.6097041949486207
0.6093494540771062
0.608988220831418
0.6086204549665332
0.6082461192401463
0.607865179497112
0.6074776047496747
0.6070833672552988
0.606682442589147
0.6062748097137856
0.6058604510430268
0.6054393525025012
0.6050115035846965
0.6045768973996744
0.6041355307200873
0.6036874040216227
0.6032325215174443
0.6027708911879915
0.6023025248042075
0.6018274379463098
0.6013456500155487
0.6008571842413789
0.6003620676818193
0.5998603312190711
0.5993520095477236
0.5988371411586341
0.598315768316384
0.5977879370302377
0.5972536970210978
0.5967131016808317
0.5961662080273832
0.5956130766539881
0.5950537716727011
0.5944883606537242
0.5939169145579248
0.5933395076664928
0.592756217504329
0.5921671247596062
0.5915723131982258
0.5909718695759987
0.5903658835440453
0.589754447553123
0.5891376567528265
0.5885156088883036
0.5878884041942088
0.5872561452850869
0.586618937043986
0.5859768865088313
0.5853301027567716
0.584678696786639
0.5840227814006095
0.5833624710843218
0.5826978818862021
0.5820291312963106
0.5813563381253094
0.5806796223821401
0.5799991051537484
0.5793149084839095
0.5786271552531822
0.5779359690598075
0.5772414741020957
0.5765437950620604
0.575843056990824
0.5751393851949897
0.5744329051271345
0.5737237422762275
0.5730120220619982
0.5722978697312685
0.5715814102574454
0.5708627682427252
0.5701420678228586
0.5694194325763912
0.5686949854351003
0.5679688486002678
0.5672411434603979
0.5665119905135353
0.5657815092927212
0.5650498182949976
0.5643170349151023
0.5635832753811838
0.5628486546961146
0.5621132865799933
0.5613772834195939
0.560640756218909
0.5599038145543753
0.5591665665338643
0.558429118758582
0.5576915762893399
0.5569540426156765
0.5562166196283324
0.5554794075957733
0.554742505143006
0.5540060092338489
0.553270015156553
0.552534616512087
0.5517999052041187
0.551065971435204
0.5503329037004314
0.5496007887877518
0.5488697117787055
0.5481397560519028
0.5474110032874412
0.5466835334759632
0.54595742492568
0.5452327542744575
0.5445095965022667
0.5437880249437685
0.5430681113035958
0.5423499256730545
0.5416335365469053
0.5409190108406242
0.5402064139108365
0.5394958095725342
0.5387872601200949
0.5380808263480389
0.5373765675704377
0.5366745416420623
0.5359748049802107
0.5352774125835318
0.5345824180550334
0.5338898736192268
0.5331998301462362
0.5325123371688194
0.5318274429015242
0.5311451942618687
0.5304656368855244
0.5297888151463165
0.5291147721706086
0.5284435498556566
0.5277751888815019
0.5271097287293853
0.5264472076932589
0.5257876628895286
0.5251311302723618
0.524477644642536
0.5238272396572929
0.5231799478381163
0.5225358005783423
0.5218948281500574
0.5212570597080193
0.5206225232963645
0.5199912458494271
0.5193632531952576
0.5187385700574725
0.5181172200532655
0.5174992256950242
0.5168846083870285
0.5162733884249827
0.5156655849911231
0.5150612161495485
0.5144602988440713
0.5138628488876638
0.5132688809610229
0.5126784086027014
0.512091444202732
0.5115079989926916
0.5109280830386083
0.51035170522982
0.5097788732742833
0.5092095936798067
0.5086438717535625
0.5080817115855154
0.5075231160367736
0.5069680867367921
0.5064166240601441
0.505868727128953
0.505324393793486
0.504783620622943
0.5042464028959439
0.5037127345942242
0.5031826083828882
0.5026560156106972
0.5021329462988755
0.5016133891258022
0.5010973314284013
0.5005847591887083
0.5000756570259575
0.4995700081981918
0.49906779458514383
0.49856899669785826
0.4980735936586685
0.49758156321426167
0.4970928817201329
0.4966075241485558
0.4961254640865376
0.49564667373310983
0.49517112390693013
0.49469878404549344
0.4942296222103623
0.4937636050953926
0.4933006980291081
0.49284086498699925
0.49238406859410533
0.49193027014892315
0.49147942961665353
0.4910315056562719
0.49058645563239994
0.49014423562424075
0.48970480044959275
0.4892681036833154
0.4888340976649759
0.48840273353816166
0.48797396126252557
0.48754772963093124
0.48712398630785186
0.48670267784353727
0.48628374970678895
0.485867146319206
0.48545281106576266
0.4850406863454689
0.4846307135944772
0.484222833315226
0.4838169851230393
0.48341310776396096
0.4830111391694327
0.4826110164687705
0.48221267605657575
0.4818160536084727
0.4814210841346919
0.48102770200873407
0.4806358410125789
0.48024543439058776
0.4798564148707761
0.47946871472470437
0.47908226580193386
0.4786969995793106
0.4783128472032773
0.47792973953260265
0.47754760718443534
0.47716638058910754
0.4767859900203086
0.47640636565340116
0.47602743759642774
0.4756491359632539
0.475271390890692
0.47489413259531676
0.4745172914317377
0.4741407979175776
0.47376458278688943
0.473388577049573
0.4730127120160256
0.47263691934321933
0.4722611310998542
0.47188527978168343
0.47150929838338096
0.4711331204099987
0.47075667994785625
0.4703799116943435
0.4700027509797458
0.4696251338494528
0.4692469970636426
0.4688682781568511
0.46848891546729854
0.4681088481755754
0.4677280163420557
0.46734636093542775
0.46696382388184393
0.46658034807611753
0.466195877426708
0.4658103568894625
0.465423732479936
0.4650359513255189
0.464646961675527
0.4642567129310709
0.4638651556722658
0.46347224168262285
0.4630779239642121
0.4626821567733837
0.4622848956255246
0.46188609732014413
0.4614857199663251
0.46108372298139927
0.4606800671236121
0.4602747144960854
0.45986762856253777
0.45945877415807856
0.4590481174965396
0.45863562619071596
0.4582212692399959
0.45780501705754045
0.45738684146020264
0.4569667156837197
0.4565446143750632
0.45612051360091826
0.4556943908511395
0.45526622502951736
0.4548359964516074
0.4544036868510258
0.4539692793752362
0.45353275856483216
0.45309411036486424
0.4526533221048386
0.45221038250468437
0.4517652816498108
0.45131801099141045
0.45086856333010744
0.4504169328101267
0.4499631148961295
0.44950710636901925
0.4490489053112322
0.44858851107719855
0.44812592429715636
0.447661146844314
0.44719418182949117
0.4467250335717707
0.446253707589224
0.4457802105680136
0.4453045503554046
0.44482673592822397
0.4443467773774521
0.4438646858863094
0.44338047369918154
0.44289415411699234
0.4424057414523117
0.4419152510229792
0.4414226991247481
0.44092810299524254
0.4404314808073049
0.4399328516292214
0.4394322354144952
0.4389296529592533
0.43842512589299576
0.4379186766449453
0.43741032841909294
0.4369001051709768
0.43638803157894784
0.43587413302367123
0.4353584355546978
0.4348409658728968
0.43432175129959055
0.43380081975274337
0.43327819972007764
0.43275392023730047
0.4322280108577662
0.4317005016319092
0.4311714230795496
0.43064080616695855
0.4301086822816776
0.42957508320698895
0.4290400411015136
0.42850358846675324
0.4279657581389742
0.4274265832518243
0.4268860972147767
0.42634433370167224
0.42580132661585174
0.42525711007673445
0.42471171839222555
0.42416518604056375
0.4236175476525363
0.4230688379834114
0.4225190918990829
0.42196834435629016
0.42141663037830696
0.42086398504246564
0.4203104434562047
0.41975604074532796
0.41920081202931686
0.4186447924091457
0.41808801694936515
0.4175305206588884
0.4169723384844672
0.41641350528187576
0.4158540558087204
0.41529402471326327
0.41473344651367594
0.4141723555850473
0.41361078615010827
0.4130487722652034
0.41248634780525467
0.4119235464534895
0.4113604016915013
0.4107969467849631
0.41023321477932
0.40966923847973324
0.4091050504506314
0.4085406829992801
0.40797616817378535
0.40741153774833555
0.4068468232137477
0.40628205578336235
0.4057172663669088
0.40515248557126643
0.404587743701203
0.4040230707426218
0.40345849635992753
0.40289404989222166
0.40232976034713147
0.401765656391435
0.40120176635559085
