0.00022307774445935226
0.00023277965660690208
0.00024288979452337226
0.0002534245357920282
0.00026440044375021
0.0002758351274579898
0.00028774690452038873
0.0003001543540783068
0.0003130770961477617
0.00032653508911805444
0.00034054932863486145
0.00035514140028067466
0.00037033367474379017
0.00038614929747215874
0.00040261200278744746
0.00041974679171309626
0.0004375790599427589
0.00045613529553173383
0.000475442851170526
0.000495529870684745
0.0005164256314973964
0.0005381602189771834
0.0005607646388445627
0.0005842710340142324
0.0006087124451963044
0.000634123131488979
0.0006605381967266368
0.0006879940866570555
0.0007165280943641994
0.0007461788273449802
0.0007769860058127526
0.0008089905513040921
0.0008422345041521145
0.0008767612717779628
0.0009126153689489656
0.0009498426387226728
0.0009884902873901033
0.0010286066807893067
0.001070241711249133
0.001113446365872082
0.0011582732132343994
0.0012047760932910189
0.0012530103526555475
0.001303032584880727
0.001354901011544418
0.0014086751746080139
0.0014644160813271356
0.0015221862587158803
0.001582049694753021
0.00164407183821246
0.0017083197189366342
0.0017748618072824663
0.0018437680606395541
0.0019151100876495862
0.001988960800965413
0.002065394862435626
0.002144488273130072
0.0022263186680573743
0.002310965156087805
0.0023985083365767215
0.0024890303297133384
0.002582614736192905
0.0026793466483916633
0.0027793126300312207
0.002882600671948876
0.0029893002338355575
0.003099502197068159
0.0032132988051474624
0.0033307837178217243
0.003452051920170282
0.003577199724243365
0.003706324770673662
0.003839525930737089
0.003976903356610843
0.004118558395571734
0.004264593555389246
0.004415112491825127
0.004570219958427172
0.004730021799707308
0.004894624852571734
0.005064136948274468
0.005238666867734992
0.005418324294195796
0.005603219765622747
0.005793464637752957
0.005989171031616873
0.006190451803516257
0.006397420491008667
0.006610191261491732
0.006828878883718238
0.007053598663571727
0.0072844664300853535
0.007521598457937529
0.007765111446162802
0.008015122462895909
0.008271748930667714
0.008535108546332298
0.008805319272951691
0.009082499302681766
0.00936676699955536
0.0096582408952123
0.009957039626728656
0.01026328193547441
0.01057708661525878
0.010898572498300207
0.011227858446954555
0.01156506329915651
0.01191030587577602
0.0122637049582167
0.012625379277470549
0.012995447493471946
0.01337402819581592
0.013761239899915916
0.014157201032565785
0.01456202994250402
0.01497584489038802
0.015398764069998546
0.015830905590118478
0.016272387509799428
0.016723327823785772
0.01718384448709825
0.01765405543208849
0.01813407857296882
0.0186240318316906
0.01912403315049265
0.01963420050937518
0.02015465195009623
0.02068550559980887
0.02122687967860647
0.021778892531900195
0.0223416626431467
0.022915308664144464
0.023499949419131833
0.024095703936773658
0.02470269145879015
0.025321031462183514
0.02595084366796317
0.026592248056941718
0.027245364877985425
0.027910314654669578
0.02858721819245315
0.029276196582692853
0.02997737119704047
0.030690863683153196
0.03141679596348581
0.0321552902183032
0.032906468867979856
0.033670454562091764
0.03444737015232022
0.03523733865908999
0.036040483251825586
0.03685692719966114
0.037686793840671716
0.03853020653115003
0.039387288597835725
0.04025816327928112
0.041142953675285796
0.0420417826682807
0.04295477287342703
0.04388204654772877
0.044823725523354264
0.045779931124252965
0.04675078407370364
0.04773640440799268
0.04873691138196161
0.049752423370365645
0.05078305776144349
0.051828930852961044
0.05289015774317902
0.05396685221857693
0.05505912662956985
0.0561670917824415
0.057290856810495366
0.05843052904878823
0.05958621391158271
0.06075801476202099
0.06194603277670859
0.06315036682250207
0.06437111331388379
0.06560836608660339
0.06686221625189838
0.06813275207481496
0.06942005882269425
0.07072421864030673
0.07204531040834829
0.07338340961049969
0.07473858819467644
0.0761109144441627
0.07750045284193231
0.07890726394099086
0.0803314042318363
0.08177292601918118
0.08323187729402472
0.08470830161040449
0.08620223796724287
0.08771372069044012
0.08924277931424832
0.09078943847584604
0.092353717803676
0.09393563181420356
0.09553518981288725
0.09715239579528552
0.09878724835631209
0.10043974060008186
0.10210986005937102
0.10379758861257414
0.10550290241400252
0.10722577181645915
0.10896616131503117
0.11072402948104733
0.11249932890802165
0.1142920061646833
0.1161020017483488
0.11792925004369598
0.11977367929392033
0.1216352115670358
0.12351376273458371
0.12540924245609322
0.12732155416229193
0.12925059505286163
0.1311962560929143
0.1331584220160863
0.13513697133590283
0.13713177636047302
0.13914270321366706
0.14116961185853852
0.1432123561315075
0.14527078377595684
0.1473447364878177
0.14943404995784687
0.15153855392734503
0.15365807224277148
0.15579242292029863
0.1579414182087277
0.1601048646666572
0.16228256323220555
0.1644743093112706
0.16667989285508625
0.16889909845707096
0.17113170544084394
0.17337748796388874
0.17563621511564087
0.17790765102326644
0.18019155496569542
0.182487681481572
0.18479578048997297
0.18711559740861827
0.1894468732789149
0.19178934488975902
0.19414274490925318
0.19650680201631238
0.19888124103393254
0.2012657830686342
0.20366014564903362
0.2060640428655568
0.20847718551821784
0.21089928125846316
0.2133300347381555
0.2157691477582492
0.21821631941818279
0.22067124626946
0.22313362246596402
0.22560313991774697
0.22807948844790674
0.23056235594455843
0.2330514285170221
0.23554639065309657
0.23804692537418812
0.24055271439150053
0.24306343826213173
0.24557877654550975
0.24809840795818544
0.25062201052933647
0.25314926175616986
0.25567983875535766
0.2582134184187745
0.26074967756371853
0.2632882930841081
0.265828942100737
0.2683713021079351
0.27091505112244235
0.2734598678276389
0.27600543171740427
0.27855142323829707
0.2810975239283348
0.2836434165575084
0.2861887852619967
0.2887333156777332
0.29127669507337356
0.29381861248090113
0.29635875881765045
0.29889682701779063
0.3014325121495143
0.30396551153590706
0.30649552487197196
0.30902225433993163
0.31154540471921877
0.31406468349411965
0.31657980096326255
0.3190904703381063
0.32159640784652743
0.32409733282789605
0.3265929678263247
0.32908303868455147
0.3315672746286374
0.33404540835454477
0.3365171761090954
0.3389823177691303
0.3414405769161756
0.3438917009098193
0.3463354409552835
0.34877155217015754
0.3511997936481342
0.35361992851682844
0.3560317239958377
0.3584349514487191
0.36082938643407386
0.3632148087526271
0.3655910024908599
0.36795775606189624
0.3703148622436276
0.37266211821257383
0.3749993255771577
0.37732629040495835
0.3796428232495004
0.38194873917229843
0.3842438577636477
0.38652800315841374
0.3888010040527224
0.3910626937121163
0.39331290998324125
0.39555149529796113
0.3977782966774327
0.39999316573292776
0.40219595866403035
0.4043865362539742
0.40656476386256263
0.40873051141823313
0.41088365340439914
0.41302406884714565
0.41515164129878873
0.41726625881866525
0.4193678139532942
0.4214562037133947
0.42353132954909994
0.4255930973235101
0.427641417283706
0.4296762040305742
0.4316973764856862
0.43370485785836704
0.4356985756089983
0.43767846141158695
0.4396444511152858
0.44159648470307494
0.44353450625029855
0.4454584638805056
0.4473683097218543
0.44926399985954485
0.4511454942892761
0.4530127568685071
0.45486575526712386
0.45670446091612693
0.45852884895590335
0.4603388981844906
0.4621345910025185
0.46391591336011556
0.4656828547005282
0.4674354079051421
0.4691735692361918
0.47089733827923363
0.4726067178860601
0.474301714116079
0.4759823361769726
0.4776485963654384
0.4793005100082662
0.480938095401172
0.48256137374947156
0.4841703691071125
0.4857651083156354
0.4873456209437994
0.48891193922618537
0.4904640980024182
0.4920021346557251
0.49352608905193246
0.49503600347875765
0.49653192258454637
0.49801389331734286
0.4994819648642323
0.500936188591762
0.5023766179842805
0.5038033085847902
0.5052163179356679
0.5066157055186675
0.5080015326959199
0.509373862651904
0.5107327603349642
0.512078292399413
0.5134105271489157
0.5147295344790964
0.5160353858212922
0.5173281540875551
0.5186079136147224
0.519874740110282
0.5211287105984888
0.5223699033668447
0.5235983979132811
0.5248142748945951
0.5260176160745909
0.5272085042735604
0.5283870233186655
0.5295532579938989
0.5307072939923346
0.5318492178678018
0.5329791169881501
0.5340970794885684
0.5352031942264631
0.5362975507362892
0.5373802391858687
0.5384513503329358
0.5395109754828827
0.5405592064471054
0.5415961355020038
0.542621855349235
0.5436364590761097
0.5446400401175006
0.5456326922182658
0.5466145093958348
0.5475855859051504
0.5485460162026703
0.5494958949121905
0.550435316791598
0.5513643766996346
0.5522831695640397
0.5531917903505841
0.5540903340321555
0.554978895559649
0.5558575698328241
0.5567264516721081
0.5575856357921686
0.5584352167737558
0.5592752890395463
0.5601059468281705
0.5609272841702873
0.561739394864592
0.5625423724557885
0.5633363102115833
0.5641213011018219
0.5648974377778386
0.5656648125520869
0.5664235173790877
0.5671736438366571
0.5679152831081484
0.5686485259646344
0.5693734627488402
0.5700901833587371
0.5707987772320693
0.5714993333318724
0.5721919401320911
0.5728766856037303
0.5735536572024292
0.5742229418552838
0.5748846259497119
0.5755387953216329
0.5761855352447693
0.5768249304203984
0.5774570649680393
0.5780820224153289
0.5786998856902001
0.5793107371121653
0.5799146583845165
0.5805117305874952
0.5811020341708077
0.5816856489477935
0.5822626540891308
0.58283312811741
0.5833971489021598
0.583954793654887
0.5845061389247571
0.5850512605951192
0.5855902338792763
0.5861231333177858
0.5866500327753242
0.5871710054383934
0.5876861238130301
0.5881954597229233
0.588699084308209
0.5891970680236183
0.5896894806382105
0.5901763912343909
0.5906578682076546
0.5911339792663943
0.5916047914322574
0.5920703710402386
0.5925307837398842
0.5929860944956664
0.5934363675883764
0.5938816666165091
0.5943220544978338
0.594757593470781
0.5951883450970489
