0.32483468947452093
0.29498169237750954
0.2737263739843515
0.25695272122018686
0.24303644925824758
0.23113402794505306
0.2207402244792032
0.2115243746004607
0.20325647970334693
0.19576926143827328
0.18893682144154686
0.18266179485182468
0.17686719692584318
0.1714910242580833
0.16648255349017702
0.1617997289144421
0.15740727250374115
0.15327528719035108
0.14937820536401936
0.145693984261737
0.1422034813192731
0.13888996293290592
0.13573871362649786
0.13273672181830048
0.12987242474934357
0.12713549961923792
0.12451669118260576
0.12200766838646496
0.11960090433952562
0.11728957517690064
0.11506747434098072
0.11292893952664569
0.11086879009701896
0.10888227320791845
0.10696501721618189
0.10511299121214727
0.10332246972650026
0.10159000182914725
0.09991238397216338
0.09828663603733528
0.09670998013695206
0.095179821788341
0.0936937331416815
0.09224943798918718
0.09084479832399836
0.08947780225052253
0.08814655307584797
0.08684925943515455
0.08558422632358302
0.0843498469234647
0.08314459512963361
0.08196701868715572
0.0808157328656011
0.07968941460216736
0.07858679705280058
0.07750666449605217
0.07644784753901239
0.07540921857823141
0.07438968747126808
0.07338819737633481
0.07240372071852158
0.0714352552412597
0.07048182010092868
0.06954245196070608
0.06861620103702029
0.06770212704770748
0.06679929500530053
0.06590677079130765
0.06502361643738432
0.0641488850264016
0.0632816151098787
0.06242082451659982
0.06156550339954798
0.06071460633186052
0.05986704321519085
0.05902166870095193
0.05817726974146594
0.05733255077560819
0.056486115900583084
0.05563644717047668
0.0547818778683628
0.05392055918088527
0.05305041810330521
0.05216910351967358
0.051273916080710934
0.05036171547514562
0.04942879550525417
0.048470712226080896
0.047482041798409313
0.0464560297683516
0.04538406640694155
0.04425487106014211
0.043053163516626414
0.04175737055756411
0.0403353621604977
0.03873570159412849
0.03686700740762175
0.03453761092162215
0.0311933597451534
