0.2107435334763917
0.1795694832499107
0.1588467125313773
0.14340621540787404
0.13127082943394042
0.12142054029022699
0.11324494991222771
0.10634487843843125
0.10044342879598453
0.09534029659229509
0.09088595659854076
0.08696602273399526
0.08349125172851152
0.08039087924129998
0.07760802404889182
0.07509642866466215
0.07281809304583783
0.07074152220016326
0.06884040604951447
0.0670926100334818
0.06547939316213369
0.0639847952206525
0.06259515154602086
0.06129870523430983
0.060085294601522794
0.05894609936071104
0.057873433038803344
0.05686057211682265
0.05590161456140917
0.0549913620436777
0.054125221384968725
0.05329912168280544
0.05250944432767625
0.0517529636438466
0.05102679634654684
0.05032835834839203
0.0496553276996366
0.04900561271080881
0.048377324416886004
0.04776875272134093
0.047178345697067914
0.04660469151849256
0.04604650271185846
0.04550260231645707
0.04497191175812264
0.044453440135265185
0.04394627480311965
0.04344957296325557
0.04296255422351358
0.04248449402135936
0.04201471761130112
0.041552594790747126
0.04109753511394896
0.040648983572693566
0.040206416562782975
0.03976933837284563
0.039337277923883224
0.03890978563933491
0.03848643053199769
0.03806679777062273
0.03765048590439732
0.037237104455140946
0.036826271849037126
0.0364176129208723
0.03601075626070437
0.03560533247078362
0.03520097212762472
0.0347973016039359
0.034393942561796856
0.033990507464986094
0.0335865982182561
0.03318180110477558
0.0327756846228346
0.032367791448297795
0.0319576399977182
0.031544714138700414
0.031128457014462173
0.030708260314284058
0.030283460097161798
0.02985332636301208
0.02941702824974999
0.02897366891854745
0.02852217321909741
0.028061328929627576
0.02758979054062441
0.027105886716400043
0.026607658865601996
0.026092753081277335
0.025558255063552585
0.025000576564823317
0.024414969549836917
0.023795427299616458
0.02313366617140998
0.022417438482447056
0.02163147006928094
0.020746195390456863
0.01970715458720887
0.018464572167863645
0.016978556106718362
