0.04437216054215647
0.045579112779983874
0.04680987239857194
0.048064565498547714
0.04934330639987777
0.0506461973344528
0.05197332815169889
0.05332477603800421
0.054700605250718036
0.056100866867452914
0.0575255985513845
0.05897482433321049
0.060448554410388336
0.061946784964236334
0.0634694979954312
0.06501666117839919
0.06658822773504261
0.06818413632819981
0.0698043109751836
0.07144866098169311
0.07311708089633812
0.07480945048596506
0.07652563473191548
0.07826548384729713
0.08002883331528696
0.08181550394843717
0.08362530196889564
0.08545801910939947
0.0873134327348479
0.08919130598420731
0.09109138793245036
0.09301341377218118
0.0949571050145498
0.09692216970901428
0.09890830268146206
0.1009151857901622
0.10294248819897689
0.10498986666722641
0.1070569658555618
0.10914341864717368
0.11124884648362657
0.11337285971458902
0.11551505796069976
0.11767503048879333
0.11985235659868244
0.12204660602068737
0.12425733932308361
0.12648410832862955
0.12872645653933054
0.13098391956859007
0.13325602557989444
0.13554229573118506
0.13784224462406452
0.140155380757001
0.14248120698169378
0.14481922096177557
0.14716891563304602
0.14952977966443415
0.15190129791891416
0.1542829519136095
0.1566742202783468
0.15907457921193457
0.1614835029354735
0.1639004641420189
0.16632493444195015
0.16875638480342095
0.1711942859872952
0.17363810897599613
0.17608732539573124
0.17854140793157444
0.18099983073492704
0.18346206982289273
0.18592760346914908
0.18839591258590832
0.1908664810966054
0.19333879629896353
0.1958123492181337
0.19828663494961324
0.2007611529916925
0.2032354075671942
0.20570890793430097
0.20818116868629222
0.2106517100400339
0.21312005811309176
0.2155857451893576
0.21804830997310726
0.22050729783142253
0.22296226102493713
0.22541275892688095
0.2278583582304229
0.23029863314432122
0.2327331655769159
0.23516154530851088
0.23758337015220926
0.23999824610327722
0.24240578747713373
0.24480561703606327
0.24719736610477755
0.24958067467494652
0.2519551914988443
0.25432057417225296
0.256676489206789
0.2590226120918141
0.2613586273461069
0.2636842285594773
0.26599911842451396
0.26830300875865504
0.2705956205167863
0.2728766837945725
0.275145937822726
0.2774031309524352
0.27964802063216126
0.28188037337603267
0.2840999647240533
0.2863065791943576
0.2885000102277346
0.2906800601246573
0.29284653997504584
0.29499926958099754
0.29713807737272213
0.29926280031791236
0.3013732838247905
0.3034693816390655
0.30555095573503704
0.3076178762010845
0.30967002111977715
0.3117072764428439
0.31372953586123653
0.3157367006705222
0.3177286796318455
0.31970538882868715
0.32166675151965896
0.3236126979875654
0.3255431653849635
0.32745809757645195
0.32935744497791863
0.3312411643929749
0.33310921884680134
0.3349615774176328
0.33679821506610075
0.3386191124626614
0.3404242558133208
0.34221363668388016
0.3439872518229149
0.3457451029836997
0.34748719674528905
0.3492135443329644
0.3509241614382513
0.35261906803870835
0.3542982882176923
0.3559618499842893
0.3576097850936114
0.3592421288676496
0.3608589200168646
0.3624602004627068
0.364046015161239
0.36561641192804356
0.367171441264581
0.3687111561861764
0.37023561205178845
0.37174486639572907
0.37323897876148626
0.3747180105377995
0.3761820247971388
0.377631086136725
0.3790652605222298
0.380484615134287
0.3818892182179425
0.3832791389351645
0.384654447220527
0.38601521364018027
0.3873615092542151
0.38869340548251374
0.3900109739741878
0.3913142864806881
0.39260341473266913
0.39387843032068204
0.3951394045797718
0.3963864084780364
0.39761951250920985
0.3988387865893219
0.40004429995747665
0.4012361210807919
0.4024143175635365
0.4035789560604853
0.40473010219452266
0.40586782047850123
0.4069921742413738
0.40810322555859413
0.4092010351867918
0.4102856625027075
0.41135716544637646
0.4124156004685442
0.4134610224822822
0.4144934848187821
0.4155130391872847
0.4165197356391082
0.41751362253572805
0.4184947465208555
0.4194631524964658
0.4204188836027055
0.42136198120162505
0.42229248486466164
0.4232104323638002
0.42411585966633825
0.4250088009331703
0.4258892885205132
0.4267573529849805
0.4276130230919166
0.4284563258269014
0.42928728641032443
0.43010592831493294
0.4309122732862547
0.4317063413657918
0.4324881509168782
0.43325771865310325
0.4340150596691854
0.43476018747419487
0.4354931140270103
0.436213849773904
0.4369224036881457
0.4376187833115091
0.4383029947975754
0.4389750429567234
0.4396349313026918
0.4402826621006094
0.4409182364163774
0.441541654167305
0.4421529141738805
0.4427520142125795
0.44333895106960397
0.44391372059544787
0.4444763177601857
0.44502673670939247
0.44556497082058666
0.4460910127601079
0.44660485454033505
0.4471064875771492
0.44759590274755623
0.44807309044738397
0.4485380406489628
0.44899074295871844
0.4494311866745883
0.449859360843192
0.45027525431668036
0.45067885580919176
0.4510701539528501
0.45144913735323794
0.45181579464428223
0.45217011454249545
0.45251208590051717
0.452841697759896
0.45315893940307084
0.45346380040449663
0.45375627068087143
0.4540363405404274
0.45430400073123733
0.45455924248851154
0.4548020575808403
0.4550324383553582
0.45525037778180033
0.4554558694954195
0.4556489078387491
0.455829487902183
0.4559976055633568
0.45615325752531455
0.45629644135344527
0.4564271555111773
0.4565453993944197
0.45665117336474403
0.456744478781301
0.4568253180314594
0.4568936945601816
0.45694961289811387
0.45699307868840905
0.4570240987122751
0.45704268091325323
0.4570488344202373
0.45704256956922984
0.4570238979238541
0.45699283229462073
0.45694938675696667
0.4568935766680713
0.45682541868246346
0.45674493076643785
0.4566521322112809
0.4565470436453351
0.4564296870449076
0.45630008574404096
0.45615826444316465
0.45600424921664084
0.4558380675192222
0.45565974819144306
0.4554693214639577
0.4552668189608461
0.45505227370190743
0.45482572010395544
0.4545871939811462
0.4543367325443408
0.45407437439953935
0.45380015954539654
0.45351412936984287
0.45321632664582834
0.45290679552621266
0.45258558153782025
0.4522527315746803
0.4519082938904727
0.45155231809019986
0.4511848551211053
0.4508059572628589
0.4504156781170277
0.4500140725958566
0.44960119691037204
0.4491771085578373
0.4487418663085726
0.44829553019215806
0.4478381614830522
0.4473698226856291
0.4468905775186611
0.44640049089927236
0.4458996289263689
0.4453880588635776
0.44486584912170324
0.4443330692407283
0.4437897898713717
0.4432360827562245
0.4426720207104823
0.4420976776022929
0.44151312833273315
0.4409184488154405
0.4403137159559072
0.43969900763046343
0.4390744026649616
0.4384399808131808
0.43779582273496803
0.4371420099741319
0.436478624936108
0.4358057508654114
0.4351234718228901
0.4344318726627982
0.43373103900970533
0.43302105723525713
0.4323020144347976
0.43157399840387867
0.4308370976146635
0.4300914011922402
0.42933699889086596
0.4285739810701459
0.4278024386711736
0.42702246319263565
0.426234146666901
0.42543758163610723
0.42463286112825605
0.42382007863333104
0.422999328079454
0.4221707038090856
0.4213343005552921
0.42049021341808
0.41963853784081984
0.418779369586763
0.4179128047156715
0.4170389395605598
0.4161578707045742
0.41526969495800625
0.41437450933546205
0.4134724110331884
0.4125634974065716
0.4116478659478169
0.4107256142638147
0.40979684005420747
0.4088616410896613
0.4079201151903533
0.40697236020468275
0.4060184739882112
0.40505855438284244
0.404092699196247
0.4031210061815381
0.4021435730172085
0.40116049728732994
0.4001718764620258
0.399177807878217
0.39817838872065536
0.3971737160032385
0.39616388655062007
0.3951489969801161
0.3941291436839114
0.39310442281157043
0.3920749302528588
0.391040761620874
0.3900020122354916
0.3889587771071322
0.3879111509208446
0.3868592280207158
0.3858031023946019
0.38474286765919075
0.3836786170453881
0.38261044338403716
0.38153843909196705
0.3804626961583728
0.37938330613152893
0.3783003601058356
0.37721394870919644
0.3761241620907295
0.3750310899088133
0.3739348213194603
0.3728354449650279
0.37173304896325293
0.37062772089662355
0.3695195478020725
0.36840861616100223
0.3672950118896319
0.3661788203296721
0.36506012623931566
0.36393901378455384
0.3628155665308054
0.36168986743486287
0.36056199883715245
0.3594320424543006
0.35830007937200925
0.3571661900382365
0.3560304542566762
0.35489295118053726
0.35375375930661734
0.3526129564696661
0.3514706198370404
0.35032682590364017
0.3491816504871272
0.3480351687234197
0.346887455062463
0.3457385832642669
0.34458862639520993
0.34343765682460453
0.34228574622152297
0.3411329655518717
0.3399793850757207
0.33882507434487336
0.33767010220068305
0.33651453677209975
0.33535844547395555
0.3342018950054758
0.333044951349014
0.33188767976900824
0.33073014481115104
0.3295724103017724
0.32841453934742787
0.32725659433469056
0.32609863693013996
0.3249407280805452
0.32378292801323727
0.32262529623666747
0.3214678915411453
0.320310771999752
0.3191539949694294
0.3179976170922334
0.3168416942967531
0.31568628179968783
0.314531434107581
0.3133772050187037
0.3122236476250858
0.3110708143146902
0.30991875677372427
0.3087675259890893
0.307617172250956
0.30646774515547137
0.30531929360758536
0.30417186582399813
0.30302550933622185
0.3018802709937535
0.30073619696735693
0.299593332752447
0.29845172317257546
0.2973114123830125
0.2961724438744234
0.2950348604766314
0.29389870436247256
0.292764017051726
0.29163083941513157
0.2904992116784776
0.2893691734267663
0.2882407636084454
0.2871140205397091
0.2859889819088621
0.2848656847807445
0.28374416560121285
0.28262446020167953
0.2815066038037008
0.2803906310236155
0.2792765758772312
0.27816447178455295
0.27705435157455205
0.2759462474899786
0.27484019119220227
0.2737362137660947
0.27263434572493817
0.27153461701536424
0.27043705702232035
0.26934169457406
0.2682485579471538
0.26715767487152314
0.26606907253549034
0.264982777590844
