0.001477043646952505
0.001532632849312824
0.0015901871052002884
0.0016497715663726488
0.001711453425593471
0.001775301976057977
0.0018413886721241847
0.0019097871913940157
0.0019805734978684294
0.002053825906545276
0.0021296251490136027
0.0022080544403766844
0.0022891995471094784
0.002373148856235386
0.0024599934452857342
0.0025498271534132528
0.0026427466533050508
0.002738851524007537
0.002838244324549619
0.002941030668134216
0.003047319297114476
0.003157222158378302
0.0032708544792195418
0.0033883348434891923
0.003509785268049035
0.0036353312792441715
0.0037651019894098716
0.003899230173262605
0.00403785234397187
0.0041811088288313345
0.004329143844375521
0.00448210557089833
0.004640146225927609
0.004803422136808042
0.00497209381209836
0.005146326011541332
0.005326287814583528
0.005512152687115409
0.005704098546321557
0.005902307823539727
0.006106967524651941
0.006318269288210181
0.006536409440702323
0.006761589049067074
0.006994013970069133
0.007233894896363561
0.007481447399125672
0.007736891966930878
0.008000454040715413
0.00827236404461858
0.008552857412521037
0.008842174609946974
0.009140561151368074
0.00944826761234473
0.009765549636730557
0.010092667938309735
0.010429888297037239
0.010777481549420485
0.011135723573028063
0.011504895264795935
0.01188528251315029
0.012277176163527602
0.012680871977325685
0.013096670584037238
0.013524877426449207
0.013965802698690064
0.014419761277086371
0.014887072643682185
0.015368060802214591
0.015863054186568346
0.01637238556150312
0.01689639191564728
0.017435414346616045
0.017989797938227487
0.0185598916297995
0.019146048077352422
0.019748623506884354
0.020367977559496944
0.02100447312856334
0.021658476188777014
0.022330355617222585
0.023020483006481563
0.02372923246977
0.02445698043816615
0.025204105450217038
0.025970987933627433
0.02675800997953272
0.027565555109207492
0.02839400803346106
0.029243754404878003
0.03011518056295657
0.031008673272507885
0.03192461945525042
0.03286340591510781
0.03382541905714036
0.03481104460053666
0.035820667285806115
0.03685467057649081
0.037913436355604485
0.038997344617132924
0.040106773152864955
0.04124209723481954
0.042403689293702466
0.0435919185935496
0.044807150903052505
0.04604974816377268
0.04732006815572939
0.048618464160633645
0.04994528462314759
0.05130087281060056
0.05268556647148789
0.05409969749320889
0.055543591559331265
0.05701756780695955
0.058521938484404755
0.060057008609794925
0.06162307563080277
0.06322042908611755
0.06484935026896951
0.06651011189311838
0.06820297776180982
0.06992820244001652
0.0716860309305011
0.07347669835399614
0.07530042963402675
0.07715743918670687
0.07904793061598166
0.08097209641466942
0.08293011767176423
0.08492216378630181
0.08694839218828687
0.08900894806699243
0.09110396410701435
0.09323356023246247
0.09539784335962248
0.09759690715848429
0.0998308318233983
0.10209968385324507
0.10440351584142851
0.10674236627594287
0.10911625934986834
0.11152520478255136
0.11396919765169963
0.11644821823669083
0.11896223187331607
0.12151118882014825
0.12409502413678182
0.12671365757412556
0.1293669934769232
0.13205492069861874
0.13477731252879643
0.13753402663324993
0.14032490500680947
0.1431497739390311
0.14600844399281798
0.14890070999605892
0.15182635104624762
0.1547851305282179
0.15777679614491613
0.16080107996124587
0.16385769846093184
0.16694635261641325
0.17006672797161745
0.17321849473762585
0.17640130790109004
0.1796148073453067
0.1828586179838064
0.1861323499063504
0.1894355985371373
0.19276794480508147
0.1961289553259497
0.19951818259617823
0.20293516519813587
0.2063794280166137
0.20985048246629306
0.21334782672994812
0.2168709460070763
0.2204193127727468
0.22399238704629593
0.22758961666962427
0.23121043759475637
0.23485427418034477
0.2385205394967869
0.24220863563962253
0.24591795405083838
0.2496478758477496
0.2533977721590786
0.25716700446787444
0.26095492496087447
0.2647608768839575
0.26858419490326924
0.2724242054716562
0.2762802272000262
0.2801515712331733
0.2840375416297729
0.28793743574604763
0.29185054462278043
0.2957761533752164
0.29971354158550445
0.3036619836972447
0.3076207494117489
0.31158910408563345
0.315566309129348
0.31955162240622553
0.3235442986317161
0.32754358977236475
0.33154874544421165
0.3355590133101839
0.33957363947619035
0.34359186888546056
0.34761294571087076
0.35163611374483583
0.3556606167864712
0.3596856990256746
0.36371060542380784
0.36773458209065835
0.3717568766573768
0.375776738645101
0.37979341982895365
0.3838061745971685
0.3878142603050363
0.39181693762343894
0.3958134708817237
0.39980312840465204
0.4037851828432173
0.4077589114991099
0.4117235966426113
0.4156785258237323
0.41962299217640453
0.42355629471555295
0.42747773862687355
0.4313866355491859
0.43528230384919897
0.4391640688885647
0.44303126328310755
0.446883227154107
0.4507193083715427
0.4545388627892226
0.45834125447169394
0.46212585591289995
0.46589204824649455
0.469639221447804
0.47336677452736586
0.4770741157160462
0.48076066264169537
0.4844258424973634
0.4880690922010451
0.49168985854699665
0.4952875983486232
0.4988617785729777
0.5024118764669008
0.50593737967486
0.5094377863485249
0.512912605248151
0.5163613558358431
0.5197835683607605
0.5231787839363617
0.5265465546097651
0.5298864434233351
0.5331980244685773
0.536480882932465
0.5397346151363036
0.5429588285672469
0.5461531419025962
0.5493171850270009
0.5524505990426967
0.5555530362729159
0.5586241602586083
0.5616636457486142
0.5646711786834375
0.567646456172767
0.5705891864668935
0.5734990889221803
0.5763758939607437
0.5792193430244981
0.5820291885237211
0.5848051937803126
0.5875471329658927
0.5902547910349127
0.5929279636529389
0.5955664571202746
0.5981700882910745
0.6007386844881373
0.6032720834135141
0.6057701330551134
0.6082326915894644
0.6106596272807933
0.6130508183765755
0.6154061529997359
0.6177255290376383
0.620008854028034
0.6222560450421231
0.6244670285648813
0.6266417403728052
0.6287801254092291
0.6308821376573626
0.6329477400111907
0.6349769041443853
0.6369696103773737
0.6389258475426937
0.6408456128487825
0.6427289117423297
0.6445757577693277
0.6463861724349471
0.6481601850623671
0.6498978326506816
0.6515991597320052
0.6532642182278928
0.6548930673051948
0.6564857732314504
0.658042409229942
0.6595630553344998
0.6610477982441793
0.6624967311778909
0.6639099537290996
0.6652875717206751
0.6666296970599849
0.667936447594327
0.6692079469667773
0.6704443244725402
0.6716457149158797
0.672812258467704
0.6739441005238874
0.6750413915643831
0.6761042870132109
0.6771329470993748
0.6781275367187743
0.679088225297171
0.680015186654263
0.6809085988689231
0.6817686441456539
0.6825955086823005
0.6833893825390769
0.6841504595089414
0.6848789369893635
0.6855750158555256
0.6862389003349881
0.686870797883857
0.6874709190644813
0.6880394774247163
0.6885766893787696
0.6890827740896637
0.6895579533533348
0.690002451484386
0.690416495203519
0.6908003135266582
0.69115413765578
0.6914782008714682
0.6917727384271977
0.6920379874453656
0.6922741868150706
0.6924815770916504
0.6926604003979865
0.6928109003275706
0.6929333218493454
0.6930279112143121
0.693094915863912
0.6931345843401734
0.6931471661976258
0.6931329119169799
0.693092072820554
0.6930249009894658
0.6929316491825548
0.6928125707570476
0.6926679195909482
0.6924979500071443
0.6923029166992176
0.6920830746589529
0.6918386791055232
0.6915699854163494
0.6912772490596077
0.6909607255283863
0.6906206702764578
0.69025733865567
0.6898709858549249
0.6894618668407373
0.6890302362993503
0.6885763485803986
0.68810045764209
0.6876028169978958
0.6870836796647302
0.6865432981125938
0.6859819242156706
0.6853998092048508
0.6847972036216661
0.6841743572736116
0.6835315191908419
0.6828689375842094
0.6821868598046404
0.6814855323038095
0.6807652005961085
0.6800261092218784
0.6792685017118897
0.6784926205530433
0.6776987071552795
0.6768870018196681
0.6760577437076616
0.6752111708114871
0.6743475199256626
0.6734670266196089
0.6725699252113432
0.6716564487422299
0.670726828952769
0.6697812962594027
0.6688200797323175
0.6678434070742243
0.6668515046000945
0.6658445972178355
0.6648229084098779
0.6637866602156669
0.6627360732150255
0.6616713665123821
0.6605927577218347
0.6595004629530354
0.6583946967978802
0.6572756723179815
0.6561436010329038
0.6549986929091511
0.653841156349881
0.6526711981853313
0.6514890236639437
0.6502948364441619
0.649088838586892
0.6478712305486082
0.6466422111750827
0.6454019776957305
0.6441507257185478
0.6428886492256288
0.6416159405692501
0.6403327904685008
0.6390393880064474
0.6377359206278184
0.6364225741371934
0.6350995326976814
0.6337669788300765
0.6324250934124744
0.6310740556803424
0.6297140432270171
0.6283452320046309
0.6269677963254484
0.6255819088635934
0.624187740657169
0.6227854611107433
0.6213752379981996
0.6199572374659351
0.6185316240363965
0.6170985606119412
0.6156582084790159
0.614210727312638
0.6127562751811731
0.6112950085513938
0.6098270822938135
0.6083526496882854
0.606871862429853
0.6053848706348475
0.603891822847218
0.6023928660450929
0.6008881456475531
0.5993778055216189
0.5978619879894341
0.5963408338356446
0.5948144823149608
0.5932830711598941
0.5917467365886664
0.590205613313276
0.5886598345477213
0.5871095320163693
0.5855548359624644
0.5839958751567687
0.5824327769063322
0.5808656670633796
0.5792946700343118
0.5777199087888161
0.5761415048690756
0.5745595783990778
0.5729742480940089
0.5713856312697376
0.5697938438523739
0.5681990003879045
0.566601214051897
0.5650005966592664
0.5633972586741032
0.5617913092195551
0.5601828560877579
0.5585720057498131
0.5569588633658085
0.5553435327948714
0.5537261166052614
0.5521067160844862
0.5504854312494483
0.5488623608566099
0.547237602412179
0.5456112521823072
0.5439834052033019
0.5423541552918464
0.5407235950552232
0.5390918159015416
0.5374589080499633
0.5358249605409251
0.5341900612463553
0.5325542968798789
