0.04750999390378586
0.04883564048452132
0.05018913148855597
0.051570704464248725
0.052980586810118094
0.05441899541120617
0.055886136283619554
0.05738220422809627
0.05890738249314338
0.06046184244867172
0.062045743270595456
0.0636592316372408
0.06530244143805754
0.06697549349537418
0.06867849529968889
0.07041154075912703
0.07217470996353152
0.07396806896377359
0.07579166956662219
0.07764554914575318
0.07952973046916771
0.08144422154345388
0.08338901547515834
0.08536409034962629
0.0873694091274544
0.08940491955886191
0.09147055411605426
0.09356622994377468
0.09569184882809587
0.09784729718350127
0.1000324460582272
0.10224715115794822
0.10449125288758379
0.1067645764111992
0.10906693172987894
0.11139811377732872
0.11375790253301592
0.11614606315259783
0.11856234611538387
0.12100648738844738
0.12347820860709388
0.12597721727134487
0.1285032069579092
0.1310558575474004
0.13363483546615673
0.1362397939423615
0.13887037327585047
0.14152620112115716
0.14420689278324353
0.14691205152538137
0.14964126888862073
0.15239412502227484
0.15517018902485344
0.15796901929480583
0.16079016389056572
0.16363316089918545
0.16649753881305313
0.1693828169139956
0.17228850566422893
0.17521410710348423
0.17815911525174105
0.18112301651693485
0.18410529010704782
0.18710540844597326
0.1901228375925902
0.19315703766239842
0.1962074632512234
0.19927356386034284
0.20235478432254594
0.2054505652285025
0.20856034335300536
0.2116835520804389
0.2148196218290884
0.2179679804737064
0.22112805376588474
0.22429926575176415
0.2274810391866227
0.23067279594589335
0.2338739574322296
0.23708394497813218
0.24030218024382113
0.2435280856099487
0.24676108456475493
0.250000602085392
0.2532460650130333
0.25649690242144935
0.2597525459788144
0.2630124303023715
0.26627599330577373
0.26954267653880304
0.27281192551921596
0.2760831900565646
0.2793559245676863
0.282629588383772
0.2859036460487547
0.2891775676088978
0.29245082889342267
0.29572291178602705
0.2989933044871948
0.3022615017671478
0.30552700520939274
0.30878932344470567
0.3120479723755762
0.31530247539093353
0.3185523635712039
0.3217971758835837
0.32503645936754794
0.3282697693105429
0.3314966694138562
0.3347167319486789
0.3379295379023407
0.34113467711477086
0.34433174840515823
0.3475203596889035
0.3507001280848511
0.35387068001290084
0.3570316512819932
0.36018268716861046
0.36332344248579507
0.3664535816427912
0.36957277869541716
0.3726807173872026
0.37577709118145697
0.3788616032843065
0.3819339666588508
0.3849939040305459
0.38804114788390864
0.39107544045070713
0.3940965336897305
0.39710418925828006
0.4000981784755495
0.403078282277994
0.40604429116685775
0.40899600514802
0.41193323366428886
0.41485579552033497
0.41776351880039053
0.4206562407789072
0.42353380782434763
0.4263960752962418
0.429242907435736
0.43207417724978037
0.4348897663891475
0.437689565020457
0.44047347169241496
0.443241393196431
0.44599324442181554
0.44872894820576464
0.4514484351783022
0.45415164360239546
0.4568385192094335
0.4595090150302914
0.4621630912221366
0.4648007148912394
0.46742185991194496
0.47002650674204677
0.4726146422347419
0.4751862594473981
0.47774135744733526
0.4802799411148256
0.48280202094352564
0.48530761283856383
0.4877967379124688
0.4902694222791799
0.49272569684632517
0.4951655971060046
0.49758916292426003
0.4999964383294693
0.5023874712998662
0.504762313550382
0.5071210203190498
0.5094636501531433
0.5117902646952943
0.5141009284697621
0.5163957086690827
0.5186746749412987
0.5209378991779627
0.5231854553031221
0.5254174190634917
0.5276338678199937
0.5298348803408806
0.5320205365966191
0.5341909175567351
0.5363461049888052
0.5384861812597799
0.5406112291398193
0.5427213316088381
0.5448165716659055
0.5468970321417107
0.5489627955142364
0.5510139437278215
0.5530505580157744
0.5550727187266951
0.5570805051546621
0.5590739953734343
0.5610532660748184
0.5630183924113467
0.5649694478433862
0.5669065039908412
0.5688296304895505
0.5707388948525186
0.5726343623360846
0.574516095811164
0.5763841556396344
0.5782385995560062
0.5800794825544379
0.5819068567812068
0.5837207714327002
0.5855212726590285
0.5873084034732903
0.5890822036665934
0.5908427097288558
0.5925899547754528
0.5943239684797432
0.5960447770115156
0.5977524029813746
0.5994468653910884
0.6011281795899241
0.6027963572369445
0.6044514062693047
0.6060933308764991
0.607722131480568
0.6093378047222312
0.6109403434529116
0.6125297367326086
0.6141059698335853
0.6156690242497994
0.6172188777120231
0.6187555042085837
0.6202788740116424
0.6217889537089336
0.6232857062408657
0.6247690909428957
0.6262390635930639
0.6276955764645833
0.629138578383365
0.6305680147903524
0.6319838278085419
0.6333859563145509
0.6347743360145902
0.6361488995247007
0.6375095764550975
0.6388562934984728
0.6401889745220924
0.6415075406635202
0.6428119104298152
0.6441019998000086
0.6453777223307128
0.6466389892646561
0.6478857096419921
0.6491177904141755
0.6503351365602427
0.6515376512052938
0.6527252357410008
0.6538977899479488
0.6550552121196241
0.6561973991878609
0.6573242468495565
0.6584356496944698
0.6595315013339129
0.6606116945301551
0.6616761213263486
0.6627246731767952
0.6637572410773815
0.6647737156959874
0.6657739875027089
0.6667579468997132
0.6677254843505597
0.6686764905088179
0.6696108563458244
0.670528473277416
0.6714292332894862
0.6723130290622162
0.673179754092831
0.6740293028167467
0.6748615707269606
0.6756764544915717
0.6764738520692838
0.6772536628227914
0.6780157876299154
0.678760128992396
0.679486591142221
0.6801950801454063
0.6808855040031296
0.6815577727501252
0.6822117985502703
0.6828474957892778
0.6834647811644301
0.6840635737712899
0.6846437951873279
0.6852053695524206
0.6857482236461638
0.6862722869619667
0.6867774917778906
0.6872637732241997
0.6877310693476004
0.688179321172155
0.688608472756844
0.6890184712497855
0.6894092669390871
0.6897808133003525
0.6901330670408319
0.6904659881402342
0.690779539888215
0.6910736889185614
0.6913484052400879
0.691603662264284
0.6918394368297328
0.6920557092233413
0.6922524631984198
0.6924296859896507
0.6925873683249913
0.6927255044345608
0.6928440920565564
0.6929431324402595
0.6930226303461813
0.693082594043408
0.6931230353042055
0.6931439693959467
0.693145415070424
0.6931273945506139
0.6930899335149587
0.693033061079237
0.6929568097760903
0.6928612155322778
0.6927463176437293
0.6926121587484722
0.6924587847975008
0.6922862450236678
0.6920945919086646
0.6918838811481725
0.6916541716152516
0.691405525322049
0.6911380073798954
0.6908516859578643
0.6905466322398739
0.6902229203803945
0.6898806274588454
0.6895198334327454
0.6891406210896922
0.6887430759982414
0.6883272864577527
0.6878933434472765
0.687441340573545
0.6869713740181378
0.6864835424838851
0.6859779471405766
0.6854546915700379
0.6849138817106364
0.6843556258012772
0.6837800343249537
0.6831872199519043
0.6825772974824362
0.6819503837894724
0.6813065977608737
0.6806460602415907
0.6799688939756948
0.6792752235483409
0.6785651753277069
0.6778388774069576
0.6770964595462818
0.67633805311504
0.6755637910340702
0.6747738077181906
0.6739682390189375
0.6731472221675766
0.6723108957184276
0.6714593994925281
0.6705928745216811
0.6697114629929077
0.6688153081933437
0.6679045544556033
0.666979347103639
0.666039832399127
0.6650861574883982
0.6641184703499398
0.6631369197424932
0.6621416551537649
0.6611328267497681
0.6601105853248247
0.6590750822522258
0.6580264694355881
0.6569648992609055
0.6558905245493138
0.654803498510586
0.6537039746973623
0.6525921069601321
0.6514680494029712
0.6503319563400488
0.6491839822529049
0.6480242817485147
0.6468530095181332
0.6456703202969364
0.6444763688244552
0.6432713098058105
0.6420552978737464
0.6408284875514709
0.639591033216298
0.6383430890640917
0.6370848090745187
0.6358163469771017
0.634537856218074
0.6332494899280312
0.6319514008903838
0.6306437415105968
0.6293266637862229
0.6280003192777177
0.6266648590800354
0.6253204337949994
0.6239671935044406
0.6226052877441002
0.621234865478287
0.6198560750752848
0.618469064283503
0.6170739802083604
0.615670969289898
0.6142601772811092
0.6128417492269828
0.6114158294442457
0.6099825615018009
0.6085420882018513
0.6070945515616957
0.6056400927961931
0.6041788523008852
0.6027109696357622
0.6012365835096696
0.59975583176534
0.5982688513650438
0.596775778376849
0.5952767479614747
0.5937718943597359
0.5922613508805614
0.5907452498895839
0.5892237227982811
0.5876969000536666
0.5861649111285161
0.5846278845121188
0.583085947701543
0.5815392271934109
0.5799878484761625
0.5784319360228083
0.5768716132841548
0.5753070026824946
0.573738225605749
0.5721654024020589
0.5705886523748032
0.5690080937780482
0.5674238438124063
0.5658360186213015
0.5642447332876308
0.5626501018308083
0.5610522372041855
0.5594512512928425
0.5578472549117295
0.556240357804161
0.5546306686406469
0.5530182950180554
0.5514033434590947
0.5497859194121079
0.5481661272511724
0.5465440702764928
0.5449198507150821
0.5432935697217205
0.5416653273801844
0.5400352227047386
0.5384033536418813
0.5367698170723377
0.5351347088132914
0.5334981236208457
0.5318601551927129
0.5302208961711163
0.5285804381459032
0.526938871657862
0.5252962862022316
0.5236527702324044
0.5220084111638053
0.5203632953779528
0.5187175082266849
0.5170711340365515
0.5154242561133591
0.5137769567468717
0.5121293172156532
0.5104814177920513
0.5088333377473109
0.5071851553568226
0.5055369479054862
0.5038887916931978
0.5022407620404441
0.5005929332940079
0.4989453788327733
0.49729817107362934
0.49565138147746557
0.4940050805552568
0.49235933787422986
0.49071422206411097
0.48906980082344714
0.4874261409259981
0.48578330822719573
0.4841413676706656
0.4825003832948076
0.4808604182394304
