0.4200032816696727
0.38468126867385904
0.3575524495572894
0.33500053748164216
0.31548735446929044
0.2981972380875479
0.282633124428907
0.26846336570359614
0.2554523519336817
0.24342488085799763
0.23224608667957192
0.2218093078406715
0.21202833693934348
0.20283224541972206
0.19416179983835574
0.18596690409317757
0.1782047267018427
0.17083829939130474
0.16383544839924344
0.1571679659538917
0.1508109585627975
0.14474232773163587
0.13894235141134934
0.133393343123724
0.12807937173803066
0.12298602913882135
0.11810023609801405
0.11341007890968564
0.10890467100875481
0.10457403504105789
0.10040900179716236
0.09640112314598458
0.09254259666395548
0.08882620009218828
0.08524523409771727
0.08179347208728262
0.07846511603972678
0.07525475749801555
0.07215734300347093
0.06916814337005794
0.0662827262909366
0.06349693184716018
0.060806850552664514
0.058208803623107215
0.05569932520073735
0.05327514630488048
0.050933180309149374
0.04867050977313047
0.046484374478921286
0.04437216054215651
0.04233139048363802
0.040359714161810625
0.038454900478488936
0.03661482978073668
0.034837486890896864
0.03312095470466867
0.03146340830401493
0.029863109537702597
0.028318402027558844
0.026827706563172453
0.025389516851877306
0.02400239559448983
0.02266497086051957
0.021375932739471977
0.020134030247478285
0.018938068470854538
0.017786905930364874
0.01667945215196259
0.015614665431657496
0.014591550783939025
0.013609158064899983
0.01266658026290672
0.011762951951373127
0.010897447899977023
0.010069281842557815
0.009277705402018157
0.008522007174918632
0.007801511981197993
0.0071155802877382966
0.006463607818511974
0.005845025369089713
0.005259298849733114
0.00470592958972564
0.004184454946815945
0.0036944492809062295
0.0032355253722801303
0.0028073363946560384
0.0024095785968864473
0.0020419949119397703
0.0017043798112265504
0.0013965858800069784
0.0011185328497258522
0.0008702202726739673
0.0006517458466678099
0.0004633330114069848
0.0003053749071210993
0.00017851021233546865
0.00008377080742063192
0.000022936004460893696
