0.11790874097784992
0.12122656145824857
0.12461609277604112
0.12807808033665502
0.13161325041844807
0.135222309332708
0.13890594259362454
0.14266481409942194
0.14649956532580122
0.15041081453282362
0.15439915598635245
0.15846515919511983
0.16260936816447444
0.16683230066783059
0.17113444753680213
0.1755162719709847
0.17997820886829924
0.1845206641767953
0.18914401426876648
0.19384860533799805
0.19863475282094012
0.20350274084255443
0.20845282168756396
0.21348521529778797
0.21860010879621675
0.22379765603845708
0.22907797719213474
0.23444115834481086
0.23988725114095763
0.24541627244847394
0.2510282040552314
0.2567229923960768
0.2625005483107129
0.2683607468328447
0.27430342701093885
0.2803283917609372
0.2864354077512109
0.2926242053200435
0.2988944784258754
0.30524588463052765
0.3116780451155956
0.3181905447321638
0.32478293208396836
0.3314547196441014
0.3382053839053169
0.3450343655639687
0.35194106973756867
0.358924866215925
0.36598508974578126
0.3731210403488314
0.3803319836729574
0.38761715137648634
0.39497574154522597
0.40240691914199156
0.40990981648828506
0.41748353377777137
0.4251271396210874
0.4328396716215584
0.4406201369812531
0.44846751313684374
0.45638074842461585
0.4643587627739812
0.4724004484287513
0.4805046706954
0.488670268717493
0.49689605627540895
0.5051808226104108
0.5135233332721094
0.5219223309882818
0.5303765365559819
0.5388846497528151
0.5474453502672373
0.5560572986466517
0.5647191372620775
0.5734294912881006
0.582186969696805
0.5909901662643231
0.5998376605886354
0.6087280191172106
0.6176597961830697
0.6266315350478143
0.6356417689501559
0.6446890221584769
0.6537718110259279
0.6628886450465481
0.6720380279109618
0.68121845856008
0.6904284322353839
0.6996664415242512
0.708930977398879
0.7182205302473375
0.727533590895303
0.7368686516170753
0.7462242071344423
0.7555987556020757
0.7649907995780911
0.7743988469784722
0.7838214120141256
0.7932570161093029
0.8027041888002495
0.8121614686129155
0.821627403918676
0.8311005537669761
0.8405794886939747
0.8500627915062012
0.8595490580383888
0.8690368978846403
0.8785249351021716
0.8880118088869394
0.897496174220484
0.9069767024874342
0.916452082063121
0.9259210188708641
0.9353822369085125
0.9448344787439084
0.9542765059789846
0.9637070996823047
0.9731250607898426
0.9825292104739527
0.9919183904804674
1.0012914634339247
1.0106473131110496
1.0199848446825666
1.0293029849235789
1.0386006823927167
1.0478769075803744
1.0571306530263738
1.0663609334074293
1.0755667855948787
1.084747268683164
1.0939014639895641
1.1030284750257906
1.1121274274420312
1.1211974689441093
1.1302377691844385
1.1392475196274887
1.1482259333905431
1.1571722450605049
1.1660857104875793
1.1749656065566825
1.1838112309374245
1.1926219018135646
1.2013969575928525
1.2101357565981745
1.2188376767409501
1.2275021151777417
1.2361284879510483
1.2447162296152616
1.2532647928487706
1.2617736480532258
1.2702422829409605
1.2786702021115395
1.2870569266185194
1.2954019935273278
1.3037049554653426
1.3119653801651214
1.3201828500017971
1.3283569615256139
1.336487324990565
1.3445735638801213
1.3526153144309832
1.3606122251557777
1.3685639563656595
1.3764701796936736
1.3843305776197894
1.3921448429984618
1.3999126785895548
1.407633796593459
1.415307918191175
1.4229347730901645
1.4305140990766678
1.4380456415752587
1.4455291532162537
1.452964393411707
1.4603511279405608
1.4676891285435776
1.474978172528611
1.4822180423867493
1.4894085254198162
1.496549413379729
1.5036405021201031
1.5106815912605436
1.5176724838639402
1.5246129861271447
1.5315029070852786
1.5383420583299683
1.5451302537416902
1.5518673092364597
1.5585530425269734
1.565187272898359
1.5717698209985995
1.5783005086436888
1.5847791586375206
1.5912055946065373
1.5975796408490353
1.603901122199101
1.6101698639050233
1.6163856915220816
1.6225484308195102
1.628657907701467
1.634713948141759
1.6407163781321021
1.6466650236436042
1.6525597106012277
1.6584002648708343
1.6641865122585449
1.669918278522005
1.6755953893931912
1.6812176706123436
1.6867849479726358
1.6922970473751282
1.6977537948935635
1.7031550168485667
1.7085005398907556
1.7137901910923046
1.7190237980464786
1.7242011889746418
1.7293221928402218
1.7343866394692011
1.7393943596765302
1.7443451853980676
1.7492389498274674
1.7540754875575408
1.7588546347256058
1.7635762291623183
1.768240110543486
1.7728461205444106
1.7773941029962605
1.7818839040440206
1.7863153723055498
1.7906883590313236
1.795002718264398
1.7992583070001933
1.8034549853456863
1.8075926166775975
1.811671067799211
1.8156902090954592
1.8196499146859013
1.8235500625752814
1.8273905348013428
1.8311712175795776
1.834892001444655
1.8385527813882347
1.8421534569929314
1.8456939325621855
1.8491741172458207
1.8525939251611157
1.855953275509167
1.8592520926864244
1.8624903063912104
1.8656678517251328
1.868784669289242
1.871840705274867
1.8748359115490363
1.8777702457344152
1.8806436712837267
1.883456157548607
1.8862076798428902
1.888898219500304
1.891527763926596
1.8940963066461256
1.8966038473429039
1.8990503918962145
1.9014359524107782
1.9037605472416053
1.9060242010135802
1.9082269446358628
1.910368815311227
1.9124498565404193
1.9144701181216586
1.9164296561454215
1.9183285329845776
1.9201668172800948
1.9219445839223641
1.9236619140283429
1.9253188949146698
1.9269156200668227
1.9284521891045934
1.9299287077439113
1.9313452877552624
1.9327020469188079
1.9339991089764037
1.9352366035806217
1.9364146662409873
1.9375334382675722
1.9385930667120719
1.9395937043065636
1.9405355094000714
1.9414186458931004
1.9422432831702805
1.9430095960312732
1.9437177646200765
1.9443679743528701
1.9449604158445435
1.9454952848340172
1.945972782108511
1.9463931134268557
1.946756489442008
1.9470631256228177
1.947313242175227
1.9475070639629675
1.9476448204278551
1.9477267455098017
1.9477530775666074
1.9477240592936473
1.9476399376435038
1.94750096374566
1.9473073928262827
1.9470594841281912
1.946757500831085
1.9464017099720423
1.9459923823663967
1.9455297925290091
1.9450142185959924
1.9444459422469274
1.9438252486276033
1.943152426273326
1.942427767032823
1.941651565992754
1.940824121402882
1.9399457346018836
1.9390167099438615
1.9380373547255316
1.9370079791141157
1.935928896075954
1.9348004213058205
1.9336228731569696
1.9323965725718943
1.9311218430138049
1.9297990103988334
1.9284284030289394
1.927010351525519
1.925545188763727
1.9240332498074701
1.9224748718450946
1.9208703941257261
1.9192201578962782
1.9175245063390949
1.9157837845102301
1.9139983392783289
1.9121685192641233
1.9102946747805127
1.9083771577731983
1.9064163217618937
1.9044125217820662
1.9023661143271977
1.9002774572915715
1.898146909913538
1.8959748327192674
1.8937615874669749
1.891507537091584
1.8892130456498437
1.8868784782658672
1.8845042010770738
1.8820905811805517
1.879637986579795
1.8771467861318332
1.87461734949472
1.8720500470753927
1.8694452499778766
1.866803329951843
1.8641246593414948
1.8614096110347882
1.8586585584129853
1.8558718753005197
1.853049935915178
1.8501931148186057
1.8473017868671109
1.8443763271627842
1.8414171110049247
1.8384245138417703
1.8353989112225348
1.8323406787497591
1.829250192031962
1.826127826636603
1.8229739580433697
1.81978896159776
1.8165732124650051
1.813327085584305
1.8100509556233937
1.806745196933433
1.803410183504262
1.8000462889199642
1.7966538863148114
1.7932333483295444
1.789785047068028
1.7863093540542756
1.7828066401898437
1.7792772757116282
1.775721630150027
1.7721400722875391
1.7685329701177326
1.764900690804668
1.7612436006427135
1.7575620650168151
1.7538564483632006
1.7501271141305335
1.7463744247415207
1.7425987415549944
1.7388004248284592
1.7349798336811313
1.7311373260574574
1.7272732586911368
1.723387987069651
1.7194818653992976
1.715555246570757
1.711608482125174
1.7076419222207821
1.7036559156000655
1.6996508095574698
1.695626949907662
1.69158468095436
1.6875243454597157
1.683446284614278
1.6793508380075264
1.6752383435989895
1.6711091376899447
1.6669635548957111
1.6628019281185356
1.6586245885210695
1.6544318655004628
1.650224086663039
1.6460015777996002
1.6417646628613138
1.6375136639362415
1.6332489012264542
1.628970693025774
1.6246793556981252
1.6203752036565107
1.6160585493425907
1.6117297032068911
1.6073889736896148
1.603036667202081
1.598673088108773
1.5942985387099995
1.5899133192251642
1.5855177277766637
1.5811120603743665
1.5766966109007219
1.5722716710964608
1.5678375305469028
1.5633944766688515
1.5589427946981003
1.5544827676775126
1.5500146764457037
1.5455387996262915
1.5410554136177377
1.5365647925837567
1.5320672084442937
1.5275629308670737
1.5230522272597025
1.518535362762321
1.5140126002408194
1.5094842002805788
1.5049504211807607
1.5004115189491203
1.495867747297353
1.491319357636946
1.4867665990755585
1.4822097184138907
1.4776489601430618
1.4730845664424779
1.4685167771781817
1.463945829901676
1.4593719598492334
1.4547953999416505
1.4502163807844686
1.4456351306686406
1.4410518755716395
1.4364668391589965
1.431880242786269
1.427292305501429
1.4227032440476544
1.418113272866529
1.413522604101641
1.4089314476025532
1.4043400109291748
1.3997484993564866
1.395157115879643
1.3905660612194182
1.3859755338280126
1.3813857298951902
1.3767968433547557
1.3722090658913517
1.3676225869475775
1.363037593731413
1.3584542712239487
1.3538728021874036
1.34929336717344
1.3447161445317457
1.3401413104188984
1.3355690388074848
1.3309995014954805
1.326432868115881
1.3218693061465734
1.3173089809204381
1.312752055635685
1.3081986913664039
1.303649047073332
1.2991032796148294
1.2945615437580469
