0.060357975178229537
0.062067558071411025
0.06381464747000021
0.06559966219091827
0.06742301244488366
0.06928509941993692
0.07118631486889132
0.07312704070123865
0.07510764858001959
0.07712849952415884
0.07918994351675915
0.08129231911982152
0.08343595309585657
0.08562116003683307
0.08784824200089429
0.09011748815726303
0.0924291744397342
0.0947835632091475
0.09718090292521375
0.09962142782805448
0.10210535762980458
0.1046328972166086
0.10720423636133719
0.10981954944732959
0.11247899520345954
0.11518271645081565
0.11793083986127012
0.12072347572819973
0.12356071774962514
0.12644264282400605
0.12936931085894343
0.1323407645930122
0.13535702943095418
0.13841811329244988
0.14152400647467506
0.14467468152885238
0.14787009315098662
0.15111017808698335
0.1543948550523263
0.1577240246664916
0.16109756940226916
0.16451535355014832
0.16797722319792052
0.17148300622564078
0.17503251231608052
0.17862553298079356
0.18226184160190415
0.18594119348971538
0.18966332595622262
0.1934279584045983
0.19723479243470501
0.20108351196467222
0.20497378336855612
0.20890525563008291
0.2128775605124522
0.21689031274417012
0.22094311022082877
0.2250355342227711
0.22916714964850465
0.23333750526375074
0.23754613396594718
0.2417925530640333
0.2460762645732888
0.2503967555249872
0.25475349829059196
0.25914595092019765
0.26357355749487643
0.268035748492583
0.2725319411672218
0.27706153994046645
0.28162393680587927
0.28621851174487134
0.2908446331539879
0.2955016582830039
0.3001889336832696
0.30490579566573905
0.3096515707680707
0.31442557623018125
0.31922712047760615
0.3240555036120075
0.3289100179081403
0.33378994831657666
0.3386945729714827
0.3436231637027114
0.348574986551464
0.3535493022888021
0.3585453669362065
0.36356243228746565
0.36859974643109245
0.3736565542725182
0.3787320980552919
0.3838256178805107
0.38893635222373424
0.3940635384485981
0.399206413316409
0.4043642134909612
0.40953617603784476
0.414721538917549
0.4199195414716345
0.42512942490131506
0.4303504327377622
0.43558181130351126
0.4408228101643104
0.446072682570848
0.4513306858897483
0.4565960820233027
0.461868137817397
0.46714612545713563
0.47242932284970013
0.47771701399397737
0.4830084893365659
0.48830304611375364
0.49359998867913024
0.49889862881649943
0.5041982860378026
0.5094982878657888
0.5147979701012146
0.5200966770743525
0.5253937618806663
0.5306885866005115
0.5359805225027384
0.5412689502321639
0.546553259980831
0.5518328516430786
0.5571071349544143
0.5623755296142599
0.5676374653926398
0.5728923822209103
0.5781397302666779
0.5833789699930652
0.5886095722024982
0.5938310180652464
0.5990427991329401
0.6042444173373348
0.6094353849746018
0.6146152246754454
0.619783469361394
0.6249396621875889
0.6300833564724504
0.6352141156146063
0.6403315129974789
0.6454351318819493
0.6505245652875393
0.6555994158625473
0.6606592957436057
0.665703826405129
0.6707326384991376
0.6757453716859478
0.6807416744562289
0.6857212039449434
0.6906836257376825
0.695628613669905
0.700555849619646
0.7054650232941712
0.7103558320111583
0.7152279804749091
0.7200811805481446
0.7249151510199108
0.7297296173701232
0.7345243115312964
0.7392989716479769
0.7440533418343942
0.7487871719308732
0.7535002172594958
0.7581922383795305
0.7628630008431253
0.7675122749517519
0.7721398355138841
0.7767454616043726
0.7813289363259909
0.7858900465735728
0.7904285828012125
0.7949443387929018
0.7994371114370614
0.8039067005053225
0.8083529084359512
0.8127755401222809
0.8171744027064926
0.8215493053790675
0.8259000591842459
0.8302264768317564
0.8345283725151256
0.8388055617367929
0.8430578611403037
0.8472850883497761
0.8514870618168655
0.8556636006753864
0.8598145246037826
0.863939653695565
0.868038808337864
0.8721118090981874
0.8761584766194805
0.8801786315235413
0.8841720943228646
0.8881386853409148
0.8920782246408648
0.8959905319627672
0.8998754266691593
0.9037327276990348
0.9075622535301378
0.911363822149488
0.9151372510320581
0.9188823571274691
0.9225989568546157
0.9262868661040294
0.9299459002478738
0.9335758741573732
0.9371766022275039
0.9407478984087422
0.9442895762456839
0.9478014489222988
0.9512833293135956
0.9547350300434758
0.9581563635485069
0.9615471421473776
0.9649071781157725
0.9682362837663963
0.9715342715338553
0.9748009540641699
0.9780361443085602
0.981239655621295
0.9844113018612608
0.9875508974969801
0.9906582577147929
0.9937331985299045
0.9967755368999934
0.9997850908411154
1.0027616795455911
1.0057051235016046
1.0086152446142143
1.0114918663275179
1.014334813747669
1.017143913766494
1.0199189951854344
1.0226598888395528
1.0253664277213483
1.0280384471041444
1.0306757846647872
1.0332782806054417
1.0358457777742531
1.0383781217846466
1.0408751611330747
1.0433367473149953
1.0457627349389056
1.0481529818382314
1.0505073491809118
1.0528257015765186
1.055107907180739
1.057353837797103
1.0595633689757942
1.0617363801094426
1.0638727545257636
1.0659723795769542
1.0680351467257432
1.0700609516280029
1.0720496942118594
1.0740012787532174
1.075915613947653
1.0777926129786146
1.0796321935818964
1.0814342781063595
1.0831987935708405
1.0849256717172928
1.0866148490600804
1.0882662669314767
1.0898798715233555
1.091455613925072
1.0929934501575806
1.0944933412037943
1.0959552530352195
1.0973791566349258
1.0987650280168464
1.1001128482415203
1.1014226034282628
1.1026942847638659
1.103927888507894
1.1051234159945782
1.1062808736314749
1.1074002728948613
1.1084816303220164
1.1095249675004193
1.1105303110539804
1.1114976926263413
1.1124271488613728
1.1133187213809341
1.1141724567599693
1.1149884064990496
1.1157666269944357
1.1165071795057528
1.117210130121363
1.1178755497215307
1.1185035139394601
1.1190941031202994
1.1196474022782053
1.120163501051533
1.1206424936562671
1.121084478837751
1.1214895598208297
1.121857844258448
1.1221894441788278
1.1224844759312829
1.1227430601307422
1.1229653216010858
1.1231513893173377
1.1233013963468177
1.123415479789296
1.1234937807162535
1.1235364441092819
1.123543618797707
1.1235154573955146
1.123452116237601
1.1233537553154458
1.123220538212252
1.1230526320376018
1.1228502073616968
1.1226134381492205
1.122342501692883
1.122037578546701
1.1216988524590374
1.1213265103054784
1.120920742021551
1.1204817405353658
1.1200097017001842
1.119504824226973
1.1189673096169737
1.1183973620943175
1.1177951885387278
1.1171609984183286
1.1164950037225985
1.1157974188954962
1.1150684607687815
1.1143083484955543
1.1135173034840462
1.112695549331677
1.1118433117594044
1.1109608185463788
1.1100482994649359
1.1091059862159318
1.108134112364449
1.1071329132758785
1.106102626052405
1.1050434894699075
1.1039557439152738
1.1028396313241677
1.1016953951192434
1.1005232801488183
1.0993235326260329
1.098096400068484
1.0968421312383574
1.0955609760830693
1.094253185676413
1.0929190121602343
1.0915587086866378
1.0901725293607203
1.0887607291838628
1.0873235639975642
1.085861290427838
1.0843741658301682
1.082862448235043
1.0813263962940538
1.0797662692265872
1.0781823267670916
1.0765748291129384
1.074944036872886
1.073290211016132
1.0716136128219724
1.0699145038300775
1.0681931457913647
1.0664498006195002
1.0646847303430096
1.0628981970580162
1.0610904628815998
1.059261789905789
1.0574124401521796
1.055542675527185
1.053652757777932
1.051742948448779
1.0498135088384895
1.0478646999580414
1.0458967824890788
1.0439100167430095
1.0419046626207602
1.039880979573162
1.0378392265620067
1.0357796620217363
1.0337025438217973
1.0316081292296433
1.029496674874388
1.027368436711123
1.025223669985872
1.0230626292012248
1.020885568082597
1.0186927395451724
1.0164843956614766
1.0142607876296197
1.012022165742184
1.0097687793557686
1.0075008768611797
1.0052187056542765
1.0029225121074614
1.0006125415418228
0.9982890381999169
0.9959522452191965
0.9936024046060827
0.9912397572106716
0.9888645427020832
0.9864769995444396
0.9840773649734784
0.9816658749737939
0.9792427642567034
0.9768082662387337
0.9743626130207338
0.971906035367594
0.9694387626885831
0.9669610230182915
0.9644730429981758
0.9619750478587079
0.9594672614021135
0.9569499059857072
0.9544232025058057
0.9518873703822345
0.9493426275433958
0.9467891904119238
0.9442272738908872
0.9416570913505743
0.9390788546158143
0.936492773953859
0.9338990580628036
0.9312979140605508
0.9286895474743022
0.9260741622305786
0.9234519606457583
0.9208231434171323
0.9181879096144672
0.915546456672066
0.912898980381323
0.910245674883778
0.9075867326646361
0.904922344546773
0.902252699685207
0.8995779855620318
0.8968983879817988
0.894214091067358
0.8915252772561282
0.888832127296811
0.8861348202465209
0.8834335334683454
0.8807284426293103
0.8780197216987522
0.8753075429470936
0.8725920769450024
0.8698734925629374
0.8671519569710759
0.8644276356396026
0.8617006923393659
0.858971289142887
0.8562395864257226
0.8535057428681568
0.8507699154572421
0.848032259489152
0.8452929285718638
0.8425520746281494
0.8398098478988723
0.8370663969465778
0.8343218686593874
0.831576408255164
0.82883015928596
0.8260832636427381
0.8233358615603534
0.8205880916227903
0.817840090768654
0.8150919942969044
0.8123439358728233
0.8095960475342167
0.8068484596978407
0.804101301166037
0.8013546991335921
0.7986087791947899
0.7958636653506705
0.793119480016475
0.7903763440292815
0.7876343766558171
0.7848936956004475
0.7821544170133312
0.7794166554987408
0.776680524123534
0.7739461344257829
0.7712135964235403
0.7684830186237552
0.7657545080313144
0.7630281701582186
0.7603041090328766
0.7575824272095224
0.7548632257777449
0.7521466043721243
0.749432661181971
0.7467214929611659
0.7440131950380906
0.7413078613256487
0.7386055843313729
0.7359064551676058
