0.017083529941415945
0.017619202114832862
0.01816938834449096
0.01873440199711299
0.01931456093260342
0.019910187515759514
0.020521608626025038
0.021149155665197466
0.021793164562847894
0.022453975779364775
0.023131934306320573
0.02382738966416489
0.02454069589682195
0.025272211563220574
0.02602229972539875
0.026791327933051653
0.02757966820432332
0.028387697002578375
0.029215795208997575
0.030064348090776783
0.030933745264681914
0.03182438065577292
0.03273665245112911
0.03367096304825563
0.0346277189981158
0.03560733094242183
0.036610213545164486
0.03763678541802504
0.038687469039620816
0.03976269066830161
0.04086288024841814
0.04198847130981629
0.0431399008604864
0.04431760927218181
0.04552204015886676
0.046753640247921696
0.0480128592439762
0.04930014968524334
0.050615966792354174
0.05196076830956269
0.053335014338275574
0.05473916716290694
0.056173691069026345
0.05763905215374658
0.05913571812841263
0.060664158113630975
0.06222484242660422
0.06381824236091084
0.06544482995874207
0.06710507777570691
0.06879945863835313
0.07052844539441447
0.07229251065603536
0.07409212653605254
0.07592776437751073
0.07779989447663714
0.07970898579937523
0.08165550569178134
0.08363991958445965
0.08566269069123986
0.0877242797024297
0.08982514447280261
0.09196573970464605
0.09414651662615682
0.09636792266543162
0.0986304011203987
0.100934390824947
0.10328032581163692
0.10566863497126802
0.10809974170964515
0.1105740636018829
0.11309201204463144
0.1156539919065018
0.11826040117712414
0.1209116306151204
0.12360806339543051
0.12635007475631616
0.12913803164639998
0.13197229237214353
0.1348532062461159
0.13778111323642528
0.14075634361769412
0.14377921762393692
0.14685004510372646
0.14996912517799094
0.1531367459008609
0.15635318392384168
0.15961870416377708
0.16293355947487634
0.16629799032522127
0.1697122244780362
0.17317647667812447
0.17669094834380547
0.18025582726462688
0.1838712873052572
0.1875374881158153
0.19125457484901406
0.1950226778843601
0.19884191255976089
0.20271237891080104
0.20663416141800414
0.2106073287623172
0.21463193358911375
0.21870801228097858
0.2228355847394949
0.22701465417632147
0.23124520691374378
0.2355272121949521
0.2398606220042657
0.24424537089747678
0.24868137584253183
0.2531685360707331
0.25770673293862
0.262295829800688
0.2669356718931468
0.2716260862287796
0.27636688150308886
0.28115784801186855
0.28599875758021814
0.29088936350320654
0.2958294004981949
0.3008185846689445
0.30585661348152554
0.3109431657521305
0.31607790164678257
0.32126046269303343
0.32649047180359825
0.3317675333119879
0.3370912330201332
0.34246113825793917
0.3478767979548256
0.35333774272312757
0.35884348495338203
0.3643935189214051
0.36998732090711206
0.3756243493249643
0.38130404486600916
0.38702583065136265
0.39278911239705755
0.3985932785901143
0.4044377006757056
0.41032173325532023
0.4162447142956825
0.4222059653483635
0.428204791779852
0.4342404830119379
0.4403123127722153
0.4464195393544931
0.4525614058889296
0.45873714062165727
0.46494595720372095
0.47118705498902236
0.47745961934112535
0.4837628219485975
0.49009582114871203
0.4964577622591826
0.5028477779177202
0.5092649884291199
0.5157085021195991
0.522177415698124
0.5286708146244183
0.5351877734833725
0.5417273563655612
0.548288617253567
0.554870600413804
0.5614723407935299
0.5680928644227519
0.574731188820705
0.5813863234065652
0.5880572699141258
0.5947430228100797
0.601442569715594
0.6081548918308649
0.6148789643623211
0.6216137569521523
0.6283582341098317
0.6351113556453511
0.6418720771037651
0.6486393502007933
0.6554121232591485
0.6621893416452258
0.668969948205886
0.6757528837050046
0.6825370872594427
0.6893214967741804
0.6961050493762603
0.7028866818472708
0.7096653310540391
0.7164399343772649
0.723209430137788
0.7299727580201947
0.7367288594935223
0.7434766782287042
0.7502151605125801
0.7569432556581204
0.7636599164106783
0.7703640993499168
0.777054765287289
0.7837308796587189
0.790391412912281
0.7970353408906963
0.8036616452083513
0.810269313622654
0.8168573403995512
0.8234247266729363
0.8299704807978147
0.8364936186970255
0.8429931642013163
0.8494681493826257
0.8559176148804171
0.8623406102208618
0.8687361941288092
0.8751034348323083
0.8814414103596083
0.8877492088285167
0.8940259287279733
0.9002706791917575
0.9064825802641924
0.9126607631578192
0.9188043705028889
0.9249125565886496
0.930984487596347
0.9370193418238524
0.9430163099019045
0.9489745950019333
0.9548934130353475
0.9607719928443825
0.9666095763843735
0.9724054188975241
0.9781587890781
0.9838689692291214
0.9895352554104819
0.9951569575785841
1.0007333997174674
1.0062639199614716
1.011747870709481
1.0171846187307803
1.0225735452625682
1.0279140460992076
1.0332055316732296
1.0384474271282147
1.0436391723835639
1.0487802221912772
1.0538700461848243
1.058908128920155
1.0638939699089867
1.0688270836444442
1.073706999619148
1.0785332623358816
1.0833054313109236
1.0880230810701585
1.0926858011381153
1.0972931960199994
1.1018448851769143
1.1063405029943296
1.11077969874397
1.11516213653925
1.1194874952843823
1.1237554686173015
1.1279657648465373
1.132118106882213
1.1362122321612522
1.1402478925670045
1.1442248543433884
1.1481428980037265
1.1520018182344238
1.1558014237936178
1.1595415374049702
1.1632219956467624
1.1668426488364068
1.1704033609105748
1.173904009301073
1.1773444848066086
1.1807246914606118
1.184044546395265
1.1873039797019151
1.1905029342879478
1.1936413657303784
1.196719242126207
1.199736543939779
1.2026932638472085
1.205589406578114
1.2084249887546952
1.211200038728412
1.2139145964143188
1.2165687131232497
1.21916245139196
1.2216958848113872
1.2241690978531614
1.226582185694486
1.2289352540415375
1.2312284189515035
1.233461806653402
1.2356355533677839
1.2377498051254805
1.2398047175854585
1.2418004558519693
1.2437371942910764
1.24561511634665
1.2474344143559932
1.2491952893651836
1.2508979509442224
1.2525426170021288
1.2541295136020505
1.2556588747765196
1.2571309423429118
1.258545965719261
1.2599042017404565
1.261205914474952
1.2624513750420778
1.2636408614300039
1.2647746583144726
1.2658530568783612
1.2668763546321489
1.26784485523538
1.2687588683191664
1.2696187093098186
1.270424699253674
1.2711771646431616
1.2718764372441977
1.2725228539249378
1.2731167564859627
1.2736584914919544
1.2741484101048857
1.2745868679188117
1.2749742247962732
1.2753108447063861
1.2755970955646276
1.275833349074397
1.2760199805703494
1.2761573688635703
1.2762458960885972
1.2762859475523425
1.2762779115849314
1.2762221793924857
1.276119144911883
1.275969204667511
1.2757727576300293
1.2755302050771793
1.2752419504566457
1.2749083992509709
1.2745299588445775
1.2741070383928679
1.27364004869343
1.2731294020593737
1.2725755121947786
1.2719787940722664
1.2713396638127192
1.2706585385671292
1.2699358364005828
1.2691719761783915
1.2683673774543547
1.2675224603611701
1.2666376455029575
1.2657133538499326
1.2647500066351904
1.2637480252536077
1.2627078311628614
1.261629845786537
1.2605144904193295
1.2593621861343347
1.2581733536923905
1.2569484134534914
1.2556877852902328
1.2543918885032967
1.2530611417389346
1.2516959629084652
1.2502967691097466
1.2488639765506115
1.2473980004742602
1.2458992550865726
1.2443681534853392
1.2428051075913848
1.2412105280815566
1.239584824323584
1.2379284043127476
1.2362416746103801
1.2345250402841441
1.2327789048500895
1.2310036702164557
1.2291997366291827
1.2273675026191633
1.2255073649511288
1.223619718574232
1.2217049565742335
1.2197634701273226
1.2177956484555117
1.215801878783594
1.2137825462976604
1.2117380341051003
1.2096687231961294
1.2075749924067578
1.2054572183832246
1.20331577554784
1.201151036066227
1.19896336981594
1.1967531443564328
1.1945207249003396
1.192266474286077
1.189990752951704
1.1876939189100448
1.1853763277250535
1.183038332489355
1.1806802838029986
1.1783025297533571
1.175905415896165
1.173489285237671
1.171054478217882
1.1686013326948683
1.1661301839301375
1.163641364574986
1.1611352046579106
1.158612031572948
1.1560721700690024
1.15351594224009
1.150943667516525
1.148355662656955
1.145752241741318
1.143133716164618
1.140500394631535
1.1378525831518722
1.1351905850367503
1.13251470089562
1.1298252286339916
1.1271224634519144
1.1244066978431633
1.1216782215951255
1.1189373217893563
1.116184282802802
1.1134193863096575
1.110642911283846
1.1078551340021074
1.1050563280476706
1.102246764314506
1.0994267110121165
1.0965964336708796
1.0937561951479167
1.090906255633446
1.0880468726576478
1.0851783010979936
1.0823007931870456
1.0794145985206849
1.0765199640667904
1.073617134174315
1.070706350582787
1.067787852432173
1.0648618762731379
1.0619286560776613
1.0589884232499982
1.0560414066379797
1.0530878325446338
1.0501279247401305
1.0471619044740048
1.0441899904876908
1.0412123990273146
1.0382293438567578
1.035241036270985
1.0322476851095903
1.0292494967706092
1.026246675224522
1.023239422028488
1.0202279363407774
1.017212414935389
1.014193052216862
1.0111700402352586
1.0081435687013038
1.005113825001685
1.0020809942145115
0.9990452591248903
0.9960068002406507
0.9929657958081837
0.9899224218283972
0.9868768520727802
0.9838292580995676
0.9807798092699944
0.9777286727646354
0.9746760135998278
0.971621994644161
0.9685667766350365
0.9655105181952824
0.962453375849825
0.9593955040423998
0.9563370551523164
0.9532781795112456
0.9502190254200426
0.9471597391655996
0.9441004650377021
0.9410413453459187
0.9379825204364804
0.9349241287091892
0.9318663066342963
0.9288091887694029
0.9257529077763315
0.9226975944379986
0.9196433776752634
0.9165903845637516
0.9135387403506625
0.9104885684715419
0.9074399905670196
0.9043931264995247
0.9013480943699389
