0.7941375031888407
0.5881882251568353
0.47096838038711686
0.3929113000765067
0.3364251579481541
0.29334166243303383
0.25925440897716356
0.23154235297966744
0.20853442156216062
0.1891082430203076
0.17247868300142233
0.15807824602024964
0.14548554634443367
0.13438054087705897
0.1245154351273928
0.11569516359673246
0.10776393185962874
0.10059571606034363
0.0940874159014031
0.0881538289856592
0.08272390151649436
0.07773789012280245
0.07314518496883712
0.0689026200605771
0.06497314740346458
0.06132478628340129
0.05792978295501153
0.054763932932140234
0.0518060301526623
0.049037416026136274
0.04644160776841363
0.0440039901607442
0.041711558410482276
0.03955270246259805
0.03751702514647942
0.035595188105917906
0.033778780670152164
0.032060207767913636
0.03043259372735316
0.028889699390781315
0.02742585043910473
0.026035875193719183
0.024715050463592805
0.02345905424800219
0.02226392430260988
0.02112602173764104
0.020041998949268405
0.01900877129423742
0.01802349200798779
0.017083529941409485
0.01618644975401606
0.015329994253564141
0.014512068616233777
0.013730726258410417
0.012984156162626334
0.012270671486766301
0.011588699308258715
0.010936771374332379
0.010313515746018341
0.009717649237673258
0.009147970566105515
0.00860335413396704
0.008082744381023781
0.007585150645160983
0.007109642481513666
0.00665534539438119
0.006221436941789642
0.005807143177072007
0.005411735396055046
0.005034527161958006
0.004674871583378834
0.004332158823370144
0.004005813820581222
0.0036952942054356945
0.003400088396472957
0.0031197138643471716
0.0028537155522907797
0.002601664444362454
0.0023631562739779193
0.002137810367807981
0.0019252686216572354
0.001725194607658439
0.0015372728147432485
0.0013612080276892346
0.0011967248545236538
0.0010435674178554196
0.0009014992333521722
0.0007703033103275542
0.0006497825255979732
0.0005397603471890223
0.0004400820240608469
0.00035061642362928415
0.0002712588112412612
0.00020193507214350144
0.0001426082799614487
0.00009328938415320669
0.00005405589588003556
0.00002508856158704198
6.759716139327479e-6
8.225343381766315e-15
6.633595335913375e-6
0.00002416596622383855
0.000051111772890848936
0.00008659394136997285
0.00012995632115505787
0.0001806658794442126
0.00023827025368994883
0.00030237502434714964
0.00037262994626189444
0.0004487198853189173
0.0005303584827754499
0.0006172835197065674
0.0007092534016755438
0.0008060444149838995
0.0009074485337739586
0.001013271632734753
0.0011233320057865892
0.0012374591209139473
0.0013554925606772375
0.0014772811110818093
0.0016026819707878675
0.001731560059195218
0.0018637874066175493
0.0019992426134797683
0.002137810367813002
0.0022793810127975894
0.002423850157155193
0.002571118322806593
0.0027210906250232673
0.002873676481005657
0.003028789343606782
0.0031863464572788147
0.003346268633821792
0.003508480045790422
0.0036729080358125503
0.003839482940093293
0.004008137924912636
0.004178808834662212
0.004351434050603014
0.004525954359187621
0.004702312829229825
0.00488045469708213
0.005060327259293245
0.005241879771917075
0.00542506335619181
0.005609830909906358
0.005796137024089718
0.005983937904648049
0.006173191298543861
0.006363856424215123
0.006555893905871864
0.006749265711558174
0.006943935094481352
0.007139866537658943
0.0073370257014020125
0.007535379373650671
0.007734895422882145
0.007935542753450512
0.008137291263163458
0.00834011180305215
0.008543976139111065
0.008748856915938677
0.008954727622141206
0.009161562557377781
0.00936933680105177
0.009578026182406071
0.009787607252062291
0.00999805725485984
0.010209354103932505
0.010421476356002796
0.010634403187747417
0.010848114373242297
0.011062590262378096
0.011277811760270885
0.011493760307508958
0.011710417861305686
0.01192776687740919
0.012145790292818466
0.012364471509209125
0.012583794377036066
0.012803743180334478
0.013024302622092813
0.013245457810267551
0.013467194244330995
0.013689497802390751
0.013912354728780892
0.014135751622173138
0.014359675424154462
0.014584113408237873
0.01480905316929928
0.015034482613433882
0.0152603899481656
0.015486763673094045
0.015713592570799163
0.015940865698173254
0.016168572378018185
0.016396702190988176
0.01662524496779364
0.016854190781729776
0.017083529941415945
