1.2360418752932654
1.0962231917821836
0.9967406101147125
0.9181373577378518
0.8526977214551391
0.7964897783229993
0.7471953654378968
0.7033128761232181
0.6638038863757233
0.6279150330360181
0.595079423779389
0.5648580449881699
0.5369029404202617
0.5109330072194351
0.48671748702306206
0.4640643527228861
0.4428119225904052
0.4228226674641332
0.40397854763881913
0.3861774413202559
0.36933036773372546
0.353359299067483
0.33819541567899236
0.3237776997344717
0.310051790561624
0.29696904474102986
0.2844857580599416
0.2725625166692349
0.2611636522892352
0.25025678189223527
0.23981241648911117
0.22980362684049285
0.22020575636469322
0.21099617341428561
0.2021540565776209
0.19366020783086518
0.1854968892938543
0.17764768008436813
0.17009735036161672
0.1628317501321657
0.15583771078417663
0.1491029576371929
0.14261603205902604
0.13636622191984465
0.1303434993350482
0.12453846479993355
0.11894229694600367
0.11354670725547376
0.10834389916063357
0.10332653103108157
0.09848768261680908
0.0938208245705385
0.08931979072019408
0.08497875280315309
0.08079219740906786
0.07675490490841336
0.0728619301702425
0.06910858489552371
0.06549042141239667
0.06200321779714774
0.05864296420003024
0.055405850268545234
0.0522882535727307
0.0492867289475765
0.04639799867712342
0.04361894345324467
0.04094659404973552
0.038378123659258696
0.03591084084703891
0.03354218308109872
0.0312697108043617
0.029091102019260285
0.02700414736065357
0.025006745638053083
0.023096899833469086
0.02127271354682077
0.01953238788701672
0.01787421881373351
0.01629659494298962
0.014797995839264746
0.013376990828793595
0.012032238383670887
0.010762486145807937
0.009566571685438802
0.008443424123574473
0.007392066795755334
0.006411621202253064
0.005501312588105648
0.004660477642501198
0.003888575030982743
0.0031851998289986697
0.0025501035108376666
0.0019832221598024835
0.0014847174159957123
0.0010550383100236353
0.0006950199367734601
0.0004060538836271116
0.00019042029690330932
0.000052084761879083833
