0.10332653103108144
0.10619239350910817
0.10911791878659251
0.11210360566687523
0.11514993160910181
0.11825735200080682
0.12142629944851116
0.12465718308771517
0.12795038791361865
0.13130627413386473
0.13472517654456073
0.1382074039307704
0.14175323849262556
0.1453629352981516
0.14903672176383226
0.15277479716389153
0.15657733216919223
0.16044446841659746
0.16437631810956685
0.16837296365069213
0.17243445730680818
0.17656082090724226
0.18075204557569746
0.18500809149619113
0.18932888771339532
0.19371433196766571
0.19816429056496304
0.2026785982818049
0.2072570583053267
0.2118994422084443
0.21660548996006607
0.2213749099702196
0.22620737916990627
0.23110254312543665
0.23606001618693148
0.2410793816706308
0.2461601920745823
0.25130196932724813
0.2565042050684995
0.26176636096243755
0.26708786904142434
0.2724681320806709
0.2779065240026839
0.283402390310844
0.2889550485513409
0.29456378880267176
0.3002278741918679
0.30594654143659206
0.31171900141222114
0.3175444397430057
0.32342201741637316
0.3293508714194282
0.3353301153966775
0.3413588403279968
0.3474361152258363
0.35356098785066126
0.3597324854435897
0.3659496154752133
0.37221136640954067
0.37851670848203134
0.38486459449065474
0.3912539605989252
0.3976837271498491
0.4041527994897189
0.4106600688006966
0.4172044129411254
0.42378469729250057
0.43039977561205084
0.4370484908898722
0.4437296762095655
0.4504421556113346
0.45718474495651135
0.4639562527924749
0.47075548121694705
0.47758122674065573
0.484432281147366
0.4913074323502953
0.49820546524393095
0.5051251625502978
0.5120653056587291
0.5190246754582081
0.5260020531613702
0.5329962211192724
0.5400059636260557
0.5470300677126316
0.554067323928588
0.5611165271114625
0.5681764771426291
0.5752459796890065
0.5823238469298624
0.58940889826799
0.5964999610245675
0.6035958711170485
0.6106954737194303
0.617797623904315
0.6249011872661793
0.6320050405252994
0.6391080721118403
0.646209182729598
0.653307285898969
0.6604013084787107
0.667490191166127
0.6745728889753022
0.6816483716930942
0.6887156243125779
0.6957736474437084
0.7028214577009751
0.7098580880678721
0.7168825882380422
0.723894024932968
0.7308914821961523
0.7378740616637218
0.7448408828114647
0.7517910831783094
0.7587238185663119
0.7656382632172269
0.7725336099658097
0.7794090703699672
0.7862638748179739
0.7930972726129559
0.7999085320348748
0.8066969403803154
0.8134618039803487
0.8202024481968265
0.8269182173974429
0.8336084749099644
0.8402726029560308
0.8469100025649512
0.8535200934679614
0.8601023139734275
0.8666561208234692
0.8731809890325543
0.8796764117085811
0.8861418998570181
0.8925769821686712
0.8989812047916631
0.9053541310882465
0.9116953413770538
0.9180044326614224
0.9242810183444419
0.9305247279313738
0.9367352067201031
0.9429121154803065
0.9490551301220023
0.9551639413541748
0.9612382543341599
0.9672777883084887
0.973282276245882
0.9792514644630936
0.9851851122443052
0.9910829914547696
0.9969448861493811
1.0027705921769092
1.0085599167805284
1.0143126781953782
1.0200287052437997
1.025707836928942
1.031349922027388
1.036954818681459
1.042522393991849
1.0480525236112206
1.0535450913393751
1.0589999887206294
1.0644171146439754
1.0697963749466197
1.0751376820214607
1.0804409544290645
1.0857061165146722
1.0909330980307521
1.0961218337656093
1.1012722631785141
1.1063843300418443
1.1114579820906405
1.1164931706800412
1.1214898504509683
1.126447979004458
1.1313675165849877
1.1362484257731464
1.1410906711879445
1.1458942191990744
1.1506590376493737
1.1553850955877485
1.160072363012762
1.1647208106271087
1.1693304096031247
1.1739011313595067
1.1784329473493462
1.1829258288596036
1.1873797468220808
1.1917946716359713
1.1961705730020074
1.2005074197682208
1.2048051797873045
1.209063819785551
1.2132833052432996
1.2174636002868353
1.22160466759162
1.2257064682967689
1.2297689619306107
1.2337921063471993
1.2377758576735851
1.2417201702676763
1.2456249966864636
1.249490287664414
1.2533159921017554
1.2571020570624427
1.2608484277815157
1.2645550476815761
1.2682218583980887
1.2718487998132193
1.2754358100978886
1.2789828257617146
1.282489781710538
1.2859566113111696
1.2893832464630304
1.2927696176763428
1.2961156541565064
1.299421283894306
1.3026864337616109
1.3059110296121692
1.3090949963871794
1.3122382582252428
1.3153407385763458
1.3184023603195263
1.321423045883851
1.3244027173723523
1.3273412966885827
1.3302387056654352
1.3330948661958908
1.3359097003653542
1.3386831305852658
1.3414150797276467
1.3441054712602822
1.3467542293822357
1.3493612791593854
1.3519265466597132
1.3544499590880645
1.3569314449200998
1.359370934035197
1.3617683578480553
1.3641236494387514
1.366436743681046
1.3687075773687059
1.3709360893396576
1.3731222205977731
1.375265914432102
1.3773671165334078
1.3794257751078214
1.3814418409874945
1.3834152677381006
1.3853460117630836
1.3872340324045171
1.3890792920405042
1.3908817561790148
1.392641393548079
1.3943581761822907
1.396032079505541
1.3976630824099565
1.3992511673309922
1.4007963203186562
1.402298531104863
1.4037577931668714
1.4051741037868564
1.4065474641075721
1.4078778791841593
1.4091653580321046
1.4104099136713768
1.4116115631667907
1.4127703276646293
1.4138862324255734
1.4149593068540118
1.4159895845237482
1.416977103200229
1.417921904859296
1.4188240357025805
1.41968354616961
1.4205004909466648
1.421274928972534
1.4220069234411856
1.4226965418014854
1.4233438557540248
1.4239489412451685
1.4245118784583821
1.425032751802957
1.425511649900224
1.4259486655673168
1.4263438957986168
1.4266974417449432
1.4270094086905911
1.4272799060283048
1.4275090472322773
1.4276969498292604
1.4278437353678781
1.4279495293862294
1.4280144613778547
1.428038664756163
1.4280222768173831
1.4279654387021503
1.4278682953557498
1.4277309954871529
1.4275536915268805
1.4273365395837705
1.427079699400729
1.4267833343095164
1.4264476111846438
1.4260727003964322
1.4256587757633028
1.4252060145033412
1.424714597185201
1.4241847076784013
1.4236165331030488
1.423010263779055
1.4223660931748765
1.4216842178558338
1.420964837432036
1.4202081545059597
1.4194143746197152
1.4185837062020406
1.4177163605150382
1.4168125516007133
1.4158724962273106
1.4148964138355082
1.413884526484469
1.412837058797786
1.4117542379093486
1.410636293409135
1.4094834572889672
1.4082959638882402
1.4070740498396357
1.4058179540148572
1.4045279174703769
1.403204183393223
1.401846997046825
1.4004566057169159
1.3990332586575154
1.397577207036995
1.3960887038842469
1.3945680040349588
1.3930153640780052
1.3914310423019627
1.389815298641767
1.3881683946255134
1.3864905933213967
1.3847821592848255
1.3830433585056967
1.3812744583558392
1.3794757275366516
1.3776474360269149
1.3757898550308072
1.3739032569261231
1.371987915212693
1.3700441044610292
1.3680721002611895
1.366072179171868
1.3640446186697297
1.3619896970989833
1.3599076936212087
1.3577988881654401
1.3556635613785162
1.3535019945757012
1.3513144696915929
1.3491012692313074
1.3468626762219682
1.344598974164499
1.342310446985722
1.3399973789907773
1.3376600548158746
1.3352987593813723
1.332913777845207
1.3305053955566697
1.3280738980105464
1.3256195708016207
1.3231426995795623
1.320643570004192
1.318122467701144
1.3155796782179319
1.3130154869804183
1.3104301792497108
1.3078240400794825
1.3051973542737225
1.3025504063449336
1.2998834804727863
1.2971968604632205
1.2944908297080258
1.2917656711448884
1.2890216672179253
1.2862590998387082
1.2834782503477804
1.280679399476688
1.277862827310505
1.2750288132509018
1.272177635979711
1.2693095734230497
1.2664249027159586
1.2635239001675984
1.2606068412269882
1.2576740004493039
1.2547256514627274
1.25176206693587
1.2487835185457585
1.2457902769464013
1.2427826117379253
1.2397607914362978
1.2367250834436385
1.2336757540191092
1.2306130682504066
1.2275372900258399
1.2244486820070146
1.2213475056021053
1.218234020939737
1.215108486843463
1.211971160806852
1.2088222989691735
1.2056621560916927
1.2024909855345687
1.1993090392343575
1.1961165676821248
1.192913819902156
1.1897010434312771
1.1864784842987712
1.1832463870069074
1.180004994512057
1.1767545482064175
1.173495287900323
1.1702274518051612
1.1669512765168673
1.1636669970000142
1.1603748465724824
1.1570750568907182
1.1537678579355624
1.1504534779986555
1.147132143669412
1.1438040798225635
1.140469509606258
1.1371286544307204
1.1337817339574554
1.1304289660890148
1.1270705669592829
1.1237067509243166
1.1203377305537061
1.1169637166224655
1.113584918103434
1.1102015421602012
1.1068137941405287
1.1034218775702798
1.1000259941478365
1.096626343739009
1.0932231243724235
1.089816532235384
1.0864067616702044
1.0829940051709965
1.0795784533809125
1.0761602950898392
1.0727397172325228
1.0693169048871334
1.0658920412742479
1.0624653077562576
1.0590368838371766
1.055606947162865
1.0521756735216354
1.0487432368452552
1.0453098092103281
1.041875560840047
1.0384406601063092
1.035005273532202
1.0315695657948234
1.0281336997284563
1.0246978363280739
1.0212621347531767
1.0178267523319453
1.01439184456571
1.010957565133727
1.0075240658982505
1.0040914969098957
1.0006600064132931
0.9972297408530026
0.9938008448797191
0.9903734613567208
0.9869477313665878
0.9835237942181546
0.9801017874537155
0.9766818468564571
0.9732641064581222
0.9698486985468886
0.9664357536754683
0.9630254006694072
0.95961776663559
0.956212976970933
0.9528111553712728
0.9494124238404249
0.9460169026994278
0.9426247105959447
0.939235964513835
0.9358507797828787
0.932469270088651
0.9290915474825394
0.9257177223919024
0.9223479036303558
0.9189821984081892
0.915620712342905
0.9122635494698674
