1.0067559742410412
0.7114774434455734
0.5531061342073803
0.4517106736802297
0.38046872456752795
0.32739309917974
0.2862078295836703
0.25327124035864845
0.22631033641933723
0.2038265678892875
0.18478880465672243
0.16846270719134393
0.15431027410063192
0.14192786895831336
0.1310064710545921
0.12130532951117418
0.11263400304708317
0.10483981408433007
0.09779889578659146
0.09140968136694433
0.08558808922130431
0.08026390814867951
0.07537804643585064
0.07088041242533158
0.06672826319060043
0.06288490466006594
0.05931865870122191
0.05600203517546185
0.052911062933824866
0.05002474519558109
0.04732461309769631
0.04479435734274538
0.042419522438933426
0.04018725145242841
0.03808607178923351
0.03610571450785754
0.03423696119242318
0.032471513601836935
0.03080188223781973
0.029221290704344666
0.0277235933082483
0.02630320381173575
0.024955033615565097
0.023674437949332397
0.02245716888563146
0.021299334190458485
0.02019736118256946
0.01914796490581805
0.01814812002675237
0.017195035959700372
0.016286134796100804
0.015419031677146195
0.01459151730095694
0.013801542299400999
0.013047203256311288
0.012326730170751777
0.011638475194825002
0.01098090249850629
0.010352579133351138
0.009752166782885128
0.009178414302345847
0.008630150962163824
0.008106280320221267
0.00760577465700157
0.007127669916021383
0.006671061097872632
0.006235098063487337
0.005818981706393843
0.005421960458780806
0.005043327100469735
0.004682415843302863
0.004338599665966685
0.004011287878929246
0.003699923899720885
0.00340398322236816
0.0031229715669906905
0.0028564231968719075
0.0026038993934781847
0.0023649870803055927
0.0021392975905749046
0.0019264655736646855
0.0017261480395755879
0.001538023542453454
0.0013617915078627792
0.0011971717132832076
0.0010439039367604126
0.0009017477966183903
0.0007704828167072287
0.0006499087684712277
0.0005398463652803721
0.0004401384260752703
0.00035065168880241176
0.0002712795684325349
0.00020194635953088677
0.0001426137873639421
0.0000932916802071534
0.000054056642075794936
0.000025088715371833376
6.759726535520047e-6
1.645068676353263e-14
6.633605343377264e-6
0.000024166108627354892
0.000051112437816005185
0.00008659591079728478
0.00012996086836441692
0.00018067485076742035
0.00023828613571118457
0.0003024009995915718
0.00037266993903982307
0.0004487785993771806
0.0005304414317087894
0.0006173970514355386
0.0007094047175029759
0.0008062415842665918
0.0009077005044060344
0.001013588238337511
0.0011237239698477924
0.0012379380582585872
0.0013560709767072249
0.0014779723989697504
0.001603500406981689
0.0017325207974128612
0.0018649064704950834
0.002000536888196
0.0021392975905871496
0.002281079762755916
0.0024257798443166343
0.002573299176566159
0.0027235436821466774
0.0028764235731814293
0.003031853084602898
0.0031897502299292613
0.0033500365767781615
0.0035126370400925286
0.003677479691370171
0.003844495582054251
0.004013618580077198
0.004184785217852207
0.004357934551049837
0.004533008026995505
0.004709949361953629
0.004888704426261407
0.005069221137290766
0.005251449358771075
0.005435340806599323
0.005620848960413687
0.005807928980381542
0.005996537629047156
0.006186633197701999
0.006378175436895255
0.006571125491021474
0.0067654458365121765
0.006961100223337649
0.007158053619879241
0.007356272160576603
0.007555723096540196
0.007756374748490322
0.007958196462459051
0.008161158567445292
0.008365232335440818
0.008570389943326644
0.008776604436712425
0.008983849695504541
0.009192100401215503
0.009401332005722851
0.009611520701609883
0.009822643393884702
0.010034677673026588
0.01024760178910655
0.010461394627393917
0.010676035684837468
0.01089150504765927
0.011107783369923588
0.011324851853187769
0.011542692226766753
0.011761286729163305
0.011980618090072205
0.012200669513249121
0.012421424660088557
0.01264286763387125
0.012864982964671434
0.013087755594931694
0.013311170865519714
0.01353521450252253
0.013759872604369323
0.013985131629654028
0.01421097838528763
0.01443740001526557
0.01466438398974113
0.014891918094618076
0.015119990421478024
0.015348589357946777
0.015577703578402092
0.015807322035037936
0.01603743394927889
0.016268028803404916
0.01649909633273748
0.01673062651780889
0.01696260957708494
0.017195035959713292
