0.014813907298574581
0.004607640461360147
0.0019284150170204466
0.0009412667867822505
0.0005062207851412454
0.0002913098979763036
0.00017628254158016954
0.00011091923867272647
0.00007200611631153911
0.00004795726557989935
0.00003263109909325277
0.000022609434590456795
0.000015911596381162764
0.000011350266433534331
8.19277767329264e-6
5.975548774881243e-6
4.398770225512522e-6
3.2647758553097153e-6
2.4409960748231877e-6
1.8371520342524398e-6
1.3909157802657623e-6
1.0587206867877716e-6
8.097706081391863e-7
6.220732127548104e-7
4.797761765372298e-7
3.7135504997201255e-7
2.8836580704772683e-7
2.2457670600872405e-7
1.7535801539873494e-7
1.372490029298216e-7
1.0764803631993399e-7
8.458901055987074e-8
6.657884313726945e-8
5.247853610844861e-8
4.141555465502486e-8
3.271888426269342e-8
2.587062277939713e-8
2.0469703641108976e-8
1.6204574860052007e-8
1.2832524548582937e-8
1.01639691882188e-8
8.05046237654501e-9
6.3755071868539514e-9
5.047492410435408e-9
3.994241154812673e-9
3.158791515440227e-9
2.4961207131293685e-9
1.9705939312590068e-9
1.5539731809798941e-9
1.22385786636116e-9
9.624633424944767e-10
7.556583126728175e-10
5.922086224966043e-10
4.631790501038652e-10
3.614611881590098e-10
2.813994017074772e-10
2.1849363442733342e-10
1.6916480656021358e-10
1.3056655918274667e-10
1.0043724737501574e-10
7.698056175269113e-11
5.87716255022086e-11
4.468077141500057e-11
3.3814062713829407e-11
2.5465170903417204e-11
1.9076826761470962e-11
1.4209983738367154e-11
1.0520099789088547e-11
7.737024187723255e-12
5.649766173286954e-12
4.0938371113818604e-12
2.9417844117122794e-12
2.094880296840792e-12
1.4772443006783014e-12
1.0305355656086015e-12
7.106321264577924e-13
4.838778125052151e-13
3.248467145231711e-13
2.1472021588251787e-13
1.396190115306119e-13
8.903006810894619e-14
5.559506137099111e-14
3.3987253390971144e-14
2.0167040682639163e-14
1.1648748753446165e-14
6.531477724486551e-15
3.4931624046841682e-15
1.7317503389967728e-15
8.401202284992367e-16
3.821376296432137e-16
1.6074681089268706e-16
6.13780373202988e-17
2.072431065568332e-17
5.955469436896364e-18
1.372576033500318e-18
2.296844754916811e-19
2.315607601809343e-20
9.24924380061251e-22
3.838392468615053e-24
0.
3.548158614045404e-24
7.905516829547136e-22
1.8302372729583037e-20
1.678859259169853e-19
9.278178403120408e-19
3.722838366451573e-18
1.1979667663528577e-17
3.2805462097849207e-17
7.943172271421031e-17
1.745533641599909e-16
3.546775242609789e-16
6.755806024516816e-16
1.2189558629855931e-15
2.2113406163614225e-15
3.58924114440438e-15
5.675828262046596e-15
8.859805712698614e-15
1.3386689195973201e-14
1.981761236901804e-14
2.8601343644159913e-14
4.053585901025268e-14
5.656514038260455e-14
7.746628701808879e-14
1.0464815647787204e-13
1.3961901153061238e-13
1.8389949345391782e-13
2.3949190482969985e-13
3.086845150080573e-13
3.940790233388488e-13
4.986190908351729e-13
6.255088721841781e-13
7.785766130973439e-13
9.619730429886937e-13
1.1803147387866414e-12
1.4389393457238482e-12
1.743384429581482e-12
2.1001993373242983e-12
2.5162034398732087e-12
2.9989662687164925e-12
3.557066211187408e-12
4.199239541446861e-12
4.9356393901623525e-12
5.776763717822366e-12
6.734160074773051e-12
7.820353593816163e-12
9.04866430890181e-12
1.0433468872098817e-11
1.1990129474359669e-11
1.3735145044210214e-11
1.568619162105972e-11
1.7861829823126768e-11
2.028210062090959e-11
2.296823302594933e-11
2.5942462863207778e-11
2.922885077405896e-11
3.2852434884205544e-11
3.6839715709237785e-11
4.121891895711713e-11
4.6019370066253314e-11
5.1272200898652996e-11
5.7010057094163074e-11
6.326724935103211e-11
7.007968247519311e-11
7.748511728688406e-11
8.552287718419375e-11
9.423433161003315e-11
1.0366226902310303e-10
1.1385182388871626e-10
1.2484973802407667e-10
1.3670484286009593e-10
1.4946798624592487e-10
1.6319195889147694e-10
1.7793175349941068e-10
1.937443794157493e-10
2.106890099412821e-10
2.2882712922357274e-10
2.482222346278017e-10
2.689403158199173e-10
2.910495562385895e-10
3.146205892131092e-10
3.3972619849420036e-10
3.664417954560978e-10
3.94845229671241e-10
4.250167100055595e-10
4.570390582713845e-10
4.909976292971799e-10
5.269803414968235e-10
5.650777069101668e-10
6.053829717317347e-10
6.479920342557203e-10
6.930034732996958e-10
7.405185760806907e-10
7.906414765623978e-10
8.434789601811882e-10
8.991409341488206e-10
9.577397869728264e-10
1.019391079683275e-9
1.0842132372958743e-9
1.1523273507334963e-9
1.2238578663611576e-9
