0.0402869893655948
0.017445358834538204
0.009291550923564335
0.005518172712647592
0.0035122241333708617
0.0023468235324218215
0.0016260512345762012
0.0011589193912549315
0.0008449266006882283
0.0006275922309048703
0.0004734903496242749
0.00036199372925751447
0.0002799247612063823
0.00021861583034449384
0.00017222188215753971
0.00013671535482595349
0.00010926824619302614
0.00008786157620264517
0.00007103251748557035
0.000057707118582027046
0.00004708751312260363
0.000038574552016397796
0.000031713905734431404
0.000026157985760954086
0.0000216386956377319
0.00001794770187566274
0.00001492199494608291
0.00001243321657537731
0.000010379698271811093
8.680471650774488e-6
7.270726468628294e-6
6.098341014100199e-6
5.121213399199764e-6
4.3051956374835356e-6
3.6224846948522543e-6
3.0503623215130034e-6
2.570202797833476e-6
2.1666877090297174e-6
1.8271816134661777e-6
1.5412334187638815e-6
1.3001764718639386e-6
1.0968065410943914e-6
9.251215354969663e-7
7.801103735674003e-7
6.575811358565274e-7
5.540207427646944e-7
4.6648002201748584e-7
3.92479297495705e-7
3.2993062222975596e-7
2.770735513811456e-7
2.3242196682821915e-7
1.9471994414888298e-7
1.6290504487055536e-7
1.360777167190433e-7
1.1347573439355433e-7
9.445280890827499e-8
7.846065271260412e-8
6.503391591773162e-8
5.3777512425762583e-8
4.4355942125442044e-8
3.648427888291429e-8
2.992055481055117e-8
2.4459317249196083e-8
1.9926169375552674e-8
1.6173139425711192e-8
1.3074749689248423e-8
1.0524674041331193e-8
8.43289579767421e-9
6.723287161451844e-9
5.3315464013834765e-9
4.203439784833221e-9
3.293301293064161e-9
2.5627526387496324e-9
1.9796089818502363e-9
1.5169457233478353e-9
1.1523001212496533e-9
8.669905463523276e-10
6.455327628387205e-10
4.75143854062553e-10
3.453163025458371e-10
2.474557468404935e-10
1.7457192983022186e-10
1.2101434673506766e-10
8.224857747189584e-11
5.466484001409918e-11
3.5415826425631044e-11
2.2279969892106094e-11
1.3544840244301656e-11
7.909386472856614e-12
4.401814178312222e-12
2.3108956477205258e-12
1.1286940845164642e-12
5.029368903781317e-13
1.9871224429576248e-13
6.657585434305585e-14
1.75373716623769e-14
3.206483412932466e-15
2.8101800373508663e-16
4.710709541082277e-18
0.
4.442462953816029e-18
2.499931346061434e-16
2.708966151788417e-15
1.3868485856240716e-14
4.977491225183949e-14
1.400447690049631e-13
3.344443138113939e-13
7.07945759210239e-13
1.367548632146285e-12
2.457087947988682e-12
4.164273536113117e-12
6.725567391653063e-12
1.0431961694853508e-11
1.5634514770586246e-11
2.2748845877440515e-11
3.225990739980528e-11
4.472680515806586e-11
6.0786443371247e-11
8.11576612627738e-11
1.0664453366005247e-10
1.3813973061492275e-10
1.7662750044853067e-10
2.2318617486624534e-10
2.7899109479003494e-10
3.4531630254583777e-10
4.235365659579504e-10
5.151296346499081e-10
6.216771854994116e-10
7.448662446900358e-10
8.864908751433729e-10
1.0484524745044107e-9
1.232760914267986e-9
1.4415353085460935e-9
1.677004310782425e-9
1.9415063914053407e-9
2.23749032693524e-9
2.5675153534779314e-9
2.9342508812031727e-9
3.3404765541737277e-9
3.789082107222388e-9
4.283067248345155e-9
4.82554046243961e-9
5.419719628666724e-9
6.068931126125106e-9
6.776608876166106e-9
7.546293992214592e-9
8.381633931316106e-9
9.286382150779513e-9
1.0264396608493506e-8
1.131963933103037e-8
1.2456175720709528e-8
1.3678172716668975e-8
1.49898988105654e-8
1.6395722478048138e-8
1.7900111360128095e-8
1.9507630975684103e-8
2.1222943744594363e-8
2.3050807879587375e-8
2.4996076148859524e-8
2.7063694844443877e-8
2.925870273608393e-8
3.158622901309418e-8
3.4051493546457066e-8
3.6659804143562703e-8
3.941655679218507e-8
4.232723289978968e-8
4.5397399191523167e-8
4.863270593816603e-8
5.203888595760135e-8
5.562175305853784e-8
5.9387201259698034e-8
6.334120267592363e-8
6.748980706962946e-8
7.183914040384504e-8
7.639540306370226e-8
8.116486952340485e-8
8.615388579557682e-8
9.136886965959974e-8
9.681630822938665e-8
1.0250275696896068e-7
1.0843483893506267e-7
1.1461924280396314e-7
1.2106272245846495e-7
1.2777209480482038e-7
1.3475423926162713e-7
1.420160964785631e-7
1.4956466639630383e-7
1.574070080904113e-7
1.6555023784676106e-7
1.7400152802228613e-7
1.8276810635820753e-7
1.9185725419166017e-7
2.0127630523125982e-7
2.110326455629402e-7
2.211337107783915e-7
2.3158698622149009e-7
2.4240000502379116e-7
2.535803473708877e-7
2.6513563922344307e-7
2.7707355138114523e-7
