0.3367859842672487
0.2770995095431577
0.23642924685500738
0.20637455770643565
0.18298543259620703
0.16412967005545734
0.148532536171751
0.1353746103573975
0.12410006414002472
0.11431591593949716
0.10573500915103982
0.09814179809369984
0.09137083008421218
0.08529267756187857
0.07980443702271284
0.07482313224093505
0.07028102343992035
0.06612220169367693
0.06230007080631395
0.05877545496872588
0.05551515594052561
0.05249083856165018
0.04967815968994928
0.04705608007842198
0.044606315440269
0.04231289461293307
0.04016180098602044
0.03814067928142906
0.03623859408013103
0.03444582965788778
0.032753723048371285
0.0311545240226512
0.029641277017104412
0.028207721069738123
0.026848204618219115
0.02555761262989624
0.024331304017502137
0.023165057675573177
0.022055025775415467
0.020997693198363008
0.019989842181457943
0.019028521406750307
0.018111018892993856
0.01723483815264155
0.01639767716246298
0.015597409766458993
0.014832069187970953
0.014099833376252301
0.01339901195310796
0.01272803455898908
0.01208544042630726
0.011469869031664921
0.01088005169894226
0.01031480404236508
0.00977301915330237
0.009253661447037775
0.008755761096452756
0.008278408988749646
0.00782075214925033
0.007381989583143649
0.0069613684919651656
0.0065581808267338535
0.006171760144135407
0.005801478736050795
0.005446745006140648
0.005107001070200362
0.004781720559641908
0.00447040660980006
0.004172590016836622
0.0038878275488732792
0.0036157003986509503
0.00335581276652829
0.0031077905640102777
0.0028712802292872254
0.0026459476474695225
0.0024314771693666397
0.002227570723805865
0.002033947019652948
0.0018503408349161146
0.0016765023916553432
0.001512196816931835
0.001357203691821597
0.0012113166927095903
0.0010743433318654268
0.0009461048079503067
0.0008264359820486939
0.0007151855017000838
0.000612216105281063
0.0005174051536831371
0.000430645458501994
0.00035184651117349785
0.000280936275472664
0.0002178638058862848
0.00016260313733169456
0.00011515925064208102
0.00007557768954413339
0.00004396127802712923
0.000020502817170200997
5.5637088107550885e-6
0.
5.46041230280577e-6
0.00001975325947337758
0.00004158252679014654
0.00007019162659681649
0.0001050191940793953
0.0001456122328447592
0.00019158845776763106
0.00024261615902421374
0.0002984020231935904
0.0003586831315004114
0.00042322137818808224
0.0004917993960897084
0.0005642174744166733
0.0006402911592056967
0.0007198493406612431
0.0008027326983174331
0.000888792415907995
0.0009778891039851727
0.0010698918855896532
0.0011646776120142867
0.0012621301838651414
0.001362139958456005
0.0014646032287918777
0.0015694217625310382
0.0016765023916553443
0.0017857566453757109
0.0018971004201729473
0.0020104536819595107
0.0021257401961939986
0.002242887282465123
0.0023618255906061726
0.0024824888958441143
0.0026048139108570305
0.002728740112906466
0.0028542095844676174
0.0029811668659825057
0.0031095588195414704
0.003239334502443863
0.003370445049715121
0.003502843564767763
0.0036364850174818537
0.0037713261490650066
0.003907325383117693
0.004044442742393384
0.0041826397707898
0.004321879460161896
0.0044621261815798625
0.004603345620694546
0.004745504716905415
0.004888571606053201
0.005032515566381707
0.00517730696753997
0.005322917222413556
0.005469318741590973
0.005616484890288684
0.005764389947571178
0.005913009067719313
0.0060623182436044774
0.006212294271945546
0.006362914720329434
0.0065141578958868235
0.0066660028155217845
0.006818429177603808
0.006971417335033961
0.007124948269605278
0.007279003567583855
0.007433565396437562
0.007588616482652214
0.007744140090570305
0.00790012000219813
0.008056540497927834
0.008213386338125286
0.00837064274553587
0.008528295388467923
0.008686330364709297
0.008844734186142964
0.009003493764021183
0.00916259639487039
0.009322029746988723
0.009481781847511597
0.009641841070014692
0.009802196122628374
0.00996283603663859
0.010123750155551909
0.010284928124600383
0.010446359880667094
0.010608035642612092
0.010769945901979966
0.010932081414070767
0.011094433189358793
0.011256992485242815
0.011419750798111906
0.011582699855714657
0.011745831609815637
0.011909138229129493
0.0120726120925169
0.012236245782434972
0.012400032078626676
0.012563963952043917
0.012728034558989073
