0.0003790300788385221
0.0004026705206295974
0.0004276390992606792
0.00045400004604996807
0.0004818200257945531
0.0005111681897361093
0.0005421162275846198
0.0005747384184694579
0.0006091116806982576
0.0006453156201875981
0.0006834325774417274
0.0007235476729444614
0.0007657488508343035
0.0008101269207296238
0.0008567755975733078
0.0009057915393612157
0.0009572743826262988
0.001011326775544027
0.0010680544085306016
0.001127566042204891
0.001189973532584733
0.0012553918533950042
0.0013239391153598802
0.0013957365823626963
0.0014709086843506256
0.0015495830268708124
0.0016318903971241055
0.0017179647664286317
0.0018079432889852956
0.001901966296845194
0.002000177290980508
0.0021027229283645775
0.0022097530049720758
0.002321420434615644
0.0024378812235375507
0.0025592944406829994
0.0026858221835832237
0.002817629539785362
0.0029548845437697866
0.003097758129300685
0.0032464240771612877
0.00340105895823339
0.003561842071883398
0.0037289553796249833
0.003902583434034975
0.0040829133029033375
0.0042701344886082295
0.004464438842708153
0.004666020475755771
0.004875075662339307
0.005091802741368436
0.00531640201162659
0.0055490756226154936
0.005790027460733607
0.0060394630308247665
0.0062975893331526185
0.006564614735855368
0.006840748842945283
0.007126202357927359
0.007421186943112396
0.007725915074715651
0.008040599893832653
0.008365455053392645
0.008700694561202826
0.009046532619195488
0.009403183459004576
0.009770861174004032
0.01014977954794223
0.010540151880325593
0.01094219080869744
0.011356108127980146
0.011782114607041611
0.012220419802666093
0.012671231871108754
0.013134757377422191
0.013611201102751708
0.014100765849798002
0.01460365224665846
0.015120058549257366
0.015650180442585624
0.01619421084097561
0.016752339687639332
0.017324753753705815
0.017911636436997568
0.018513167560787202
0.019129523172785715
0.019760875344609005
0.020407391971979723
0.021069236575920153
0.02174656810519567
0.02243954074026777
0.023148303699021166
0.023873001044528074
0.024613771495110938
0.02537074823696924
0.026144058739634168
0.026933824574510126
0.027740161236767164
0.028563177970839737
0.029402977599791384
0.030259656358793137
0.031133303732970838
0.0320240022998617
0.03293182757672429
0.03385684787293545
0.034799124147704676
0.0357587098733316
0.03673565090422044
0.03772998535186545
0.03874174346600971
0.03977094752216862
0.04081761171571166
0.04188174206267289
0.04296333630746605
0.044062383837658495
0.04517886560595604
0.04631275405953817
0.047464013076872015
0.048632597912123245
0.04981845514727143
0.05102152265202621
0.05224172955162763
0.05347899620260476
0.05473323417655396
0.0560043462519828
0.05729222641426222
0.058596759863707326
0.05991782303180054
0.061255283605560526
0.06260900056004168
0.06397882419894349
0.06536459620329156
0.06676614968814513
0.0681833092672689
0.06961589112569956
0.0710637031001236
0.072526544766971
0.07400420753812056
0.0754964747640987
0.07700312184464711
0.078523916346516
0.08005861812834278
0.08160697947245088
0.08316874522340546
0.08474365293314963
0.08633143301253265
0.08793180888904126
0.08954449717052762
0.09116920781472841
0.09280564430435506
0.09445350382753617
0.09611247746337837
0.09778225037241291
0.09946250199168588
0.10115290623424834
0.10285313169279366
0.1045628418471899
0.10628169527564878
0.10800934586927187
0.10974544304970896
0.11148963198966602
0.11324155383599302
0.11500084593508744
0.11676714206034203
0.11854007264136959
0.12031926499473658
0.12210434355593847
0.12389493011234949
0.12569064403688224
0.12749110252209647
0.12929592081449462
0.13110471244874838
0.13291708948160177
0.13473266272520104
0.13655104197960496
0.1383718362642328
0.1401946540480156
0.14201910347801455
0.1438447926062844
0.14567132961475676
0.14749832303793112
0.1493253819831634
0.1511521163483485
0.152978137036804
0.1548030561691614
0.1566264872920886
0.15844804558366218
0.16026734805522785
0.16208401374958703
0.16389766393535427
0.1657079222973455
0.16751441512285853
0.16931677148371452
0.17111462341394343
0.17290760608299713
0.174695357964385
0.17647752099963882
0.17825374075751177
0.18002366658833513
0.18178695177345638
0.1835432536696946
0.1852922338487541
0.1870335582315481
0.18876689721738693
0.1904919258079982
0.19220832372634938
0.19391577553025388
0.19561397072074527
0.1973026038452141
0.19898137459530726
0.20064998789959704
0.2023081540110313
0.2039555885891871
0.20559201277735
0.20721715327445234
0.2088307424019064
0.21043251816537625
0.21202222431153203
0.21359961037984462
0.21516443174947314
0.2167164496813097
0.21825543135524716
0.21978114990273895
0.2212933844347276
0.22279192006501716
0.22427654792917248
0.22574706519902937
0.2272032750929025
0.2286449868815832
0.23007201589021656
0.231484183496158
0.23288131712290006
0.23426325023017566
0.23562982230033344
0.2369808788210887
0.23831627126475585
0.2396358570640652
0.24093949958466934
0.24222706809444752
0.2434984377297133
0.24475348945843373
0.24599211004056698
0.24721419198562827
0.24841963350758706
0.2496083384772079
0.25078021637193926
0.2519351822234555
0.2530731565629612
0.25419406536435935
0.2552978399853888
0.25638441710683374
0.25745373866990784
0.2585057518119112
0.2595404088002625
0.260557666965001
0.2615574886298561
0.26253984104198097
0.26350469630043855
0.2644520312835363
0.2653818275750951
0.266294071389743
0.26718875349731797
0.26806586914646224
0.26892541798749425
0.2697674039946325
0.27059183538765397
0.27139872455305886
0.27218808796481975
0.2729599461047807
0.2737143233827819
0.27445124805657334
0.275170752151583
0.2758728713806043
0.2765576450634628
0.2772251160467188
0.2778753306234683
0.27850833845328976
0.2791241924823941
0.2797229488640273
0.2803046668791733
0.280869408857604
0.2814172400993211
0.28194822879643183
0.2824624459554991
0.2829599653204049
0.2834408632957653
0.28390521887092673
0.2843531135445846
0.2847846312500474
0.285199858281184
0.28559888321907323
0.2859817968593915
0.28634869214055364
0.28669966407263936
0.2870348096671187
0.2873542278674023
0.2876580194802322
0.28794628710793135
0.2882191350815273
0.28847666939476513
0.28871899763902287
0.2889462289391393
0.28915847389017013
0.28935584449507484
0.2895384541033492
0.289706417350608
0.2898598500991232
0.2899988693793269
0.2901235933322782
0.2902341411531027
0.2903306330354028
0.2904131901166444
0.29048193442451725
0.2905369888242725
0.29057847696703415
0.29060652323908454
0.2906212527121221
0.29062279109448663
0.2906112646833528
0.2905868003178823
0.29054952533333694
0.2904995675161417
0.29043705505989637
0.2903621165223278
0.29027488078317765
0.29017547700301705
0.2900640345829836
0.28994068312543064
0.2898055523954833
0.2896587722834908
0.28950047276836743
0.2893307838818145
0.2891498356734128
0.28895775817657626
0.28875468137535887
0.28854073517210266
0.2883160493559196
0.28808075357199475
0.2878349772917024
0.2875788497835242
0.28731250008475717
0.28703605697400564
0.2867496489444391
0.28645340417781345
0.28614745051923685
0.2858319154526768
0.2855069260771907
0.28517260908387476
0.2848290907335144
0.2844764968349316
0.2841149527240113
0.28374458324340285
0.28336551272287835
0.2829778649603435
0.2825817632034844
0.2821773301320434
0.28176468784071107
0.2813439578226239
0.28091526095345615
0.28047871747609715
0.2800344469859
0.2795825684164961
0.27912320002615826
0.27865645938470757
0.2781824633609522
0.27770132811064474
0.2772131690649523
0.2767181009194264
0.27621623762346303
0.27570769237024423
0.27519257758714866
0.27467100492662433
0.2741430852575133
0.273608928656815
0.27306864440188505
0.27252234096305433
0.2719701259966641
0.271412106338503
0.270848387997642
0.2702790761506536
0.2697042751362097
0.26912408845005015
0.26853861874030777
0.26794796780319075
0.26735223657900364
0.2667515251485071
0.2661459327296041
0.26553555767434533
0.26492049746624613
0.26430084871790815
0.2636767071689346
0.26304816768413847
0.26241532425202674
0.2617782699835633
0.26113709711119515
0.26049189698813996
0.2598427600879264
0.2591897760041792
0.2585330334506448
0.2578726202614482
0.25720862339157696
0.2565411289175853
0.25587022203850823
0.25519598707698815
0.2545185074805979
0.25383786582336176
0.2531541438074639
0.25246742226514285
0.25177778116076127
0.25108529959304937
0.25039005579751566
0.24969212714901834
0.24899159016449363
0.24828852050583514
0.2475829929829199
0.24687508155677515
0.24616485934288096
0.24545239861460633
0.2447377708067699
0.24402104651932538
0.24330229552116373
0.24258158675402866
0.24185898833654196
0.24113456756833396
0.24040839093427438
0.23968052410880175
0.23895103196034265
0.23821997855582366
0.2374874271652661
0.23675344026646364
0.23601807954973725
0.23528140592276606
0.23454347951548674
0.2338043596850633
0.23306410502091893
0.23232277334983062
0.23158042174108132
0.2308371065116659
0.2300928832315507
0.22934780672898036
0.22860193109583243
0.22785530969301387
0.22710799515589847
0.22636003939980215
0.22561149362549374
0.2248624083247385
0.22411283328587173
0.2233628175993992
0.22261240966362503
0.22186165719030201
0.2211106072103018
0.22035930607930526
0.21960779948350861
0.21885613244534546
0.21810434932921918
0.21735249384724903
0.21660060906502143
0.21584873740735191
0.21509692066404953
0.21434519999568488
0.21359361593936166
0.21284220841448664
0.21209101672853867
0.21134007958283427
0.21058943507828864
0.20983912072117183
0.2090891734288558
0.20833962953555346
0.20759052479804804
0.20684189440140976
0.20609377296470108
0.20534619454666747
0.20459919265141374
0.20385280023406324
0.20310704970640064
0.20236197294249597
0.20161760128431
0.20087396554727896
0.20013109602587778
0.19938902249916104
0.1986477742362827
0.19790738000198949
0.1971678680620914
0.19642926618890644
0.19569160166667832
0.19495490129696855
0.19421919140402072
0.1934844978400952
0.19275084599077705
0.19201826078025303
0.1912867666765585
0.19055638769679564
0.18982714741231757
0.18909906895388373
0.1883721750167809
0.1876464878659136
0.1869220293408594
0.1861988208608937
0.1854768834299776
0.18475623764171398
0.1840369036842679
