0.06603557916209829
0.033706654925206275
0.02021746305466061
0.013213776144162064
0.009123580430287728
0.006547536486734642
0.004836398036582938
0.003653590504903061
0.0028102134773122177
0.0021936859449864115
0.0017336674680428178
0.0013844974810819986
0.0011155838119653548
0.0009058767605430627
0.0007405591531746209
0.0006089936552530729
0.0005034112115454688
0.0004180509981543147
0.00034858345491021406
0.0002917153367175778
0.00024491445300395335
0.00020621470010976614
0.00017407593653107707
0.0001472819324013714
0.00012486514566324854
0.00010605065704721505
0.00009021395815947987
0.00007684887106483852
0.00006554295590064038
0.00005595850693936391
0.00004781775730800948
0.00004089128003897373
0.00003498883578393521
0.00002995210716084169
0.000025648897951053048
0.00002196847703810511
0.000018817822390010125
0.000016118576760375828
0.000013804569242095791
0.000011819789003715827
0.000010116722126407083
8.654981344665273e-6
7.400173094655872e-6
6.322957618890977e-6
5.39826674475768e-6
4.604650918649993e-6
3.923732576626246e-6
3.3397472891543687e-6
2.839157596501966e-6
2.4103272217472753e-6
2.0432455852478743e-6
1.7292943437042997e-6
1.46104912675901e-6
1.2321108374226053e-6
1.0369618354671975e-6
8.708431194608657e-7
7.29649266170476e-7
6.098384174380394e-7
5.083550469466828e-7
4.2256359854530083e-7
3.5019139251131695e-7
2.892794464345006e-7
2.3814006340581915e-7
1.9532022057607514e-7
1.5956993361560598e-7
1.2981489496808302e-7
1.0513279396241504e-7
8.473280378887254e-8
6.793780489589435e-8
5.4168969665041315e-8
4.293238879521803e-8
3.380746505618519e-8
2.6436838983937816e-8
2.051764252855523e-8
1.57939043098594e-8
1.2049956650967557e-8
9.10471339689744e-9
6.806703039127449e-9
5.029762134643109e-9
3.6693008885181255e-9
2.6390698805104382e-9
1.8683610709288866e-9
1.2995889373914083e-9
8.862025013021927e-10
5.908863499722509e-10
3.840128985915682e-10
2.4231483414797093e-10
1.4774914839322608e-10
8.652747298167152e-11
4.8293531218839315e-11
2.5426150766421004e-11
1.2453697551052565e-11
5.56538364418511e-12
2.2053685340315746e-12
7.413884178154164e-13
1.9629855840111247e-13
3.5637264458378554e-14
3.27044035752858e-15
5.330980282016904e-17
0.
5.027833584075998e-17
2.922227057031254e-15
2.99698627919867e-14
1.5550645049318547e-13
5.542547887392391e-13
1.5558191586997857e-12
3.705282703579129e-12
7.82515040052538e-12
1.5077796510720673e-11
2.702713044070885e-11
4.569875132186953e-11
7.363689762633818e-11
1.1395847480965261e-10
1.704033797544095e-10
2.4738146346024247e-10
3.5001479415446205e-10
4.841770677555979e-10
6.56527742127954e-10
8.745436244961536e-10
1.1465452363368137e-9
1.4817209684668992e-9
1.890145729946931e-9
2.3827988014613106e-9
2.9715762867845083e-9
3.669300888518134e-9
4.4897299600652585e-9
5.447559899002968e-9
6.558427720492636e-9
7.838911200946432e-9
9.306526757088024e-9
1.0979723998027766e-8
1.2877880433814567e-8
1.502129282302729e-8
1.743116763041024e-8
2.0129610616160847e-8
2.3139613795164186e-8
2.6485042438438e-8
3.019062023031124e-8
3.428191457395261e-8
3.8785319590464615e-8
4.37280393464732e-8
4.913807039737598e-8
5.5044183615779945e-8
6.147590515804825e-8
6.846349785987465e-8
7.603794168219702e-8
8.423091393340582e-8
9.30747693231109e-8
1.0260252067561741e-7
1.1284781724140734e-7
1.2384492642291098e-7
1.356287118486942e-7
1.4823461460455003e-7
1.616986316593381e-7
1.7605729728876416e-7
1.9134766197326866e-7
2.076072733466463e-7
2.2487415622006656e-7
2.431867930338077e-7
2.625841054207658e-7
2.831054343442312e-7
3.047905219327098e-7
3.27679492581815e-7
3.5181283555458337e-7
3.7723138587007843e-7
4.03976307818304e-7
4.320890771114834e-7
4.616114642310747e-7
4.925855171988116e-7
5.250535455518932e-7
5.590581045260102e-7
5.946419788930803e-7
6.318481680093195e-7
6.707198702978925e-7
7.113004690534917e-7
7.536335179028849e-7
7.977627260313269e-7
8.437319457268027e-7
8.915851577990605e-7
9.413664595341193e-7
9.931200509624642e-7
1.0468902232127013e-6
1.102721345727651e-6
1.1606578550037704e-6
1.220744242851665e-6
1.2830250453949301e-6
1.3475448320259461e-6
1.4143481943142514e-6
1.4834797367503819e-6
1.5549840664340613e-6
1.6289057823681502e-6
1.7052894675732044e-6
1.7841796786888114e-6
1.8656209378308193e-6
1.9496577232577002e-6
2.036334461949956e-6
2.1256955205448625e-6
2.217785198174139e-6
2.3126477182023377e-6
2.410327221747271e-6
