2.7707355138114523e-7
3.064073642817311e-7
3.387195569509687e-7
3.7429814809241126e-7
4.134574307041223e-7
4.5654020045414097e-7
5.039201560789459e-7
5.56004483504026e-7
6.132366343583338e-7
6.760993128692398e-7
7.451176843427944e-7
8.208628184393278e-7
9.039553826884222e-7
9.95069601374922e-7
1.094937495618979e-6
1.2043534209460611e-6
1.3241789214476923e-6
1.4553479155538684e-6
1.598872235456626e-6
1.7558475372452306e-6
1.927459603373207e-6
2.1149910574066496e-6
2.3198285120921698e-6
2.54347017485062e-6
2.7875339308522414e-6
3.053765929399988e-6
3.344049695227692e-6
3.6604157912687347e-6
4.005052056255238e-6
4.3803144434845615e-6
4.788738486687924e-6
5.233051417479753e-6
5.716184963347916e-6
6.241288851235671e-6
6.811745043560637e-6
7.431182734350965e-6
8.103494132265635e-6
8.832851056717772e-6
9.623722374675711e-6
0.000010480892303652595
0.00001140947960778057
0.000012414957711708917
0.000013503175757904713
0.000014680380631333295
0.00001595323997410436
0.000017328866213603264
0.000018814841625100385
0.00002041924444750887
0.000022150676072501455
0.000024018289322606206
0.000026031817834608743
0.00002820160656016048
0.000030538643396690795
0.00003305459195511501
0.000035761825474291134
0.00003867346188272279
0.0000418034000115043
0.000045166356955973874
0.00004877790658108604
0.00005265451916335169
0.000056813602157679825
0.0000612735420734573
0.00006605374744318464
0.00007117469285806004
0.00007665796404795878
0.00008252630396975093
0.00008880365987382764
0.00009551523130476155
0.00010268751899486351
0.00011034837459914121
0.00011852705121829283
0.0001272542546510565
0.0001365621953103582
0.00014648464073516412
0.00015705696862209929
0.0001683162202975249
0.0001803011545446706
0.00019305230169394403
0.0002066120178814717
0.00022102453937407723
0.00023633603685259248
0.000252594669542362
0.0002698506390733075
0.0002881562429461092
0.0003075659274777932
0.0003281363400923959
0.00034992638082085545
0.00037299725286770054
0.000397412512096444
0.00042323811528531774
0.0004505424669969438
0.0004793964649041138
0.0005098735434103783
0.0005420497153997788
0.0005760036119486721
0.0006118165198297168
0.0006495724166364002
0.0006893580033536295
0.0007312627342005455
0.0007753788435705982
0.0008218013698926764
0.0008706281762378004
0.0009219599674973888
0.0009759003039606841
0.0010325556111185682
0.0010920351855257173
0.0011544511965548118
0.0012199186838818788
0.001288555550541422
0.001360482551402158
0.0014358232769117523
0.00151470413196926
0.0015972543097920273
0.0016836057606451666
0.0017738931553145604
0.0018682538432121532
0.001966827805007993
0.002069757599695641
0.0021771883060092757
0.002289267458114398
0.0024061449755157513
0.0025279730871254577
0.002654906249459029
0.002787101058926897
0.0029247161582131942
0.00306791213673808
0.0032168514252190186
0.003371698184357827
0.0035326181876943036
0.0036997786986845598
0.0038733483420701773
0.004053496969629099
0.004240395520402793
0.004434215875518573
0.00463513070773345
0.00484331332584618
0.00505893751413678
0.005282177367003867
0.00551320711899229
0.00575220097041052
0.005999332908753421
0.006254776526161275
0.00651870483315714
0.006791290068915818
0.007072703508334461
0.007363115266181267
0.007662694098613206
0.007971607202363232
0.008290020011905357
0.00861809599491989
0.008955996446381353
0.009303880281609745
0.00966190382862203
0.010030220620134462
0.010408981185567063
0.010798332843408323
0.01119841949429922
0.01160938141520158
0.012031355055012103
0.01246447283198885
0.012908862933355665
0.013364649117445641
0.013831950518745403
0.014310881456200596
0.014801551245131406
0.0153040640131132
0.015818518520160016
0.016345007983550663
0.016883619907623954
0.017434435918864937
0.017997531606591066
0.018572976369541305
0.019160833268656422
0.0197611588863288
0.020374003192389703
0.02099940941708471
0.02163741393127995
0.02228804613412036
0.022951328348356583
0.023627275723531047
0.024315896147207246
0.025017190164405
0.025731150905389244
0.02645776402194617
0.027197007632258904
0.027948852274481677
0.028713260869094325
0.029490188690096612
0.030279583345093963
0.031081384764297938
0.031895525198456544
0.03272192922570858
0.03356051376733576
0.03441118811237935
0.035273853951059544
0.03614840541692876
0.03703472913766931
0.037932704294432594
0.03884220268959882
0.03976308882282579
0.040695219975237173
0.041638446301588
0.04259261093023294
0.04355755007070953
0.044533093128734456
0.0455190628284035
0.04651527534137018
0.04752154042277165
0.048537661553659545
0.049563436089681126
0.050598655415756005
0.051643105106475594
0.052696565091955666
0.05375880982885764
0.05482960847629524
0.05590872507633522
0.05699591873879646
0.0580909438300495
0.05919355016551788
0.06030348320557464
0.061420484254533135
0.06254429066242621
0.06367463602926865
0.06481125041149963
0.06595386053030217
0.0671021899814981
0.06825595944672055
0.06941488690556938
0.07057868784845572
0.0717470754898499
0.07291976098164776
0.07409645362637901
0.07527686108998324
0.07646068961388891
0.07764764422613248
0.078837428951266
0.08002974701880579
0.08122430106998346
0.08242079336256605
0.08361892597352386
0.0848184009993289
0.08601892075367751
0.08722018796243837
0.08842190595563522
0.08962377885628639
0.09082551176592418
0.0920268109466354
0.09322738399946875
0.09442694003906124
0.0956251898643526
0.09682184612525845
0.09801662348518574
0.09920923877928446
0.1003994111683346
0.10158686228817797
0.10277131639461792
0.10395250050370924
0.10513014452738019
0.10630398140432688
0.10747374722613758
0.10863918135860413
0.10980002655819443
0.11095602908365974
0.11210693880276376
0.1132525092941253
0.11439249794417229
0.11552666603921757
0.11665477885266444
0.11777660572736638
0.11889192015316176
0.120000499839621
0.12110212678403734
0.12219658733470895
0.12328367224955944
0.12436317675014552
0.12543490057111772
0.12649864800518767
0.1275542279436734
0.12860145391269237
0.12964014410507313
0.130670121408067
0.13169121342693568
0.13270325250450257
0.13370607573674972
0.13469952498455168
0.1356834468816362
0.13665769283886084
0.13762211904490834
0.1385765864634847
0.13952096082712978
0.1404551126277272
0.14137891710382253
0.14229225422484082
0.14319500867231405
0.14408706981820799
0.14496833170045995
0.14583869299582217
0.146698056990114
0.14754633154598334
0.1483834290682792
0.1492092664671317
0.15002376511884302
0.1508268508246844
0.15161845376769836
0.15239850846760145
0.15316695373388423
0.15392373261720138
0.15466879235914618
0.15540208434049824
0.15612356402803834
0.15683319092001427
0.15753092849035
0.15821674413167666
0.15889060909727593
0.1595524984420118
0.16020239096233513
0.16084026913543453
0.16146611905761576
0.16207993038197685
0.1626816962554582
0.163271413255334
0.16384908132521447
0.1644147037106268
0.1649682868942368
0.1655098405307776
0.16603937738174174
0.1665569132499002
0.16706246691369975
0.16755606006159918
0.1680377172263922
0.1685074657195708
0.16896533556577775
0.16941135943739444
0.1698455725893107
0.17026801279391818
0.17067872027637046
0.17107773765014864
0.1714651098529728
0.17184088408308967
0.17220510973597947
0.17255783834150748
0.1728991235015568
0.17322902082816607
0.17354758788220867
0.17385488411263025
0.17415097079627742
0.17443591097833655
0.17470976941340746
0.17497261250722906
0.17522450825908226
0.17546552620488104
0.17569573736097385
0.17591521416866787
0.17612403043949296
0.1763222613012136
0.176509983144608
0.17668727357101713
0.1768542113406799
0.1770108763218598
0.17715734944077194
0.17729371263231503
0.1774200487916206
0.1775364417264138
0.17764297611020013
0.17773973743627658
0.17782681197256778
0.1779042867172943
0.17797224935546888
0.17803078821622362
0.17807999223096788
0.1781199508923733
0.17815075421418786
0.17817249269187516
0.17818525726407305
0.17818913927487423
0.17818423043692166
0.17817062279531282
0.17814840869231172
0.1781176807328625
0.1780785317508955
0.1780310547764251
0.1779753430034309
0.177911489758513
0.17783958847032008
0.17775973263973535
0.1776720158108211
0.17757653154250777
0.1774733733810238
0.17736263483305204
0.17724440933961358
0.1771187902506604
0.17698587080037498
0.176845744083165
0.1766985030303432
0.17654424038748726
0.17638304869246269
0.1762150202541089
0.17604024713157115
0.17585882111427187
0.1756708337025107
0.17547637608868583
0.17527553913912372
0.17506841337650667
0.174855088962894
0.17463565568332098
0.17441020292996734
0.17417881968688587
0.1739415945152833
0.17369861553933935
0.173449970432555
0.17319574640462485
0.1729360301888164
0.17267090802985302
0.17240046567228587
0.17212478834934888
0.17184396077228437
0.17155806712013136
0.17126719102996718
0.17097141558759166
0.17067082331864533
0.17036549618015295
0.17005551555248122
0.169740962231705
0.1694219164223688
0.1690984577306381
0.16877066515782976
0.16843861709431357
0.16810239131377563
0.1677620649678366
0.16741771458101373
0.1670694160460208
0.16671724461939735
0.16636127491745722
0.16600158091255093
0.1656382359296322
0.16527131264312167
0.1649008830740605
0.16452701858754445
0.1641497898904335
0.16376926702932798
0.16338551938880433
0.1629986156899046
0.16260862398886936
0.16221561167611243
0.16181964547542438
0.1614207914434048
0.16101911496911153
0.16061468077392105
0.16020755291159808
0.15979779476856334
0.159385469064356
0.1589706378522808
0.1585533625202435
0.15813370379175629
0.15771172172711712
0.15728747572475388
0.15686102452272752
0.15643242620038977
0.15600173818018934
0.15556901722962332
0.1551343194633272
0.1546977003452985
0.1542592146912497
0.15381891667108616
0.15337685981150376
0.15293309699870267
0.15248768048121047
0.15204066187281395
0.15159209215559274
0.15114202168305096
0.15069050018334254
0.1502375767625905
0.14978329990828737
0.1493277174927836
0.14887087677685173
0.14841282441332707
0.14795360645082176
0.14749326833750578
0.14703185492495355
0.14656941047205313
0.14610597864897454
0.14564160254119304
0.14517632465356567
0.14471018691445753
0.14424323067991532
0.1437754967378843
0.14330702531246814
0.1428378560682255
0.142368028114505
0.1418975800098125
0.1414265497662106
0.1409549748537455
0.14048289220490373
0.14001033821908843
0.13953734876712282
0.13906395919577003
0.13859020433227243
0.13811611848890795
0.13764173546755795
0.1371670885642901
0.13669221057394895
