1.2238578663611576e-9
1.404438390030271e-9
1.6108790074019602e-9
1.8467598229448283e-9
2.1161372122510234e-9
2.423605116026572e-9
2.7743620989318383e-9
3.174287937998444e-9
3.6300284763304613e-9
4.149090338322276e-9
4.739947306077475e-9
5.412158591796945e-9
6.176500682126062e-9
7.045114326470793e-9
8.031668369049185e-9
9.151541374336716e-9
1.0422024253988674e-8
1.1862544488347974e-8
1.3494915484023934e-8
1.5343612241237052e-8
1.743607803460215e-8
1.9803061806543116e-8
2.247899297340891e-8
2.5502394482279618e-8
2.8916339324711974e-8
3.2768952882452495e-8
3.711396777193675e-8
4.201133372670954e-8
4.752788805343849e-8
5.373809399182014e-8
6.07248491287537e-8
6.85803735140442e-8
7.740718265206019e-8
8.731915264222226e-8
9.844268530653441e-8
1.1091798184011323e-7
1.2490043257439625e-7
1.4056213484690568e-7
1.580935448495328e-7
1.7770527854735078e-7
1.996300691248278e-7
2.2412489545587355e-7
2.5147329271639256e-7
2.8198785955958037e-7
3.1601297404123973e-7
3.5392773625848305e-7
3.961491500196329e-7
4.43135562330998e-7
4.953903765269824e-7
5.534660572475278e-7
6.179684484044482e-7
6.895614188922793e-7
7.689718628420743e-7
8.569950698295827e-7
9.545004925911693e-7
1.0624379312808673e-6
1.1818441603092455e-6
1.3138500221319658e-6
1.4596880128785338e-6
1.62070038698028e-6
1.7983478073036512e-6
1.9942185679326714e-6
2.210038419445208e-6
2.4476810236242016e-6
2.7091790691321126e-6
2.996736076093413e-6
3.3127389210907042e-6
3.6597711134537194e-6
4.040626851675729e-6
4.458325894979782e-6
4.916129275158673e-6
5.4175558858973e-6
5.966399975665753e-6
6.566749576456016e-6
7.22300589858855e-6
7.939903719517177e-6
8.722532796785119e-6
9.576360330583226e-6
0.000010507254505497885
0.00001152150913301645
0.000012625869421159642
0.000013827558892244628
0.000015134307468788053
0.00001655438074671298
0.00001809661046943633
0.00001977042621996248
0.00002158588833680344
0.000023553722066035425
0.000025685352949879435
0.000027992943457286836
0.000030489430849249516
0.000033188566276253205
0.000036104955096028814
0.00003925409839596593
0.00004265243570290879
0.00004631738885401683
0.00005026740700203904
0.000054522012718204545
0.00005910184915616639
0.0000640287282289941
0.00006932567975106245
0.00007501700148532176
0.00008112831003662627
0.00008768659251935879
0.00009472025892495618
0.00010225919510926907
0.00011033481630986904
0.00011898012109991851
0.00012822974567752542
0.0001381200183824862
0.00014868901432805935
0.00015997661002432396
0.0001720245378699383
0.00018487644037661364
0.00019857792398684005
0.0002131766123423765
0.00022872219884989095
0.00024526649838689106
0.00026286349798939273
0.0002815694063502288
0.0003014427019597355
0.0003225441797117186
0.00034493699579407877
0.00036868671068355607
0.00039386133005452057
0.00042053134341731057
0.00044876976029077826
0.0004786521437211287
0.0005102566409503334
0.0005436640110424683
0.0005789576492734764
0.0006162236080938388
0.0006555506144714559
0.0006970300834267027
0.0007407561275764479
0.0007868255625013425
0.0008353379077629594
0.000886395383395538
0.0009401029017082316
0.0009965680542362025
0.0010559010936899535
0.0011182149107568263
0.0011836250056198945
0.0012522494540685779
0.0013242088680832185
0.0013996263507897828
0.001478627445690861
0.0015613400800906783
0.0016478945026436014
0.0017384232149748483
0.0018330608973247916
0.0019319443281939632
0.002035212297973952
0.002143005516564077
0.0022554665149942797
0.002372739541083156
0.0024949704491843594
0.0026223065840814274
0.002754896659116484
0.002892890628647468
0.003036439554949351
0.0031856954696886743
0.003340811230119883
0.0035019403701627254
0.0036692369465439714
0.0038428553801937116
0.004022950293108222
0.004209676340903644
0.004403188041299507
0.004603639598784515
0.004811184725733488
0.005025976460251946
0.005248166981042849
0.005477907419596972
0.00571534767002183
0.00596063619683257
0.0062139198410388705
0.006475343624867434
0.006745050555471018
0.007023181427978404
0.007309874628244027
0.007605265935666443
0.007909488326439671
0.008222671777612933
0.008544943072327442
0.008876425606606553
0.009217239198067953
0.009567499896933633
0.009927319799699814
0.010296806865835213
0.010676064737866862
0.011065192565203727
0.01146428483205053
0.01187343118974653
0.012292716293863566
0.012722219646381318
0.013162015443255334
0.0136121724276727
0.014072753749287077
0.014543816829707104
0.015025413234499633
0.015517588551955933
0.016020382278853936
0.01653382771343643
0.0170579518558033
0.017592775315908596
0.018138312229329656
0.01869457018096037
0.019261550136766586
0.019839246383720296
0.020427646478012703
0.021026731201630934
0.02163647452736154
0.022256843592269787
0.022887798679683942
0.023529293209695983
0.02418127373817369
0.024843679964262674
0.025516444746335368
0.02619949412633417
0.026892747362433446
0.027596116969931656
0.02830950877027003
0.029032821948056512
0.029765949115962063
0.030508776387338697
0.031261183456400214
0.03202304368578611
0.032794224201325745
0.03357458599379863
0.0343639840274849
0.03516226735528159
0.03596927924015616
0.03678485728269679
0.037608833554510654
0.038441034737217786
0.0392812822667726
0.04012939248285096
0.04098517678302278
0.04184844178143661
0.04271898947172885
0.04359661739387633
0.04448111880469968
0.045372282851729395
0.046269894750144314
0.04717373596248727
0.04808358438086866
0.0489992145113667
0.04992039766033462
0.05084690212232591
0.05177849336935679
0.052714934241218175
0.0536559851365644
0.054601404204503885
0.05555094753641866
0.05650436935775394
0.057461422219516195
0.05842185718922908
0.05938542404109756
0.060351871445146574
0.06132094715509564
0.062292398194748945
0.06326597104268065
0.06424141181500591
0.06521846644603826
0.06619688086663615
0.06717640118005647
0.0681567738351365
0.06913774579663796
0.07011906471259192
0.0711004790784963
0.07208173839822091
0.073062593341491
0.07404279589782257
0.07502209952679435
0.07600025930455076
0.07697703206643801
0.07795217654568165
0.07892545350802978
0.07989662588228232
0.08086545888665071
0.08183172015088233
0.08279517983411272
0.08375561073839344
0.08471278841787235
0.08566649128359692
0.08661650070392105
0.08756260110050859
0.08850458003992501
0.08944222832082357
0.09037534005672959
0.0913037127544432
0.0922271473880762
0.09314544846875333
0.09405842411000602
0.09496588608889843
0.09586764990292374
0.09676353482272297
0.09765336394066863
0.09853696421537643
0.09941416651219781
0.10028480563975803
0.10114872038260676
0.10200575353004626
0.10285575190121408
0.10369856636649098
0.10453405186531263
0.10536206742046565
0.1061824761489472
0.10699514526947221
0.10779994610671526
0.10859675409236998
0.10938544876311594
0.11016591375558128
0.1109380367983904
0.11170170970138624
0.11245682834211887
0.11320329264969214
0.11394100658605769
0.1146698781248476
0.11538981922784132
0.1161007458191502
0.11680257775721944
0.11749523880472813
0.11817865659648552
0.11885276260540566
0.11951749210665308
0.12017278414004345
0.12081858147078832
0.12145483054866553
0.1220814814657015
0.12269848791244763
0.12330580713293222
0.12390339987836498
0.12449123035967824
0.1250692661989754
0.12563747837996725
0.12619584119746602
0.12674433220601194
0.12728293216770256
0.12781162499929088
0.1283303977186258
0.12883924039048947
0.12933814607190933
0.12982711075699316
0.13030613332135751
0.13077521546620027
0.13123436166208097
0.1316835790924561
0.13212287759703045
0.13255226961496858
0.13297177012801992
0.13338139660360476
0.13378116893790754
0.13417110939901808
0.1345512425701703
0.13492159529311057
0.13528219661164442
0.1356330777153911
0.13597427188378627
0.1363058144303663
0.13662774264736852
0.13694009575067362
0.1372429148251272
0.13753624277026405
0.13782012424646145
0.13809460562155199
0.1383597349179127
0.1386155617600613
0.13886213732277322
0.13909951427974543
0.13932774675282167
0.1395468902618014
0.13975700167484345
0.1399581391594819
0.14015036213427215
0.14033373122107376
0.14050830819798565
0.14067415595294563
0.14083133843799955
0.140979920624256
0.14111996845752797
0.14125154881467297
0.14137472946063698
0.14148957900620443
0.1415961668664658
0.14169456321999935
0.1417848389687758
0.1418670656987836
0.14194131564138268
0.14200766163537923
0.1420661770898326
0.14211693594758346
0.14216001264951048
0.14219548209951097
0.14222341963020294
0.14224390096934864
0.14225700220699505
0.14226279976332953
0.1422613703572436
0.1422527909756077
0.14223713884324377
0.14221449139359763
0.14218492624010226
0.142148521148229
0.14210535400821994
0.14205550280849177
0.14199904560971333
0.1419360605195411
0.14186662566801075
0.14179081918357778
0.14170871916979733
0.14162040368263748
0.14152595070842014
0.14142543814237726
0.14131894376781856
0.14120654523589932
0.14108832004598493
0.140964345526598
0.14083469881694377
0.1406994568490037
0.1405586963301892
0.14041249372654688
0.1402609252465058
0.1401040668251598
0.13994199410907454
0.1397747824416108
0.13960250684875591
0.13942524202545392
0.13924306232242595
0.13905604173347214
0.13886425388324505
0.13866777201548863
0.13846666898173088
0.1382610172304233
0.13805088879651767
0.13783635529147262
0.13761748789367978
0.13739435733930272
0.13716703391351814
0.13693558744215362
0.13670008728371127
0.13646060232176843
0.13621720095775133
0.1359699511040682
0.1357189201775982
0.13546417509352526
0.1352057822595093
0.13494380757018948
0.13467831640200947
0.134409373608357
0.13413704351500852
0.13386138991588006
0.13358247606906407
0.13330036469315384
0.13301511796384735
0.13272679751081992
0.13243546441486226
0.13214117920527468
0.13184400185751197
0.13154399179107248
0.13124120786762342
0.1309357083893574
0.13062755109757232
0.1303167931714702
0.13000349122716812
0.12968770131691273
0.1293694789284968
0.12904887898486933
0.12872595584393262
0.12840076329852226
0.12807335457656532
0.12774378234140918
0.1274120986923153
0.1270783551651156
0.12674260273302432
0.12640489180759992
0.12606527223985345
0.1257237933214967
0.12538050378632695
0.12503545181174505
0.12468868502039704
0.12434025048194071
0.12399019471492878
0.12363856368880732
0.12328540282602143
0.12293075700422912
0.12257467055861414
0.12221718728429795
0.12185835043884424
0.12149820274485464
0.1211367863926483
0.12077414304302737
0.12041031383011876
0.1200453393642932
0.11967925973515521
0.1193121145146041
0.1189439427599594
0.11857478301714948
0.11820467332396001
0.11783365121333925
