0.5127558353269073
0.4698123663995591
0.43252102334020803
0.4007706779314618
0.3733404001232965
0.3492825627552827
0.32791401638422774
0.308736484796894
0.2913777363956706
0.27555296631544485
0.26103953271848934
0.24766009448380405
0.23527107356332205
0.22375456518485576
0.21301253583712154
0.2029625760543654
0.19353473369685614
0.18466911359519245
0.17631403092479686
0.16842457145738154
0.16096145538027778
0.15389013077160463
0.14718004302920426
0.14080404067967
0.1347378880241118
0.1289598623001726
0.12345041830978085
0.11819190735422921
0.11316834022524755
0.10836518619495125
0.10376920161995626
0.09936828306130402
0.09515134081972447
0.09110818956608646
0.08722945336166395
0.08350648285063289
0.07993128279683007
0.07649644844996173
0.07319510947964741
0.07002088042156562
0.0669678167482653
0.06403037581547195
0.06120338204887303
0.05848199583103403
0.055861685626958965
0.053338202952768005
0.050907559847363226
0.048566008553652645
0.04631002315541656
0.04413628294944755
0.042041657361184356
0.04002319223649024
0.03807809736317083
0.03620373509385803
0.03439760995741593
0.03265735915948283
0.03098074388443134
0.02936564132117625
0.02781003734413009
0.026312019788353437
0.024869772264760302
0.023481568467231616
0.022145766928791836
0.020860806188695534
0.01962520033646992
0.01843753490269198
0.01729646306966507
0.016200702178214767
0.015149030509619885
0.014140284324284387
0.013173355141174311
0.012247187244347767
0.011360775405135958
0.010513162810750463
0.009703439192342086
0.008930739147900484
0.00819424065793674
0.007493163794738297
0.006826769629277668
0.006194359343754632
0.0055952735625327595
0.005028891920235572
0.004494632893499339
0.003991953933082118
0.00352035194679662
0.0030793642027301025
0.0026685697490524923
0.0022875914855692682
0.0019360990799540065
0.0016138130101143247
0.001320510154460267
0.001056031583207531
0.0008202936036286706
0.0006133038433027129
0.00043518559033908137
0.00028621669347157785
0.00016689681558801258
0.00007807855099596501
0.000021282181019610607
0.
0.000020888259532485198
0.00007523465941734345
0.00015790387463702495
0.000265913622928644
0.00039705849020043476
0.0005495630032605446
0.0007219314023488058
0.0009128674362717724
0.0011212259388638092
0.0013459810767496464
0.0015862042471101751
0.0018410479786794953
0.002109733779851047
0.0023915426986825424
0.0026858078141724926
0.002991908144537571
0.0033092636217296736
0.003637330885786906
0.003975599721472964
0.0043235900064142
0.004680849072499572
0.005046949405475301
0.0054214866244864796
0.005804077695735809
0.006194359343754638
0.0065919866308724925
0.0069966316809441705
0.007407982527663742
0.00782574207115458
0.00824962712922016
0.00867936757178351
0.009114705528805282
0.009555394663393887
0.010001199503001802
0.010451894822579803
0.010907265074376612
0.011367103859756526
0.011831213438986228
0.012299404275434179
0.012771494611044158
0.013247310070306575
0.013726683290258482
0.014209453574313826
0.014695466567955756
0.015184573954528918
0.015676633169544773
0.01617150713207058
0.016669063991908803
0.01716917689139838
0.01767172374077137
0.018176587006100236
0.01868365350895345
0.01919281423695183
0.01970396416449019
0.020217002082946803
0.020731830439760575
0.021248355185804264
0.021766485630526695
0.022286134304381006
0.022807216828086896
0.023329651788315357
0.023853360619408147
0.024378267490779447
0.02490429919966352
0.02543138506890607
0.02595945684950833
0.026488448627660168
0.02701829673601141
0.02754893966895009
0.028080318001669727
0.028612374312824256
0.02914505311057774
0.029678300761874325
0.030212065424757815
0.030746296983587815
0.03128094698700276
0.03181596858849246
0.03235131648945004
0.03288694688458161
0.03342281740955706
0.033958887090794976
0.03449511629727757
0.035031466694300545
0.03556790119906554
0.03610438393803024
0.036640880205932605
0.03717735642641483
0.03771378011417208
0.038250119838557695
0.038786345188579235
0.03932242673922504
0.039858336019059526
0.0403940454790338
0.04092952846245882
0.04146475917608878
0.04199971266226968
0.04253436477210561
0.04306869213960131
0.04360267215673813
0.04413628294944753
