0.11176960252022655
0.06694548295372804
0.0452096961692324
0.03259093952083633
0.024508664108527315
0.018992452185713847
0.01505424359615444
0.012145919863909836
0.009940573947174259
0.008232236248823738
0.0068854064082927565
0.005807768825077762
0.004934579463097366
0.0042193073170258225
0.0036278038598098515
0.0031345495028292547
0.002720168152732026
0.00236974064217483
0.002071635369967218
0.0018166819399213015
0.0015975771698637346
0.0014084515532362867
0.0012445484301738124
0.001101983568958363
0.00097756292979491
0.0008686430735353434
0.0007730231989342832
0.0006888608946631677
0.0006146058521834644
0.0005489473090726014
0.000490772080174081
0.000439130819451163
0.0003932107286604657
0.00035231335141055185
0.0003158364053855457
0.00028325884122791815
0.0002541284948618737
0.00022805183589578383
0.00020468541903734768
0.0001837287260538511
0.00016491814849894584
0.00014802191048913024
0.00013283576943127695
0.00011917936316286964
0.00010689309628572891
0.00009583547791503496
0.00008588083868820101
0.00007691736748504386
0.00006884541852445367
0.00006157604783057607
0.00005502974484755773
0.00004913533056415659
0.00004382899810068128
0.000039053475499345045
0.00003475729360846685
0.00003089414456234579
0.000027422318545570468
0.000024304208350930807
0.000021505872778642776
0.00001899665120928107
0.00001674882277708188
0.000014737304485693293
0.000012939383395526387
0.000011334478670923847
9.903929847044675e-6
8.630808156301178e-6
7.499748170600288e-6
6.4967973695554e-6
5.6092815542779475e-6
4.825684283101915e-6
4.135538741223997e-6
3.5293306446175586e-6
2.9984109570217385e-6
2.5349173396294026e-6
2.13170338673939e-6
1.7822748109245877e-6
1.4807318389894947e-6
1.2217171651983425e-6
1.000368885087664e-6
8.122778971189356e-7
6.534493157806221e-7
5.202674963310739e-7
4.094643077870937e-7
3.180903394615258e-7
2.4348875287066685e-7
1.8327152868595254e-7
1.3529788488202015e-7
9.7654663005269e-8
6.863850842278007e-8
4.673968785955529e-8
3.0627407307302773e-8
1.913651276550076e-8
1.125547531599339e-8
6.1155822610746175e-9
2.9812798459188143e-9
1.24164703686825e-9
4.030273405998155e-10
8.293968301071725e-11
5.5947773622530904e-12
0.
5.38250560143079e-12
7.678458422420286e-11
3.590965827264038e-10
1.0648157479679762e-9
2.4609438314039318e-9
4.85930174206142e-9
8.608834099852708e-9
1.4089281689970098e-8
2.170587412379368e-8
3.1884821717136133e-8
4.506945168287911e-8
6.171687657331553e-8
8.229510820988431e-8
1.0728055057295659e-7
1.371558146752239e-7
1.7240781385274605e-7
2.1352609881497321e-7
2.610014061800981e-7
3.1532438699624846e-7
3.769845002835192e-7
4.4646904606822986e-7
5.242623248267467e-7
6.108449067418143e-7
7.066929985412593e-7
8.122778971189367e-7
9.280655197901646e-7
1.0545160024999773e-6
1.1920833579489063e-6
1.3412151883370982e-6
1.5023524441705497e-6
1.675929227768899e-6
1.862372631132212e-6
2.06210261008937e-6
2.275531886984998e-6
2.5030658787668697e-6
2.7451026498972764e-6
3.0020328847070354e-6
3.274239878964157e-6
3.562099546448405e-6
3.86598044075356e-6
4.186243788953693e-6
4.523243536380091e-6
4.877326401240385e-6
5.248831936834412e-6
5.638092601907327e-6
6.045433837011336e-6
6.47117414573285e-6
6.915625180615414e-6
7.37909183390945e-6
7.861872330461463e-6
8.364258323560334e-6
8.88653499272763e-6
9.428981144373827e-6
9.99186931162849e-6
0.000010575465857683863
0.000011180031076925861
0.000011805819299262097
0.000012453078991760682
0.000013122052862621557
0.00001381297796275515
0.000014526085788592343
0.00001526160238221807
0.000016019748433044686
0.000016800739376040185
0.000017604785491201023
0.000018432092000311455
0.000019282859163258044
0.000020157282372741018
0.000021055552247893202
0.000021977854726440568
0.000022924371155156667
0.00002389527837958856
0.00002489074883204184
0.000025910950616705264
0.000026956047596462667
0.000028026199474507593
0.000029121561877425325
0.00003024228643497605
0.00003138852085891677
0.000032560409021099644
0.00003375809102830311
0.000034981703297921375
0.00003623137862964425
0.00003750724627836357
0.00003880943202332966
0.00004013805823713242
0.00004149324395341774
0.00004287510493225116
0.00004428375372503884
0.00004571929973836422
0.00004718184929476455
0.00004867150569480095
0.0000501883692755614
0.00005173253746961854
0.00005330410486124372
0.000054903163243013514
0.00005652980167016737
0.00005818410651384668
0.00005986616151402281
0.00006157604783057599
