1.3079205757367429e-8
1.4880364667336082e-8
1.691896853694554e-8
1.922478480794051e-8
2.183110058765455e-8
2.4775109517925443e-8
2.8098340877578362e-8
3.184712811698499e-8
3.6073127046108595e-8
4.0833882843899245e-8
4.619345355917994e-8
5.222309330220538e-8
5.900200042224386e-8
6.661813763587057e-8
7.516912687336497e-8
8.476322908861242e-8
9.552041278523076e-8
1.0757351952854482e-7
1.2106953469650094e-7
1.3617097028126857e-7
1.530573697933623e-7
1.7192694413757804e-7
1.9299834727577665e-7
2.1651260311949903e-7
2.427351954089944e-7
2.7195832944579734e-7
3.045033808870407e-7
3.40723543173623e-7
3.8100668664899203e-7
4.2577844503256436e-7
4.7550554308927063e-7
5.306993822973363e-7
5.919198996217842e-7
6.597797179189062e-7
7.349486058100872e-7
8.181582642885277e-7
9.102074616301366e-7
1.0119675352669667e-6
1.1243882832433135e-6
1.2485042653863738e-6
1.385441536926538e-6
1.5364248394432126e-6
1.702785271022337e-6
1.885968462378042e-6
2.0875432808657043e-6
2.3092110928863233e-6
2.552815606948376e-6
2.8203533268052963e-6
3.113984641860431e-6
3.436045581191203e-6
3.7890602624132533e-6
4.175754060303628e-6
4.5990675277134095e-6
5.062171094508729e-6
5.568480575057501e-6
6.1216735140236335e-6
6.725706396488435e-6
7.384832753674487e-6
8.103622191142846e-6
8.88698036613991e-6
9.74016994333949e-6
0.000010668832552446922
0.00001167901177476559
0.000012777177181989819
0.000013970249450613018
0.00001526562657175867
0.000016671211179276567
0.0000181954390103849
0.000019847308518956247
0.00002163641165131561
0.000023572965799678002
0.000025667846939772973
0.000027932623960785986
0.00003037959418981145
0.00003302182011146741
0.000035873167279698645
0.00003894834341445712
0.00004226293867475518
0.000045833467090797924
0.00004967740913892877
0.00005381325543600316
0.000058260551525526205
0.00006303994372279681
0.00006817322598329212
0.00007368338775160594
0.00007959466274344665
0.00008593257860671114
0.0000927240074073048
0.00009999721687005003
0.00010778192231074202
0.00011610933917863332
0.00012501223613303354
0.00013452498856176954
0.00014468363245152534
0.0001555259185084966
0.000167091366425798
0.00017942131918335501
0.00019255899726583727
0.00020654955267255571
0.0002214401225925412
0.00023727988260768102
0.00025412009928573733
0.0002720141820157975
0.00029101773393709813
0.0003111886018043592
0.0003325869246290447
0.00035527518093463544
0.0003793182344539102
0.0004047833780989564
0.0004317403760267966
0.0004602615036232748
0.0004904215852255126
0.0005222980293977665
0.0005559708615791212
0.0005915227539189964
0.0006290390521115501
0.0006686077990479766
0.0007103197551000203
0.0007542684148525463
0.0008005500201054264
0.0008492635689637669
0.0009005108208439856
0.0009543962972244888
0.001011027277972125
0.0010705137930862559
0.0011329686097025975
0.0011985072142100053
0.0012672477893364376
0.0013393111860737592
0.001414820890311736
0.0014939029840708295
0.0015766861012227245
0.0016633013776062892
0.0017538823954529228
0.0018485651220490444
0.0019474878425737325
0.0020507910870646772
0.00215861755147617
0.0022711120128081417
0.002388421238298146
0.0025106938886828066
0.002638080415551721
0.0027707329528263037
0.002908805202418787
0.0030524523141359965
0.00320183075991037
0.003357098202454631
0.003518413358456704
0.0036859358564387762
0.003859826089429629
0.004040245062606234
0.004227354236080177
0.00442131536302099
0.004622290323316184
0.00483044095299133
0.005045928869619417
0.005268915293966116
0.005499560868132398
0.005738025470460464
0.005984468027493073
0.006239046323274167
0.006501916806299587
0.006773234394431666
0.007053152278099914
0.007341821722121791
0.007639391866480383
0.007946009526407631
0.008261818992120543
0.008586961828571518
0.008921576675567554
0.009265799048624453
0.009619761140919909
0.009983591626710002
0.010357415466576467
0.010741353714866567
0.01113552332969112
0.011540036985837821
0.011955002890956152
0.012380524605365293
0.012816700865827696
0.013263625413629928
0.013721386827297337
0.014190068360266647
0.014669747783829103
0.015160497235646024
0.01566238307412755
0.016175465738955397
0.01669979961801664
0.01723543292100309
0.01778240755991556
0.01834075903670122
0.018910516338234026
0.019491701838836816
0.020084331210521198
0.020688413341116388
0.021303950260427768
0.021930937074563124
0.022569361908537106
0.023219205857251214
0.02388044294493317
0.024553040093093552
0.02523695709704988
0.025932146611041977
0.026638554141954304
0.027356118051634938
0.028084769567791053
0.02882443280341927
0.029575024784716797
0.030336455487399615
0.031108627881338256
0.031891437983412416
0.032684774918460065
0.033488520988192556
0.034302551747926284
0.03512673609097141
0.035960936340504374
0.03680500834873643
0.03765880160318423
0.038522159339830116
0.039394918662954026
0.04027691067140983
0.041167960591104294
0.04206788791343595
0.04297650653943472
0.04389362492934598
0.04481904625738603
0.04575256857139891
0.046693984957134047
0.047643083706863196
0.048599648492047995
0.049563458539771926
0.05053428881264282
0.05151191019187336
0.05249608966324768
0.05348659050567626
0.05448317248205085
0.055485592032100906
0.05649360246696672
0.05750695416519621
0.05852539476988235
0.05954866938665698
0.06057652078226529
0.06160868958344332
0.06264491447583173
0.06368493240266178
0.06472847876295382
0.06577528760897622
0.06682509184272241
0.06787762341116033
0.06893261350002977
0.06998979272595833
0.07104889132668005
0.07210963934914949
0.07317176683534975
0.07423500400559914
0.07529908143917746
0.07636373025209169
0.07742868227181716
0.07849367020885512
0.07955842782495627
0.0806226900978721
0.08168619338250184
0.0827486755683092
0.08380987623290145
0.08486953679165885
0.08592740064332349
0.08698321331145606
0.08803672258168416
0.08908767863467126
0.0901358341747406
0.09118094455410498
0.09222276789265256
0.09326106519325177
0.09429560045254401
0.09532614076720193
0.09635245643563649
0.09737432105514475
0.09839151161449422
0.09940380858195295
0.10041099598877032
0.10141286150813106
0.10240919652960238
0.10339979622910433
0.10438445963443696
0.10536298968640367
0.10633519329557663
0.10730088139474968
0.10825986898713713
0.10921197519037079
0.11015702327636204
0.11109484070708908
0.11202525916638323
0.11294811458778055
0.11386324717852078
0.11477050143976307
0.11566972618310681
0.1165607745434931
0.11744350398857675
0.11831777632465129
0.11918345769921844
0.12004041860028802
0.12088853385250212
0.12172768261017412
0.12255774834733434
0.12337861884487693
0.12419018617490121
0.12499234668234292
0.12578500096398695
0.1265680538449594
0.12734141435279028
0.12810499568914288
0.12885871519930375
0.1296024943395227
0.13033625864230117
0.13105993767971597
0.13177346502487117
0.13247677821156809
0.13316981869228203
0.13385253179453366
0.13452486667573943
0.1351867762766327
0.13583821727332906
0.1364791500281295
0.13710953853913227
0.1377293503887415
0.13833855669114276
0.1389371320388283
0.1395250544482397
0.1401023053046082
0.14066886930605654
0.14122473440703642
0.14176989176116583
0.1423043356635352
0.14282806349254207
0.14334107565132054
0.1438433755088206
0.1443349693406021
0.1448158662693933
0.14528607820547162
0.14574561978692194
0.14619450831981612
0.14663276371837344
0.14706040844513646
0.14747746745122037
0.14788396811667087
0.14827994019097757
0.14866541573377923
0.14904042905580495
0.14940501666008094
0.14975921718344767
0.1501030713384101
0.1504366218553634
0.15075991342521727
0.15107299264245325
0.1513759079486374
0.15166870957642015
0.1519514494940426
0.1522241813503763
0.15248696042051776
0.15273984355195513
0.15298288911133034
0.15321615693181484
0.15343970826111028
0.15365360571009637
0.15385791320213618
0.15405269592305373
0.15423802027179645
0.15441395381179088
0.15458056522300656
0.15473792425473298
0.15488610167907874
0.1550251692452029
0.15515519963428043
0.1552762664152119
0.1553884440010765
0.15549180760633985
0.15558643320481177
0.15567239748836184
0.15574977782639332
0.15581865222607286
0.1558790992933231
0.15593119819457105
0.15597502861925572
0.15601067074309335
0.15603820519209402
0.15605771300733373
0.15606927561047376
0.15607297477002685
0.15606889256836298
0.15605711136945616
0.15603771378736067
0.15601078265541762
0.15597640099618243
0.15593465199206885
0.15588561895670555
0.15582938530699345
0.15576603453586385
0.15569565018572523
0.155618315822595
0.15553411501090575
0.15544313128898155
0.15534544814517487
0.15524114899465538
0.15513031715684422
0.15501303583348588
0.15488938808734642
0.15475945682153172
0.15462332475941895
0.15448107442518738
0.15433278812494391
0.15417854792843502
0.15401843565133103
0.15385253283808015
0.15368092074531944
0.1535036803258331
0.15332089221305267
0.15313263670608493
0.15293899375526424
0.15274004294821458
0.15253586349641585
0.1523265342222645
0.15211213354661798
0.1518927394768164
0.1516684295951698
0.1514392810479037
0.15120537053455543
0.15096677429780628
0.15072356811374948
0.15047582728257766
0.150223626619685
0.1499670404471741
0.1497061425857597
0.1494410063470597
0.14917170452626685
0.14889830939518972
0.14862089269565829
0.14833952563328312
0.1480542788715613
0.14776522252632163
0.1474724261604983
0.1471759587792311
0.1468758888252764
0.14657228417472806
0.14626521213303792
0.14595473943132806
0.1456409322229887
0.1453238560805534
0.1450035759928449
0.14468015636238532
0.14435366100306243
0.14402415313804678
0.1436916953979483
0.14335634981921624
0.14301817784276247
0.14267724031281148
0.14233359747596835
0.14198730898049544
0.141638433875796
0.1412870306120964
0.1409331570403206
0.14057687041215286
0.14021822738028245
0.13985728399882366
0.13949409572390617
0.13912871741443114
0.13876120333298875
0.1383916071469274
0.13801998192957535
0.13764638016160652
0.1372708537325451
0.13689345394240626
0.13651423150346806
0.1361332365421677
0.13575051860111995
0.13536612664125255
0.13498010904405455
0.13459251361393268
0.13420338758067307
0.13381277760200203
0.13342072976624322
0.13302728959507015
0.13263250204634425
0.1322364115170389
0.13183906184624658
0.1314404963182624
0.13104075766574283
0.13063988807293578
0.13023792917897895
0.12983492208126207
0.1294309073388524
0.12902592497597698
0.12862001448556207
0.1282132148328257
0.1278055644589183
0.1273971012846125
0.12698786271403706
0.12657788563845168
0.12616720644006338
0.125755860995878
0.1253438846815871
0.12493131237548724
