2.410327221747271e-6
2.649021083282942e-6
2.9099226883756727e-6
3.1949454412482625e-6
3.5061522611952342e-6
3.845765832346841e-6
4.216179432425531e-6
4.619968365280773e-6
5.059902016975983e-6
5.538956563682621e-6
6.060328350743336e-6
6.627447969745412e-6
7.2439950538733504e-6
7.913913819273732e-6
8.641429372457073e-6
9.431064807753522e-6
0.000010287659119309645
0.00001121638594762109
0.000012222773184680842
0.000013312723458047591
0.000014492535514718501
0.00001576892652539804
0.00001714905532714761
0.000018640546624804155
0.00002025151616419628
0.00002199059689805044
0.00002386696615480346
0.00002589037382607872
0.000028071171582357805
0.000030420343129033386
0.0000329495355080298
0.000035671091453716986
0.00003859808280517381
0.00004174434497717607
0.00004512451248926753
0.000048754055551153387
0.000052649317696075004
0.00005682755445515361
0.00006130697306355233
0.00006610677317886998
0.00007124718860038052
0.00007674952996364649
0.00008263622838959332
0.00008893088005774126
0.00009565829167511024
0.00010284452680307944
0.00011051695300581288
0.00011870428977535384
0.00012743665718857396
0.000136745625242311
0.0001466642638142152
0.00015722719318810103
0.00016847063508026902
0.00018043246409835698
0.00019315225956058728
0.00020667135759612232
0.0002210329034479859
0.000236281903888223
0.00025246527965798796
0.00026963191783418696
0.00028783272402376896
0.0003071206742829254
0.0003275508666485248
0.0003491805721721191
0.0003720692853379212
0.0003962787737425181
0.0004218731269109607
0.0004489188041216627
0.0004774846811042092
0.0005076420954755242
0.0005394648907740634
0.0005730294589475657
0.0006084147811520406
0.0006457024667082394
0.0006849767900708843
0.0007263247256523871
0.0007698359803505187
0.0008156030236211307
0.0008637211149421872
0.0009142883285080349
0.0009674055749985671
0.0010231766202643824
0.0010817081007710356
0.0011431095356466384
0.0012074933351760393
0.001274974805591753
0.0013456721500076491
0.0014197064653503656
0.0014972017351421076
0.0015782848179951754
0.001663085431681518
0.0017517361326461064
0.0018443722908361654
0.001941132059729369
0.0020421563414434567
0.0021475887468210553
0.0022575755503919876
0.0023722656401175307
0.0024918104618355925
0.0026163639583307854
0.002746082502963924
0.002881124827804554
0.0030216519462223776
0.0031678270698995165
0.0033198155202421487
0.003477784634175556
0.003641903664323904
0.0038123436735835866
0.003989277424112581
0.004172879260771802
0.004363324989066373
0.004560791747646625
0.004765457875442988
0.004977502773521677
0.005197106761762007
0.0054244509304659915
0.005659716987030224
0.005903087097817813
0.006154743725382319
0.006414869461212003
0.006683646854171611
0.006961258234832283
0.007247885535894841
0.007543710108920692
0.00784891253759944
0.008163672447790163
0.008488168314587392
0.008822577266671431
0.009167074888214562
0.009521835018620946
0.009887029550390641
0.010262828225404684
0.010649398429934159
0.011046904988689103
0.01145550995822079
0.011875372420005682
0.012306648273536712
0.01274949002975757
0.013204046605174878
0.0136704631169889
0.014148880679582667
0.014639436202713546
0.015142262191746761
0.01565748655027733
0.016185232385475458
0.016725617816498863
0.017278755786303154
0.017844753877184708
0.01842371413038017
0.019015732870046254
0.019620900531933508
0.020239301497061057
0.020871013930695362
0.021516109626921243
0.022174653859090936
0.022846705236421593
0.02353231556700358
0.024231529727471404
0.02494438553957597
0.025670913653884596
0.026411137440823258
0.02716507288926144
0.027932728512826865
0.028714105264121787
0.0295091964570015
0.030317987697053878
0.03114045682041284
0.03197657384101567
0.03282630090640009
0.033689592262125846
0.03456639422488255
0.03545664516433494
0.036360275493737354
0.03727720766933711
0.038207356198563754
0.03915062765699431
0.04010692071406021
0.04107612616745177
0.04205812698615789
0.043052798362065214
0.04406000777002542
0.045079615036282064
0.04611147241514142
0.04715542467375024
0.04821130918483209
0.049278956027226324
0.05035818809405308
0.051448821208321345
0.05255066424578377
0.053663519264831344
0.05478718164321075
0.05592144022133675
0.0570660774519641
0.05822086955597393
0.0593855866840218
0.060559993083787934
0.06174384727256169
0.06293690221489043
0.06413890550501032
0.06534959955378108
0.06656872177983474
0.06779600480464897
0.06903117665125216
0.07027396094626571
0.07152407712498528
0.07278124063920437
0.07404516316748387
0.07531555282756618
0.07659211439064194
0.07787454949717082
0.07916255687396569
0.08045583255224742
0.08175407008638469
0.0830569607730356
0.08436419387040857
0.08567545681737054
0.08699043545213135
0.08830881423023837
0.08963027644162487
0.09095450442645733
0.09228117978953675
0.09360998361301524
0.09494059666719376
0.09627269961917903
0.09760597323918023
0.09894009860423827
0.10027475729918711
0.10160963161465131
0.10294440474190075
0.10427876096438286
0.10561238584576825
0.10694496641434997
0.10827619134364985
0.10960575112908946
0.11093333826059541
0.11225864739101757
0.11358137550024594
0.11490122205492354
0.1162178891636569
0.1175310817276411
0.11884050758661836
0.12014587766010354
0.12144690608381302
0.12274331034124619
0.12403481139037544
0.12532113378540632
0.12660200579358155
0.12787715950700845
0.12914633094949288
0.1304092601783785
0.13166569138139048
0.13291537296848843
0.13415805765875075
0.13539350256230243
0.13662146925732152
0.13784172386215054
0.1390540371025572
0.1402581843741857
0.14145394580024784
0.14264110628451
0.14381945555963338
0.1449887882309329
0.14614890381561868
0.14729960677759785
0.14844070655790495
0.14957201760084488
0.1506933593759276
0.15180455639568022
0.15290543822942473
0.15399583951310925
0.15507559995528736
0.15614456433933852
0.15720258252202604
0.15824950942849048
0.1592852050437757
0.16030953440099216
0.16132236756621254
0.1623235796202058
0.1633130506371134
0.16429066566016476
0.16525631467454174
0.16620989257749055
0.16715129914578847
0.1680804390006629
0.1689972215702717
0.16990156104984167
0.1707933763595685
0.17167259110038077
0.17253913350766226
0.1733929364030394
0.1742339371443225
0.17506207757370487
0.17587730396430856
0.17667956696517673
0.17746882154479804
0.17824502693326064
0.1790081465631188
0.17975814800906428
0.1804950029264839
0.18121868698899188
0.18192917982501525
0.18262646495351256
0.18331052971890938
0.18398136522531866
0.18463896627012774
0.18528333127702035
0.18591446222850644
0.18653236459802566
0.18713704728169378
0.18772852252975425
0.18830680587779916
0.18887191607781878
0.18942387502913713
0.18996270770929424
0.19048844210492338
0.1910011091426807
0.1915007426202747
0.191987379137647
0.19246105802834748
0.1929218212911496
0.1933697135219525
0.19380478184600458
0.19422707585049165
0.1946366475175274
0.19503355115757867
0.19541784334336276
0.19578958284424666
0.1961488305611796
0.19649564946218853
0.19683010451846183
0.19715226264104846
0.19746219261819767
0.19775996505335955
0.19804565230386886
0.19831932842033445
0.19858106908674694
0.19883095156132866
0.1990690546181381
0.1992954584894414
0.19951024480887114
0.1997134965553764
0.19990529799798396
0.20008573464137075
0.20025489317226697
0.20041286140668857
0.20055972823801402
0.2006955835859046
0.20082051834607767
0.20093462434093534
0.2010379942710531
0.20113072166752902
0.2012129008451971
0.201284626856705
0.20134599544745646
0.20139710301141772
0.20143804654778805
0.20146892361853144
0.20148983230676704
0.2015008711760173
0.2015021392303078
0.2014937358751168
0.2014757608791709
0.20144831433707772
0.20141149663279515
0.2013654084039294
0.20131015050685494
0.20124582398265117
0.201172530023848
0.2010903699419744
0.20099944513590198
0.20089985706097335
0.20079170719891243
0.2006750970285044
0.2005501279970368
0.20041690149249508
0.20027551881650424
0.20012608115800293
0.199968689567647
0.19980344493292884
0.19963044795400234
0.1994497991202093
0.19926159868729074
0.199065946655278
0.19886294274705296
0.19865268638756312
0.19843527668368902
0.19821081240474753
0.197979391963624
0.197741113398521
0.19749607435531696
0.19724437207051954
0.19698610335480907
0.19672136457715678
0.19645025164951124
0.19617286001204134
0.19588928461892496
0.19559961992467567
0.19530395987099433
0.19500239787413892
0.19469502681279877
0.1943819390164672
0.19406322625430028
0.19373897972445175
0.19340929004387647
0.19307424723859146
0.19273394073438388
0.19238845934795845
0.1920378912785155
0.1916823240997461
0.19132184475224023
0.1909565395362964
0.1905864941051231
0.19021179345842473
0.18983252193636255
0.18944876321388174
0.18906060029539637
0.18866811550982246
0.18827139050595462
0.18787050624817198
0.1874655430124713
0.18705658038281386
0.1866436972477843
0.18622697179754585
0.18580648152109175
0.18538230320378044
0.18495451292515
0.1845231860569997
0.1840883972617399
0.18365022049099344
0.18320872898444873
0.1827639952689531
0.18231609115784406
0.1818650877505064
0.18141105543215308
0.1809540638738223
0.18049418203258108
0.18003147815193576
0.17956601976243627
0.17909787368247304
0.17862710601925835
0.1781537821699875
0.17767796682317294
0.17719972396014633
0.17671911685672453
0.17623620808503032
0.1757510595154683
0.1752637323188447
0.17477428696862948
0.17428278324335772
0.17378928022915943
0.17329383632242013
0.1727965092325594
0.17229735598493282
0.1717964329238443
0.1712937957156677
0.1707894993520743
0.17028359815336147
0.1697761457718766
0.16926719519553537
0.16875679875142802
0.1682450081095102
0.16773187428637723
0.16721744764911387
0.16670177791921856
0.16618491417659997
0.16566690486363975
0.16514779778931865
0.16462764013340425
0.1641064784506977
0.16358435867533172
0.16306132612512314
0.1625374255059736
0.1620127009163149
0.16148719585159818
0.16096095320882417
0.16043401529110987
0.1599064238122916
0.15937821990156034
0.15884944410812685
0.15832013640591514
0.15779033619828245
0.15726008232276095
0.15672941305582197
0.1561983661176588
0.15566697867698676
0.15513528735585783
0.15460332823448944
0.15407113685610407
0.15353874823177716
0.1530061968452952
0.1524735166580166
0.15194074111373979
0.1514079031435729
0.1508750351708031
0.15034216911576836
0.14980933640072455
0.14927656795471106
0.14874389421841164
0.148211345149008
0.147678950225028
0.1471467384511828
