0.9821630586681306
0.9034057671511064
0.8349375025688444
0.7764251397643049
0.7256582591306253
0.6809407308216562
0.6410552632915163
0.6051157163901857
0.5724604980369904
0.542583272716689
0.5150878918356099
0.4896584249677638
0.46603870672464376
0.4440180204739068
0.4234208422129041
0.4040993378211567
0.38592777072023543
0.3687982629807164
0.3526175335791444
0.33730435429694855
0.3227875409049098
0.30900434927641435
0.2958991817737583
0.28342253418299945
0.27153013115752134
0.2601822108569972
0.24934292874944253
0.23897985739613442
0.22906356415599408
0.21956725260778504
0.2104664564317026
0.20173877675613833
0.19336365573194797
0.1853221804705683
0.17759691256508375
0.1701717392728453
0.16303174312487545
0.1561630872796222
0.1495529143852244
0.14318925707793692
0.13706095854156602
0.13115760179708105
0.125469446593497
0.1199873729385427
0.11470283044730407
0.10960779280389488
0.1046947167294068
0.09995650493228928
0.09538647258739684
0.09097831694967509
0.08672608975915441
0.08262417213752557
0.07866725171381331
0.07485030174883046
0.07116856205581383
0.06761752153867905
0.06419290219018219
0.060890644410493217
0.057706893522472644
0.05463798737402427
0.0516804449299447
0.04883095576664336
0.04608637039258248
0.0434436913258226
0.04090006486762168
0.038452773517915276
0.03609922898465015
0.03383696574450942
0.031663635117906985
0.029576999825758087
0.02757492900030048
0.025655393626481872
0.023816462394814192
0.022056297951004666
0.020373153532086158
0.018765369983641304
0.017231373158027388
0.015769671699453897
0.014378855228867574
0.013057592950001992
0.011804632708456646
0.010618800548852269
0.009499000832341105
0.008444216999393848
0.007453513093712829
0.006526036205511116
0.005661020052758025
0.004857790006199442
0.004115769993879885
0.0034344919198978675
0.0028136085477977026
0.002252911319412646
0.0017523554794506807
0.00131209652115925
0.00093254519690176
0.0006144552763425373
0.00035907508913611037
0.00016844275188834053
0.00004609457472908188
0.
0.000045243702828218306
0.0001623276612840326
0.0003397986549578347
0.000571044486823925
0.0008511976921428232
0.001176355060623805
0.001543239734050884
0.0019490208533677021
0.002391204711295813
0.0028675634123308045
0.003376085241880074
0.00391493853925464
0.004482444448127988
0.005077055765267114
0.005697340131199467
0.006341966405798497
0.007009693439613577
0.007699360686706605
0.00840988025957666
0.00914023013201839
0.009889448269032776
0.01065662751491708
0.011440911108703896
0.012241488723813341
0.013057592950000016
0.013888496151425778
0.014733507647149306
0.015591971169836287
0.01646326256610036
0.017346787707889916
0.01824198058925532
0.01914830158668201
0.02006523586440295
0.020992291908844402
0.021929000178414586
0.022874911856795833
0.02382959769937854
0.024792646963758748
0.025763666416407573
0.02674227940847762
0.027728125014530185
0.02872085722873095
0.02972014421355886
0.03072566759670086
0.031737121812156016
0.03275421348206324
0.03377666083606778
0.03480419316531722
0.03583655030855476
0.03687348216789939
0.037914748252185757
0.038960117245922174
0.040009366602070356
0.04106228215701506
0.042118657766228404
0.04317829495928309
0.044241002612920015
0.04530659664102081
0.046374899700435374
0.04744574091164285
0.04851895559336431
0.04959438501026141
0.050671876132955804
0.05175128140961879
0.052832458548472884
0.0539152703105928
0.05499958431237084
0.05608527283715718
0.05717221265554021
0.058260284853790964
0.0593493746700343
0.06043937133773565
0.061530167936105704
0.06262166124706317
0.06371375161841931
0.06480634283296303
0.06589934198313804
0.06699265935102361
0.06808620829338788
0.06917990513152232
0.0702736690456484
0.07136742197364761
0.07246108851395372
0.07355459583235083
0.07464787357253669
0.07574085377023948
0.07683347077076569
0.07792566114977514
0.07901736363716487
0.08010851904389928
0.0811990701916867
0.08228896184532425
0.08337814064766118
0.08446655505696786
0.0855541552867275
0.0866408932476342
0.0877267224917629
0.08881159815880879
0.08989547692429607
0.09097831694967361
