0.18277754268276125
0.12752645075874736
0.09605430896134065
0.0755281535664277
0.061087692855141845
0.050415027089405304
0.04224589696560497
0.035826320973061765
0.030676786609440905
0.026477101096374713
0.023005089773212768
0.020101722197104033
0.017650197503068225
0.01556284908851288
0.013772645339853787
0.01222750280956009
0.010886380330054499
0.009716534617346695
0.008691553081009629
0.007789918581711292
0.006993945641953602
0.0062889807245150664
0.005662793284802077
0.0051051066681427155
0.004607232885065672
0.004161785486478547
0.003762451812294474
0.003403810840219596
0.0030811863882345162
0.002790527967223735
0.002528313435107898
0.0022914689715297244
0.002077302910753512
0.0018834507362045986
0.0017078291208010052
0.001548597341280784
0.0014041247368725468
0.0012729631482269045
0.0011538234800472485
0.0010455556941059972
0.0009471316684988779
0.0008576304618244596
0.0007762256032700686
0.0007021740957984449
0.0006348068731748405
0.0005735204950690439
0.0005177698999648885
0.0004670620647133578
0.00042095044350543074
0.0003790300788385226
0.00034093329345654197
0.00030632588591309563
0.0002749037638193157
0.0002463899584045226
0.00022053197206506176
0.00019709941736201428
0.00017588191166607826
0.000156687196524369
0.00013933945496267625
0.0001236778034750112
0.0001095549384736263
0.00009683591956719251
0.00008539707426190257
0.00007512501059864278
0.0000659157258981219
0.00005767380121958597
0.000050311672382885535
0.000043748969482563336
0.00003791191776502294
0.000032732793561432526
0.000028149429681812267
0.000024104765312463862
0.00002054643600000332
0.000017426399797267377
0.000014700596068938484
0.000012328633831163102
0.000010273506833655772
8.501332881578653e-6
6.9811151636254085e-6
5.6845235737668785e-6
4.585694229212308e-6
3.661045564596719e-6
2.8891095512625383e-6
2.250376734682803e-6
1.7271539170614372e-6
1.303433432949502e-6
9.647730750523461e-7
6.981858264265171e-7
4.920386539180627e-7
3.3595970277639006e-7
2.2075332246539873e-7
1.383224475587e-7
8.159795046370409e-8
4.4474705150833276e-8
2.1754250231223105e-8
9.094162966931836e-9
2.9646220023388357e-9
6.13342162917257e-10
4.168778882971579e-11
0.
4.0109805685289154e-11
5.67961652357766e-10
2.6425680797774475e-9
7.80382674387547e-9
1.797267893477592e-8
3.537798656643663e-8
6.249879526886306e-8
1.0201709447347114e-7
1.5677836266150938e-7
2.2975817513948664e-7
3.2403369140723244e-7
4.427591597330405e-7
5.891447814483779e-7
7.664384213605312e-7
9.779097529385866e-7
1.226836500970958e-6
1.5164925008476785e-6
1.8501373425311888e-6
2.2310073979838266e-6
2.6623080641844566e-6
3.1472070729722557e-6
3.6888287440534777e-6
4.290249069127534e-6
4.954491530853523e-6
5.684523573766886e-6
6.483253651871808e-6
7.353528786753683e-6
8.298132580584323e-6
9.319783630622115e-6
0.000010421134299669036
0.000011604769804439016
0.000012873207582147211
0.000014228896905573957
0.000015674218717923285
0.000017211485660037643
0.000018842942268322328
0.00002057076532268544
0.000022397064325720083
0.000024323882097050626
0.000026353195467043677
0.000028486916058190994
0.00003072689114053555
0.00003307490455233148
0.000035532677674488965
0.000038101870451063936
0.000040784082449540225
0.000043580853950407335
0.000046493667063970376
0.00004952394686594401
0.00005267306254868874
0.00005594232858221981
0.00005933300588222611
0.00006284630298093665
0.00006648337719882736
0.00007024533581213174
0.00007413323721640983
0.00007814809208202706
0.0000822908645009543
0.00008656247312218348
0.00009096379227490398
0.00009549565307876023
0.00010015884453787878
0.0001049541146214991
0.00010988217132571284
0.00011494368372026874
0.00012013928297605215
0.00012546956337614772
0.0001309350833066141
0.00013653636623002342
0.0001422739016394632
0.00014814814599308155
0.00015415952363029818
0.0001603084276685265
0.00016659522087962138
0.00017302023654940956
0.00017958377931635955
0.00018628612599191666
0.0001931275263623975
0.0002001082039721071
0.00020722835688807156
0.00021448815844663118
0.00022188775798230278
0.0002294272815393125
0.00023710683256465698
0.0002449264925858847
0.000252886321870146
0.00026098636006882084
0.00026922662684360454
0.0002776071224790391
0.00028612782847804095
0.0002947887081423058
0.000303589707138349
0.00031253075404840124
0.000321611760907372
0.0003308326237250675
0.00034019322299611243
0.0003496934241945452
0.00035933307825693314
0.00036911202205222837
0.0003790300788385221
