0.012728034558989073
0.013110705066341289
0.013502947184504793
0.013904930852595147
0.014316826931115073
0.014738807150775825
0.015171044059840764
0.015613710969942365
0.01606698190032382
0.016531031520449303
0.017006035090929232
0.01749216840269717
0.017989607714378478
0.01849852968778364
0.01901911132146289
0.019551529882249077
0.020095962834723
0.020652587768529258
0.021221582323471717
0.021803124112318502
0.02239739064124643
0.02300455922785716
0.02362480691669749
0.024258310392219016
0.02490524588911771
0.025565789099994154
0.026240115080280724
0.026928398150388187
0.027630811795027247
0.028347528559667712
0.029078719944105307
0.029824556293110906
0.03058520668414708
0.03136083881214425
0.032151618871335864
0.032957711434164656
0.0337792793272771
0.03461648350463751
0.03546948291780039
0.03633843438339299
0.03722349244786704
0.038124809249595895
0.039042534378398
0.03997681473258315
0.04092779437362955
0.04189561437860936
0.042880412690492274
0.043882323966470446
0.04490147942445645
0.04593800668791811
0.046992029629226516
0.048063668211700876
0.0491530383305479
0.05026025165289861
0.05138541545716033
0.052528632471904896
0.05369000071452794
0.05486961332991513
0.05606755842936667
0.05728391893002954
0.05851877239509906
0.0597721908750531
0.06104424075018645
0.06233498257471952
0.06364447092275388
0.06497275423635258
0.06631987467602396
0.06768586797388568
0.06907076328978692
0.07047458307066776
0.07189734291342713
0.07333905143157371
0.0747997101259263
0.07627931325962753
0.0777778477377315
0.0792952929916137
0.08083162086845552
0.08238679552603528
0.08396077333306276
0.08555350277527558
0.0871649243675126
0.08879497057196727
0.09044356572281463
0.0921106259573945
0.09379605915412169
0.09549976487728548
0.09722163432888385
0.09896155030763024
0.10071938717525555
0.1024950108302168
0.10428827868891023
0.10609903967447212
0.1079271342132414
0.10977239423894106
0.1116346432046223
0.11351369610240514
0.11540935949103301
0.11732143153124613
0.11924970202896468
0.1211939524862641
0.12315395616010472
0.125129478128772
0.12712027536596676
0.12912609682247492
0.13114668351533457
0.13318176862440334
0.13523107759622313
0.13729432825506144
0.13937123092100656
0.1414614885349737
0.1435647967904775
0.14568084427201256
0.147809312599876
0.14994987658125758
0.15210220436741195
0.1542659576167246
0.15644079166347255
0.15862635569207237
0.16082229291660854
0.1630282407654184
0.16524383107051455
0.16746869026161615
0.16970243956455489
0.1719446952038184
0.17419506860899076
0.17645316662484745
0.1787185917248545
0.18099094222782602
0.18326981251748592
0.18555479326468338
0.18784547165200732
0.19014143160054414
0.19244225399852732
0.19474751693161949
0.19705679591457748
0.19936966412404586
0.20168569263222436
0.20400445064116202
0.20632550571743227
0.2086484240269356
0.2109727705695948
0.21329810941369848
0.21562400392965678
0.21795001702293834
0.22027571136595725
0.2226006496286846
0.2249243947077694
0.22724650995394685
0.22956655939752788
0.23188410797176304
0.23419872173388118
0.23650996808360922
0.23881741597898376
0.24112063614927287
0.24341920130483263
0.24571268634372656
0.2480006685549477
0.250282727818083
0.25255844679927464
0.25482741114332935
0.2570892096618464
0.25934343451722897
0.26158968140246003
0.2638275497165268
0.26605664273538726
0.26827656777837383
0.2704869363699476
0.2726873643967093
0.274877472259593
0.2770568850211691
0.2792252325479896
0.28138214964792174
0.28352727620241536
0.2856602572936638
0.28778074332661596
0.28988839014581647
0.2919828591470446
0.2940638173837367
0.29613093766818355
0.29818389866749506
0.3002223849943394
0.3022460872924583
0.304254702316978
0.30624793300953473
0.3082254885682375
0.3101870845125027
0.31213244274279495
0.3140612915953154
0.31597336589168684
0.31786840698368124
0.3197461627930518
0.32160638784652457
0.32344884330601675
0.3252732969941504
0.32707952341513036
0.32886730377106543
0.33063642597381127
0.3323866846524156
0.3341178811562551
0.3358298235539451
0.33752232662812076
0.33919521186617796
0.340848307447071
0.34248144822426346
0.34409447570493235
0.34568723802552676
0.3472595899237818
0.34881139270729355
0.35034251421875634
0.35185282879797214
0.3533422172407354
0.3548105667547002
0.3562577709123391
0.3576837296010981
0.35908834897085834
0.36047154137881016
0.3618332253318463
0.3631733254265826
0.36449177228711294
0.3657885025006008
0.36706345855081735
0.36831658874972506
0.3695478471672154
0.3707571935590967
0.37194459329343893
0.3731100172753697
0.37425344187042364
0.37537484882653943
0.3764742251947998
0.37755156324900985
0.37860686040420266
0.3796401191341651
0.38065134688806845
0.38164055600629454
0.3826077636355378
0.3835529916432674
0.3844762665316307
0.385377619350875
0.38625708561236316
0.38711470520125957
0.3879505222889572
0.38876458524531554
0.3895569465507773
0.3903276627084295
0.39107679415607377
0.3918044051783645
0.39251056381907606
0.3931953417935571
0.3938588144014225
0.39450106043954036
0.39512216211536444
0.3957222049606549
0.3963012777456424
0.3968594723936733
0.39739688389638295
0.39791361022943195
0.398409752268852
0.3988854137080299
0.39934070097537044
0.39977572315266624
0.40019059189421025
0.4005854213466764
0.4009603280697971
0.4013154309578659
0.4016508511620844
0.40196671201378087
0.4022631389485185
0.40254025943111443
0.4027982028815859
0.4030371006020418
0.40325708570453367
0.4034582930398781
0.4036408591274686
0.4038049220860805
0.4039506215656839
0.40407809868027345
0.4041874959417186
0.4042789571946446
0.40435262755234774
0.40440865333375026
0.40444718200139734
0.4044683621004983
0.4044723431990158
0.4044592758288
0.40442931142777117
0.40438260228314915
0.40431930147572376
0.4042395628251704
0.40414354083640225
0.4040313906469596
0.40390326797542725
0.4037593290708801
0.4035997306633463
0.4034246299152888
0.40323418437409
0.40302855192553966
0.40280789074831763
0.40257235926945906
0.4023221161207995
0.4020573200963883
0.40177813011086283
0.4014847051587724
0.4011772042748458
0.4008557864951888
0.4005206108194065
0.4001718361736335
0.3998096213744707
0.3994341250938098
0.3990455058245387
0.39864392184711844
0.39822953119701654
0.3978024916329898
0.397362960606203
0.3969110952301723
0.39644705225152405
0.39597098802155484
0.39548305846858367
0.3949834190710832
0.3944722248315807
0.39394963025131347
0.39341578930563215
0.3928708554201362
0.3923149814475324
0.3917483196452045
0.39117102165348194
0.39058323847459664
0.3899851204523173
0.38937681725224893
0.38875847784278594
0.3881302504767109
0.3874922826734205
0.38684472120177865
0.386187712063575
0.38552140047758343
0.3848459308642126
0.38416144683072784
0.38346809115704644
0.38276600578208586
0.3820553317906581
0.38133620940090207
0.38060877795223963
0.37987317589384884
0.3791295407736398
0.37837800922773
0.37761871697040206
0.3768517987845395
0.3760773885125281
0.3752956190476151
0.3745066223257143
0.37371052931765325
0.37290747002184454
0.37209757345738237
0.3712809676575465
0.37045777966371174
0.36962813551964946
0.3687921602662152
0.36794997793641293
0.3671017115508274
0.36624748311341815
0.36538741360766314
0.3645216229930495
0.36365023020189857
0.36277335313651987
0.3618911086666857
0.3610036126274201
0.36011097981709195
0.3592133239958078
0.3583107578840945
0.3574033931618684
0.35649134046767916
0.355574709398224
0.35465360850812694
0.35372814530997376
0.3527984262745965
0.35186455683160167
0.3509266413701363
0.34998478323988486
0.3490390847522894
0.34808964718199087
0.3471365707684799
0.34617995471795715
0.3452198972053927
0.344256495376781
0.34328984535158685
0.34232004222537255
0.34134718007260695
0.34037135194964524
0.3393926498978782
0.33841116494704426
0.3374269871186996
0.3364402054298391
0.33545090789666937
0.3344591815385206
0.33346511238190063
0.33246878546468017
0.3314702848404088
0.3304696935827561
0.32946709379007205
0.3284625665900648
0.3274561921445899
0.32644804965454743
0.3254382173648839
0.32442677256969177
0.32341379161740824
0.32239934991610214
0.32138352193885333
0.32036638122921246
0.31934800040674693
0.31832845117265945
0.3173078043154838
0.3162861297168497
0.31526349635731665
0.3142399723222703
0.31321562480788046
0.31219052012711695
0.31116472371582093
0.31013830013882565
0.3091113130961293
0.30808382542911195
0.307055899126795
0.30602759533214396
0.3049989743484051
0.30397009564548194
0.30294101786633987
0.30191179883344377
0.3008824955552232
0.29985316423256103
0.2988238602653074
0.29779463825881314
0.2967655520304823
0.29573665461634
0.29470799827761623
0.2936796345073408
0.2926516140369492
0.29162398684289514
0.2905968021532719
0.2895701084544367
0.2885439534976376
0.28751838430564264
0.28649344717936653
0.2854691877044968
0.28444565075811545
0.2834228805153133
0.28240092045579884
0.2813798133705
0.2803596013681521
0.2793403258818774
0.27832202767575076
0.27730474685135126
0.27628852285429895
0.27527339448077415
0.27425939988401904
0.2732465765808215
0.27223496145797776
0.27122459077873295
0.27021550018920215
0.2692077247247652
0.2682012988164396
0.26719625629722643
0.2661926304084313
0.2651904538059574
0.2641897585665727
0.26319057619414565
0.26219293762585283
0.261196873238357
0.2602024128539527
0.2592095857466826
0.25821842064841755
0.25722894575490773
0.25624118873179863
0.2552551767206112
0.25427093634469006
0.25328849371511475
0.2523078744365751
0.25132910361321137
0.2503522058544161
0.24937720528059976
0.24840412552891955
0.24743298975896755
0.2464638206584227
0.24549664044866396
0.24453147089034222
0.2435683332889158
0.2426072485001434
0.2416482369355393
0.2406913185677859
0.2397365129361087
0.2387838391516078
0.2378333159025499
0.2368849614596188
0.23593879368112475
0.23499483001817234
0.23405308751978623
0.23311358283799616
0.23217633223287906
0.23124135157756018
0.2303086563631711
0.2293782617037673
0.22845018234120168
0.22752443264995725
0.22660102664193763
