0.09097831694967361
0.093496324221437
0.09606642258180699
0.09868902461114172
0.10136452284712438
0.10409328911144622
0.10687567385342633
0.10971200551199178
0.11260258989731217
0.11554770959342761
0.11854762338308554
0.12160256569606911
0.12471274608210847
0.1278783487095554
0.13109953189084336
0.13437642763573907
0.13770914123333208
0.14109775086362722
0.1445423072395307
0.14804283327999712
0.15159932381494348
0.15521174532257967
0.15888003569959117
0.16260410406468284
0.1663838305957694
0.17021906640114115
0.17410963342475858
0.17805532438582708
0.1820559027526754
0.1861111027508892
0.1902206294056215
0.19438415861783107
0.1986013372742413
0.20287178339064826
0.20719508628816607
0.211570806801972
0.21599847752194196
0.22047760306464156
0.22500766037595224
0.2295880990636396
0.23421834175905254
0.23889778450717086
0.24362579718406194
0.2484017239408755
0.25322488367337886
0.2580945705160272
0.2630100543595715
0.2679705813910695
0.27297537465528054
0.2780236346362461
0.28311453985799395
0.2882472475031487
0.2934208940483166
0.2986345959150539
0.30388745013524104
0.30917853502966675
0.3145069108986479
0.3198716207234864
0.3252716908776097
0.330706131846199
0.3361739389531781
0.3416740930943839
0.347205561475844
0.3527672983560086
0.35835824579087644
0.36397733438094787
0.3696234840189682
0.3752956046374494
0.3809925969549902
0.38671335322044303
0.39245675795399704
0.3982216886843076
0.40400701668078765
0.40981160768026104
0.4156343226071778
0.4214740182866358
0.42732954814949065
0.4331997629288879
0.4390835113475291
0.44497964079511065
0.4508869979953143
0.4568044296618443
0.46273078314297833
0.46866490705419517
0.47460565189839493
0.4805518706733753
0.48650241946613715
0.49245615803372933
0.4984119503703017
0.5043686652601287
0.5103251768163226
0.5162803650050769
0.5222331161552209
0.5281823234529628
0.5341268874216778
0.5400657163866591
0.5459977269247682
0.5519218442989038
0.557837002877315
0.5637421465377191
0.5696362290562706
0.5755182144814119
0.5813870774926737
0.5872418037445044
0.5930813901952194
0.5989048454212066
0.6047111899164916
0.6104994563778297
0.6162686899754666
0.6220179486097682
0.6277463031538609
0.6334528376825104
0.6391366496874449
0.6447968502793159
0.6504325643765315
0.6560429308811935
0.6616271028423856
0.6671842476070347
0.672713546958615
0.6782141972439311
0.6836854094882692
0.689126409499142
0.694536437958917
0.6999147505065906
0.7052606178089751
0.7105733256215684
0.7158521748393891
0.7210964815380317
0.7263055770052301
0.7314788077631937
0.7366155355819903
0.7417151374842367
0.7467770057413843
0.7518005478618419
0.7567851865712192
0.7617303597849475
0.766635520573526
0.7715001371206645
0.7763236926745682
0.7811056854926157
0.7858456287796749
0.7905430506202953
0.7951974939050248
0.7998085162510762
0.8043756899175863
0.8088986017156607
0.813376852913479
0.81781005913663
0.8221978502639073
0.8265398703187905
0.8308357773567726
0.8350852433487935
0.8392879540609077
0.8434436089304302
0.8475519209387192
0.8516126164807777
0.8556254352318615
0.8595901300112532
0.863506466643376
0.8673742238164094
0.8711931929385668
0.874963177992173
0.878683995385726
0.8823554738040422
0.8859774540566674
0.8895497889246641
0.8930723430059158
0.8965449925590825
0.8999676253463188
0.9033401404748822
0.9066624482377568
0.9099344699533868
0.9131561378046413
0.9163273946771155
0.9194481939968631
0.9225184995676641
0.9255382854079236
0.9285075355872854
0.9314262440630638
0.9342944145165535
0.9371120601893331
0.9398792037196071
0.9425958769786906
0.9452621209076908
0.9478779853544668
0.9504435289109265
0.9529588187507383
0.9554239304675002
0.9578389479134544
0.9602039630387725
0.9625190757314919
0.9647843936581477
0.967000032105144
0.9691661138209247
0.9712827688589839
0.9733501344217584
0.9753683547054477
0.9773375807458062
0.9792579702649371
0.9811296875191267
0.9829529031477691
0.9847277940233813
0.986454543102786
0.9881333392794527
0.9897643772370377
0.9913478573041674
0.9928839853104642
0.9943729724438596
0.9958150351092004
0.9972103947881884
0.9985592779006592
0.9998619156672233
1.0011185439732946
1.0023294032345043
1.0034947382635466
1.0046147981384348
1.0056898360722153
1.0067201092841214
1.0077058788722049
1.0086474096874385
1.0095449702093078
1.010398832422895
1.0112092716974694
1.0119765666665868
1.0127009991097071
1.0133828538353324
1.014022418565672
1.0146199838228438
1.0151758428165991
1.0156902913336026
1.0161636276282286
1.016596152314921
1.0169881682620758
1.0173399804874792
1.0176518960552752
1.017924223974482
1.0181572750990409
1.0183513620294051
1.0185067990156575
1.0186239018621663
1.0187029878337595
1.0187443755634242
1.0187483849615289
1.0187153371265514
1.0186455542573174
1.0185393595667454
1.0183970771970776
1.018219032136607
1.0180055501378857
1.0177569576373993
1.0174735816767255
1.0171557498251291
1.0168037901036258
1.0164180309104753
1.0159988009481156
1.0155464291515153
1.0150612446179388
1.014543576538119
1.0139937541288213
1.013412106566789
1.0127989629240683
1.0121546521046856
1.0114795027826815
1.0107738433414837
1.0100380018146033
1.0092723058276574
1.0084770825416816
1.007652658597748
1.006799360062855
1.0059175123770892
1.0050074403020424
1.0040694678704614
1.0031039183371486
1.0021111141310557
1.0010913768085954
1.0000450270081416
0.9989723844057021
0.9978737676717611
0.9967494944292661
0.9955998812127596
0.9944252434286236
0.9932258953164443
0.9920021499114658
0.9907543190081256
0.9894827131246653
0.988187641468786
0.9868694119043511
0.985528330919112
0.9841647035934484
0.9827788335701053
0.9813710230249147
0.9799415726384868
0.9784907815688606
0.9770189474250937
0.9755263662417817
0.9740133324544902
0.9724801388760911
0.9709270766739799
0.969354435348171
0.9677625027102448
0.9661515648631492
0.9645219061818214
0.9628738092946332
0.9612075550656387
0.9595234225776139
0.9578216891158631
0.9561026301528022
0.9543665193332825
0.9526136284606475
0.9508442274835227
0.949058584483306
0.9472569656623547
0.9454396353328641
0.943606855906406
0.9417588878841279
0.9398959898476028
0.9380184184503004
0.9361264284096856
0.9342202724999213
0.9323002015451647
0.9303664644134472
0.928419308011123
0.926458977277878
0.9244857151822803
0.9224997627178698
0.9205013588997683
0.9184907407617992
0.9164681433541093
0.9144337997412761
0.9123879410008933
0.910330796222624
0.908262592507705
0.9061835549688966
0.9040939067308679
0.9019938689310018
0.8998836607206131
0.8977634992665713
0.8956335997533081
0.8934941753852187
0.8913454373894182
0.8891875950188783
0.8870208555559012
0.8848454243159452
0.8826615046517803
0.8804692979579687
0.8782690036756584
0.8760608192976891
0.8738449403739874
0.8716215605172529
0.8693908714089301
0.8671530628054409
0.8649083225446903
0.8626568365528211
0.8603987888512181
0.8581343615637484
0.8558637349242373
0.8535870872841631
0.8513045951205707
0.8490164330441916
0.8467227738077696
0.8444237883145724
0.8421196456270996
0.839810512975965
0.8374965557689527
0.835177937600244
0.8328548202597994
0.8305273637428969
0.8281957262598194
0.8258600642456808
0.8235205323703891
0.8211772835487383
0.8188304689506245
0.8164802380113808
0.8141267384422224
0.8117701162408014
0.8094105157018603
0.8070480794279848
0.8046829483404475
0.802315261690136
0.7999451570685656
0.797572770418963
0.7951982360474319
0.7928216866341741
0.7904432532447838
0.788063065341594
0.7856812507950794
0.7832979358953112
0.7809132453634534
0.778527302363309
0.7761402285128935
0.7737521438960532
0.7713631670741086
0.7689734150975263
0.7665830035176153
0.7641920463982415
0.7618006563275617
0.75940894442977
0.7570170203768543
0.7546249924003611
0.7522329673031631
0.7498410504712314
0.7474493458854041
0.7450579561331488
0.7426669824203247
0.7402765245829301
0.7378866810988366
0.7354975490995149
0.7331092243817414
0.7307218014192817
0.7283353733745594
0.7259500321102961
0.7235658682011287
0.7211829709452012
0.718801428375718
0.7164213272724792
0.7140427531733687
0.7116657903858185
0.7092905219982288
0.7069170298913536
0.7045453947496414
0.7021756960725436
0.6998080121857668
0.697442420252492
0.6950789962845398
0.6927178151534934
0.6903589506017702
0.6880024752536424
0.6856484606262108
0.6832969771403214
0.6809480941314323
0.6786018798604219
0.6762584015243489
0.6739177252671462
0.6715799161902674
0.6692450383632651
0.6669131548343193
0.6645843276407
0.6622586178191713
0.6599360854163325
0.6576167894989001
0.6553007881639241
0.6529881385489422
0.6506788968420705
0.6483731182920278
0.646070857218098
0.643772167020024
0.6414771001878371
0.639185708311619
0.6368980420911992
0.6346141513457833
0.6323340850235128
0.6300578912109607
0.6277856171425554
0.6255173092099389
0.6232530129712536
0.6209927731603637
0.6187366336960046
0.6164846376908651
0.6142368274605994
0.6119932445327694
0.6097539296557184
0.6075189228073757
0.6052882632039895
0.6030619893087912
0.6008401388405906
0.5986227487823004
0.5964098553893935
0.5942014941982856
0.591997700034654
0.5897985070216822
0.5876039485882381
0.5854140574769817
0.5832288657524041
0.5810484048087946
0.5788727053781462
0.5767017975379815
0.5745357107191191
0.5723744737133687
0.5702181146811554
0.5680666611590786
0.5659201400674047
0.5637785777174865
0.5616419998191214
0.5595104314878376
0.5573838972521177
0.555262421060552
0.5531460262889272
0.5510347357472497
0.5489285716867014
0.5468275558065312
0.544731709260881
0.542641052665547
0.5405556061046761
0.5384753891373986
0.5364004208043962
0.5343307196344083
0.5322663036506716
0.5302071903773026
0.528153396845609
0.5261049396003497
0.5240618347059234
