0.00006157604783057599
0.00006566723509288062
0.0000700114568495502
0.00007462300715884285
0.00007951689609527315
0.0000847088798201344
0.0000902154915600867
0.00009605407350034645
0.00010224280959484453
0.0001088007592958927
0.00011574789220251871
0.00012310512362492194
0.00013089435106211349
0.0001391384915841272
0.00014786152011122934
0.0001570885085764475
0.0001668456659599162
0.00017716037917353693
0.00018806125478056096
0.00019957816152226969
0.00021174227362930783
0.00022458611488428447
0.0002381436034049037
0.00025245009710981166
0.00026754243982794165
0.00028345900800473615
0.0003002397579615381
0.0003179262736522708
0.00033656181486528026
0.0003561913658080494
0.0003768616840135725
0.0003986213494987462
0.000421520814105216
0.00044561245094439686
0.0004709506038691149
0.000497591636886297
0.0005255939834237571
0.0005550181953583882
0.0005859269917095803
0.0006183853068993142
0.0006524603384729831
0.000688221594175923
0.000725740938271917
0.0007650926369916766
0.0008063534029916517
0.000849602438701976
0.0008949214784396366
0.0009423948291611528
0.000992109409719952
0.0010441547885041212
0.0010986232193111803
0.0011556096753290285
0.0012152118810829652
0.0012775303422077637
0.0013426683729044482
0.001410732120939478
0.001481830590042965
0.001556075659562399
0.0016335821012294397
0.0017144675928954382
0.0017988527290940456
0.0018868610282884537
0.0019786189366643335
0.002074255828329414
0.0021739040017816594
0.002277698672515195
0.002385777961631167
0.002498282880324621
0.0026153573101260056
0.0027371479787751587
0.0028638044316129318
0.0029954789983803725
0.003132326755318931
0.003274505482474108
0.0034221756161065663
0.003575500196127205
0.003734644808473184
0.0038997775223547446
0.00407106882230777
0.004248691534994654
0.004432820750706721
0.004623633739529412
0.004821309862139209
0.005026030475213784
0.00523797883144336
0.005457339974146363
0.005684300626495992
0.0059190490753831685
0.006161775049944961
0.006412669594803723
0.0066719249380725165
0.0069397343541918385
0.007216292021677354
0.007501792875868605
0.007796432456780077
0.008100406752169689
0.008413912035950922
0.008737144702084452
0.009070301094103025
0.009413577330426606
0.009767169125645046
0.010131271607951622
0.01050607913292253
0.010891785093851872
0.011288581728857886
0.011696659924991828
0.012116209019583673
0.012547416599078844
0.012990468295619442
0.013445547581638302
0.013912835562742022
0.014392510769164292
0.014884748946082774
0.015389722843094214
0.015907602003154105
0.016438552551289093
0.016982736983396335
0.017540313955450654
0.018111438073439016
0.0186962596843513
0.019294924668552767
0.019907574233868665
0.020534344711711335
0.021175367355579438
0.02183076814226104
0.02250066757606566
0.02318518049641459
0.023884415889110798
0.024598476701608883
0.02532745966259998
0.02607145510622163
0.026830546801197026
0.02760481178520105
0.028394320204743254
0.02919913516085124
0.030019312560827374
0.030854900976341876
0.03170594150812055
0.03257246765746925
0.033454505204866904
0.03435207209585154
0.035265178334407815
0.03619382588405204
0.037138008576800684
0.03809771203019128
0.03907291357251377
0.04006358217639532
0.04106967840086612
0.04209115434202025
0.043127953592371586
0.044180011208986486
0.04524725369046507
0.04632959896282024
0.047426956374296246
0.04853922669914712
0.049666302150382965
0.05080806640147434
0.05196439461699344
0.0531351534921518
0.054320201301180274
0.055519387954484106
0.056732555064489064
0.05795953602008096
0.05920015606952661
0.060454232411753454
0.06172157429584401
0.06300198312859931
0.06429525259000272
0.06560116875641
0.06691951023127649
0.06825004828322212
0.06959254699122543
0.07094676339672466
0.07231244766239768
0.07368934323738062
0.07507718702867888
0.07647570957851392
0.07788463524734592
0.07930368240229839
0.08073256361071408
0.08217098583855845
0.08361865065338434
0.08507525443157132
0.08654048856954123
0.08801403969865657
0.0894955899035012
0.09098481694324304
0.09248139447577507
0.0939849922843354
0.09549527650629812
0.09701190986383887
0.09853455189616961
0.10006285919304508
0.10159648562924456
0.10313508259973163
0.10467829925520515
0.10622578273774966
0.10777717841630635
0.10933213012168187
0.11089028038082463
0.11245127065010058
0.11401474154730368
0.11558033308214984
0.11714768488500107
0.11871643643357947
0.1202862272774375
0.12185669725995434
0.12342748673764019
0.12499823679653838
0.12656858946551752
0.1281381879262646
0.12970667671978703
0.13127370194924962
0.13283891147897567
0.1344019551294531
0.13596248486819426
0.1375201549963071
0.13907462233064538
0.14062554638141478
0.14217258952511758
0.143715417172734
0.14525369793304038
0.1467871037709785
0.14831531016099572
0.14983799623528898
0.1513548449268857
0.1528655431075162
0.15436978172022586
0.15586725590669737
0.15735766512924948
0.15884071328749733
0.1603161088296573
0.16178356485849513
0.1632427992319182
0.16469353465822031
0.16613549878599923
0.16756842428876603
0.16899204894427847
0.17040611570863268
0.17181037278515676
0.17320457368815007
0.1745884773015264
0.17596184793241343
0.17732445535977592
0.17867607487812706
0.1800164873364023
0.18134547917206986
0.1826628424405623
0.18396837484010428
0.18526187973203478
0.18654316615670602
0.18781204884505404
0.18906834822593965
0.1903118904293564
0.19154250728560335
0.1927600363205301
0.19396432074695524
0.19515520945236486
0.19633255698299779
0.1974962235244252
0.19864607487873645
0.1997819824384372
0.2009038231571712
0.20201147951737897
0.20310483949499986
0.20418379652133187
0.20524824944215586
0.2062981024742394
0.2073332651593251
0.20835365231571407
0.20935918398755538
0.21034978539194335
0.21132538686393512
0.21228592379958802
0.21323133659712523
0.21416157059633026
0.2150765760162699
0.21597630789144812
0.216860726006488
0.2177297948294356
0.2185834834437851
0.21942176547931178
0.22024461904180975
0.2210520266418186
0.2218439751224287
0.22262045558624943
0.2233814633216214
0.22412699772815653
0.2248570622416815
0.22557166425866443
0.2262708150601947
0.22695452973559394
0.22762282710572107
0.2282757296460477
0.2289132634095608
0.22953545794956326
0.23014234624243013
0.23073396461037993
0.23131035264431946
0.23187155312681634
0.23241761195525146
0.23294857806520303
0.23346450335411184
0.23396544260527083
0.2344514534121886
0.23492259610336522
0.23537893366752394
0.23582053167933614
0.23624745822567664
0.23665978383244585
0.2370575813919891
0.23744092609114842
0.2378098953399732
0.23816456870112035
0.23850502781996863
0.23883135635547323
0.2391436399117818
0.23944196597063788
0.23972642382458687
0.2399971045110057
0.24025410074697548
0.2404975068650082
0.2407274187496486
0.2409439337749573
0.24114715074289467
0.24133716982260936
0.24151409249064731
0.24167802147208636
0.24182906068260457
0.24196731517148945
0.24209289106559306
0.24220589551423738
0.24230643663507528
0.2423946234609063
0.24247056588745286
0.24253437462209518
0.24258616113356685
0.2426260376026096
0.2426541168735861
0.24267051240704973
0.2426753382332671
0.24266870890669318
0.2426507394613896
0.24262154536738917
0.24258124248799506
0.2425299470380145
0.24246777554291526
0.24239484479890677
0.24231127183392864
0.24221717386955086
0.24211266828376782
0.2419978725746848
0.24187290432508698
0.2417378811678815
0.2415929207524037
0.24143814071158065
0.24127365862993946
0.24109959201245387
0.24091605825421647
0.24072317461092843
0.24052105817019595
0.24030982582362453
0.24008959423969595
0.2398604798374238
0.23962259876077208
0.23937606685382906
0.23912099963672145
0.23885751228226212
0.23858571959332006
0.238305735980897
0.23801767544290453
0.2377216515436281
0.2374177773938682
0.23710616563174464
0.23678692840415574
0.23646017734887964
0.23612602357730855
0.2357845776577998
0.23543594959964054
0.23508024883760514
0.2347175842171041
0.23434806397990623
0.23397179575042631
0.23358888652256812
0.23319944264710737
0.23280356981961153
0.23240137306887776
0.23199295674588452
0.23157842451324218
0.23115787933513543
0.23073142346774436
0.23029915845013693
0.22986118509561895
0.22941760348353601
0.228968512951514
0.22851401208812863
0.22805419872599741
0.22758916993528117
0.22711902201758583
0.22664385050025748
0.22616375013105974
0.2256788148732248
0.22518913790086742
0.22469481159475643
0.2241959275384331
0.22369257651466623
0.22318484850223755
0.22267283267305
0.2221566173895472
0.221636290202438
0.22111193784871944
0.22058364624998733
0.22005150051102856
0.21951558491868742
0.21897598294099724
0.21843277722657173
0.21788604960424673
0.21733588108296711
0.21678235185191067
0.21622554128084207
0.215665527920691
0.21510238950434668
0.21453620294766307
0.21396704435066716
0.21339498899896728
0.2128201113653498
0.21224248511156305
0.21166218309028081
0.21107927734723736
0.2104938391235337
0.20990593885810244
0.20931564619033233
0.20872302996284148
0.20812815822439984
0.20753109823298796
0.20693191645899667
0.20633067858855358
0.20572744952697708
0.2051222934023522
0.2045152735692203
0.20390645261238471
0.2032958923508201
0.20268365384168646
0.2020697973844423
0.20145438252505235
0.2008374680602847
0.20021911204209628
0.1995993717820989
0.19897830385610643
0.19835596410875533
0.19773240765819855
0.19710768890086391
0.19648186151628197
0.19585497847197106
0.19522709202838145
0.1945982537438944
0.19396851447987254
0.1933379244057583
0.19270653300421903
0.192074389076332
0.19144154074681233
0.19080803546927627
0.1901739200315381
0.18953924056094024
0.18890404252971094
0.18826837076035013
0.18763226943103867
0.1869957820810687
0.18635895161629562
0.18572182031460566
0.1850844298313991
0.18444682120508726
0.18380903486260086
0.18317111062490518
0.1825330877125259
0.18189500475107745
0.18125689977679593
0.1806188102420754
0.17998077302100116
0.17934282441488353
0.17870500015778926
0.178067335422066
0.17742986482386217
0.1767926224286391
0.17615564175667436
0.17551895578855253
0.1748825969706489
0.17424659722059524
0.17361098793273477
0.17297579998356086
0.1723410637371385
0.1717068090505095
0.17107306527907884
0.17043986128198046
0.16980722542742382
0.16917518559801753
0.16854376919607175
0.1679130031488773
0.16728291391395939
0.16665352748430776
0.16602486939358002
