0.04413628294944753
0.045377673358264606
0.04664552409597058
0.047940076151769186
0.04926156134802822
0.0506102019873579
0.05198621050637804
0.053389789136846375
0.054821129574810064
0.0562804126584239
0.05776780805506822
0.05928347395837853
0.06082755679577558
0.06240019094707114
0.06400149847469097
0.0656315888660405
0.06729055878850297
0.06897849185753968
0.07069545841832639
0.07244151534133159
0.0742167058322106
0.07602105925635447
0.07785459097840194
0.07971730221698689
0.08160917991495656
0.08353019662526567
0.08548031041271179
0.08745946477164171
0.0894675885597272
0.09150459594786714
0.09357038638624356
0.09566484458651957
0.0977878405201347
0.09993922943262422
0.10211885187384492
0.10432653374397328
0.10656208635509427
0.10882530650818464
0.11111597658525449
0.11343386465638977
0.11577872460140803
0.11815029624581967
0.12054830551075751
0.12297246457652035
0.12542247205935342
0.1278980132010695
0.130398760071097
0.132924371780527
0.1354744947077129
0.13804876273496855
0.1406467974958931
0.14326820863284864
0.14591259406409976
0.14857954026012443
0.15126862252859513
0.15397940530752896
0.15671144246609955
0.15946427761260268
0.1622374444090711
0.16503046689202913
0.16784285979888364
0.17067412889945266
0.1735237713321319
0.17639127594421036
0.17927612363585022
0.18217778770725238
0.18509573420853898
0.18802942229189126
0.1909783045654924
0.1939418274488322
0.1969194315289452
0.19991055191715973
0.2029146186059516
0.2059310568255045
0.20895928739959596
0.211998727100433
0.2150487890020812
0.21810888283214305
0.2211784153213483
0.22425679055073977
0.22734341029614805
0.23043767436966056
0.23353898095780604
0.2366467269561875
0.2397603083003068
0.2428791202923475
0.2460025579236775
0.24913001619286526
0.25226089041899924
0.255394576550126
0.2585304714666216
0.2616679732793341
0.2648064816223382
0.2679453979401596
0.27108412576933205
0.27422207101416907
0.2773586422166311
0.28049325082019105
0.2836253114276012
0.28675424205247957
0.28987946436464096
0.29300040392910526
0.29611649043872823
0.29922715794040355
0.3023318450547948
0.30542999518956493
0.308521056746077
0.3116044833195423
0.31467973389261206
0.3177462730223957
0.3208035710209157
0.3238511041289959
0.32688835468360333
0.3299148112786544
0.3329299689193102
0.3359333291697879
0.33892440029472004
0.3419026973941008
0.3448677425318539
0.34781906485807523
0.35075620072499303
0.3536786937967009
0.35658609515272277
0.3594779633854642
0.3623538646916161
0.36521337295758055
0.3680560698389808
0.37088154483433544
0.37368939535296386
0.37647922677720846
0.37925065251904677
0.38200329407117917
0.3847367810526765
0.38745075124927175
0.39014485064838805
0.39281873346898977
0.3954720621863492
0.3981045075518255
0.40071574860774806
0.4033054726975011
0.40587337547090885
0.408419160885021
0.4109425412003967
0.4134432369729897
0.4159209770417386
0.41837549851196154
0.4208065467346649
0.4232138752818668
0.4255972459180408
0.4279564285677892
0.4302912012798491
0.43260135018753904
0.4348866694657544
0.4371469612846166
0.43938203575988605
0.44159171090024407
0.44377581255155274
0.4459341743381992
0.4480666376016305
0.45017305133618846
0.4522532721223471
0.4543071640574633
0.45633459868413917
0.4583354549163093
0.4603096189631505
0.46225698425091877
0.46417745134281835
0.4660709278570012
0.46793732838280094
0.4697765743952953
0.471588594168303
0.4733733226859056
0.475130701552594
0.4768606789021327
0.4785632093052356
0.48023825367614625
0.4818857791782107
0.4835057591285339
0.4850981729018047
0.48666300583337924
0.4882002491217007
0.4897098997301424
0.4911919602883538
0.49264643899318644
0.4940733495092768
0.4954727108693644
0.49684454737441336
0.4981888884936107
0.49950576876431463
0.5007952276920085
0.5020573096503415
0.5032920637813051
0.504499543895615
0.5056798083733545
0.5068329200649357
0.5079589461924372
0.5090579582513669
0.5101300319129031
0.5111752469266644
0.5121936870240512
0.513185439822208
0.5141505967286466
0.5150892528465716
0.516001506880949
0.5168874610453519
0.5177472209696203
0.5185808956083678
0.5193885971503668
0.5201704409288394
0.5209265453326852
0.5216570317186683
0.5223620243245894
0.5230416501834656
0.5236960390387352
0.5243253232605121
0.5249296377629002
0.5255091199223919
0.5260639094973532
0.5265941485486219
0.5270999813612174
0.5275815543671807
0.5280390160695496
0.5284725169674743
0.5288822094824825
0.5292682478858977
0.5296307882274123
0.52996998826482
0.5302860073949065
0.5305790065855001
0.5308491483086806
0.5310965964751442
0.531321516369722
0.5315240745880474
0.5317044389743701
0.5318627785605083
0.531999263505933
0.5321140650389818
0.5322073553991905
0.5322793077807327
0.5323300962769644
0.5323598958260605
0.5323688821577317
0.532357231741017
0.5323251217331351
0.5322727299293862
0.5322002347140933
0.5321078150125712
0.5319956502441066
0.5318639202759436
0.5317128053782565
0.5315424861800999
0.5313531436263204
0.5311449589354202
0.5309181135583543
0.5306727891382536
0.5304091674710523
0.5301274304670176
0.5298277601131531
0.5295103384364749
0.5291753474681405
0.5288229692084166
0.5284533855924752
0.5280667784569989
0.5276633295075894
0.5272432202869575
0.5268066321438868
0.5263537462029559
0.5258847433350033
0.5253998041283281
0.5248991088606054
0.5243828374715116
0.5238511695360386
0.5233042842384918
0.5227423603471569
0.522165576189618
0.5215741096287252
0.5209681380391897
0.5203478382848019
0.5197133866962571
0.5190649590495773
0.5184027305451224
0.5177268757871736
0.5170375687640824
0.5163349828289734
0.5156192906809903
0.514890664347078
0.5141492751642819
0.5133952937625679
0.512628890048141
0.5118502331872624
0.5110594915905492
0.5102568328977519
0.5094424239629981
0.5086164308404995
0.5077790187707016
0.506930352166883
0.5060705946021844
0.5051999087970662
0.5043184566071826
0.5034263990116664
0.5025238961018188
0.501611107070195
0.5006881902000756
0.49975530285532355
0.49881260147061457
0.4978602415420362
0.49689837761804756
0.4959271632907961
0.4949467511877824
0.4939572929638676
0.4929589392936188
0.4919518398639843
0.49093614336729463
0.48991199749458236
0.48887954892921504
0.48783894334084055
0.48679032537962774
0.4857338386708132
0.4846696258095348
0.48359782835595394
0.4825185868306616
0.4814320407103604
0.4803383284238181
0.4792375873480933
0.47812995380501844
0.47701556305794535
0.4758945493087433
0.4747670456950467
0.4736331842877477
0.4724930960887302
0.47134691102883836
0.47019475796607957
0.4690367646840533
0.4678730578906066
0.46670376321670526
0.46552900521552487
0.4643489073617503
0.46316359205108576
0.46197318059996706
0.4607777932454745
0.4595775491454423
0.45837256637876045
0.4571629619458642
0.4559488517694128
0.4547303506951439
0.4535075724929112
0.45228062985789264
0.4510496344119731
0.44981469670529056
0.4485759262179496
0.44733343136189385
0.4460873194829342
0.44483769686293473
0.4435846687221459
0.4423283392216838
0.44106881146615784
0.4398061875064351
0.4385405683425433
0.43727205392670865
0.43600074316652415
0.43472673392824623
0.43345012304021613
0.4321710062964031
0.4308894784600669
0.4296056332675354
0.4283195634320961
0.4270313606479963
0.4257411155945508
0.4244489179403549
0.4231548563475964
0.421859018476468
0.420561490989675
0.41926235955703417
0.4179617088601667
0.41665962259727235
0.4153561834879952
0.4140514732783674
0.4127455727458321
0.41143856170434706
0.410130519009558
0.40882152256404536
0.4075116493226438
0.4062009752978215
0.404889575565132
0.40357752426872023
0.4022648946268942
0.40095175893775004
0.39963818858485484
0.39832425404297944
0.3970100248838836
0.3956955697821477
0.39438095652105276
0.39306625199850137
0.3917515222329821
0.39043683236957294
0.38912224668598244
0.38780782859862645
0.38649364066873665
0.38517974460850346
0.3838662012872456
0.3825530707376088
0.3812404121617905
0.37992828393778666
0.37861674362566233
0.37730584797384253
0.3759956529254195
0.3746862136244784
0.3733775844224395
0.3720698188844097
0.37076296979555023
0.36945708916745074
0.3681522282445152
0.36684843751035245
0.3655457666941731
0.3642442647771921
0.36294397999902983
0.3616449598641191
0.3603472511481096
0.3590508999042699
0.35775595146988814
0.35646245047266817
0.35517044083712057
0.3538799657909456
0.35259106787140937
0.3513037889317109
0.3500181701473383
0.34873425202241437
0.34745207439602815
0.3461716764485554
0.3448930967079622
0.34361637305609327
0.34234154273494477
0.3410686423529192
0.33979770789106045
0.33852877470927056
0.3372618775525061
0.3359970505569535
0.3347343272561806
0.3334737405872685
0.3322153228969159
0.330959105947523
0.32970512092324705
0.3284533984360336
0.32720396853162087
0.325956860695516
0.32471210385894644
0.3234697264047776
0.32222975617340666
0.32099222046862286
0.3197571460634404
0.31852455920589773
0.3172944856248279
0.31606695053559525
0.31484197864580155
0.31361959416095725
0.31239982079012135
0.3111826817515071
0.30996819977805246
0.30875639712295805
0.30754729556518895
0.30634091641494116
0.305137280519075
0.30393640826650853
0.3027383195935786
0.30154303398936305
0.30035057050096836
0.29916094773877916
0.2979741838816697
0.29679029668218004
0.29560930347165293
0.2944312211653341
0.29325606626743417
0.2920838548761514
0.2909146026886586
0.2897483250060494
0.288585036738247
0.2874247524088736
0.2862674861600831
0.28511325175735186
0.28396206259423284
0.28281393169707136
0.28166887172967825
0.28052689499796873
0.27938801345455855
0.2782522387033231
0.27711958200391595
0.2759900542762497
0.27486366610493673
0.27374042774369134
0.27262034911969296
0.27150343983790937
0.27038970918538296
0.2692791661354756
0.26817181935207696
0.26706767719377145
0.2659667477179708
0.26486903868500233
0.2637745575621634
0.26268331152773494
0.2615953074749582
0.26051055201597173
