0.024258069848961734
0.00892823340621834
0.004220699769874285
0.0022735397733332895
0.0013301437572487442
0.0008244825490448236
0.0005334907817976897
0.00035690826424322503
0.00024523321333759333
0.00017222652823495696
0.0001231815596265837
0.00008947475881043639
0.00006585711730535705
0.00004903159945524315
0.00003687088430980368
0.000027970143302459774
0.000021382670905187992
0.00001645900118217994
0.000012746474131240562
9.925108709027068e-6
7.765826399268066e-6
6.102740238954989e-6
4.814472326965443e-6
3.8113712105622063e-6
3.0266478142757236e-6
2.4101528019360896e-6
1.92395881168947e-6
1.5391914174159346e-6
1.2337340258889511e-6
9.905509444895165e-7
7.964520338863018e-7
6.411757062078017e-7
5.16703388828555e-7
4.1674362750336133e-7
3.363414484836492e-7
2.715808532684298e-7
2.193570154741832e-7
1.7720096477120015e-7
1.4314402174757135e-7
1.1561250453226507e-7
9.334560496210894e-8
7.533108340263395e-8
6.075473218513962e-8
4.896052110277183e-8
3.9419065623831786e-8
3.1702604530632606e-8
2.546508555084502e-8
2.042627620039752e-8
1.635905195889465e-8
1.3079205757367456e-8
1.0437258996516343e-8
8.311869815044414e-9
6.604515238797309e-9
5.235195774014279e-9
4.138959322678033e-9
3.2630849248096663e-9
2.564797336509901e-9
2.0094115065094044e-9
1.5688243379579023e-9
1.2202863340566413e-9
9.454029835263426e-10
7.293203681718955e-10
5.600617353089761e-10
4.279867459168255e-10
3.253507556187972e-10
2.4594538978543235e-10
1.8480624979453785e-10
1.3797343672940596e-10
1.0229847972725711e-10
7.528554532381268e-11
5.49635364609682e-11
3.9782059849602497e-11
2.852639440318557e-11
2.024979743419144e-11
1.4217777774380535e-11
9.864359092875496e-12
6.755555532872723e-12
4.5611745454539545e-12
3.031790052866283e-12
1.980845543509007e-12
1.2698149781917944e-12
7.969468608797754e-13
4.884677739873012e-13
2.91559322939322e-13
1.6884140661880077e-13
9.449834991039567e-14
5.079906818425648e-14
2.614143199866305e-14
1.2681349558801638e-14
5.746838007593147e-15
2.4895223191473915e-15
9.110861155524133e-16
3.085933763522054e-16
8.89557389112629e-17
2.0566551669757833e-17
3.4528446160730564e-18
3.4934065237939704e-19
1.401142052745291e-20
5.847296479674976e-23
0.
5.405544629910863e-23
1.1978024598989672e-20
2.7620730781468874e-19
2.525145932687577e-18
1.3912952708511365e-17
5.566640536204232e-17
1.7863641533057873e-16
4.878661477899912e-16
1.178114424478835e-15
2.6930525222027203e-15
5.3434201079183266e-15
1.0161628883373615e-14
1.8440148025424722e-14
3.16195811346335e-14
5.219289076999675e-14
8.340541641213115e-14
1.29082839319748e-13
1.9458599959044623e-13
2.8633860022713183e-13
4.125917478160753e-13
5.829821421339118e-13
8.095476619552877e-13
1.1063129069276047e-12
1.4903303597248201e-12
1.9808455435090126e-12
2.6009150617924736e-12
3.3765915417017753e-12
4.338004348074018e-12
5.519115423472846e-12
6.958591758485475e-12
8.699684100549301e-12
1.0790887313821484e-11
1.3286160228549591e-11
1.6245148184632993e-11
1.973385150859393e-11
2.382462888763104e-11
2.8596756111051603e-11
3.413687330958208e-11
4.053909795223506e-11
4.790546907904179e-11
5.634638908738408e-11
6.598072942942751e-11
7.69367099073007e-11
8.935133062196558e-11
1.0337168678434994e-10
1.1915472427321818e-10
1.3686765599693422e-10
1.5668837257033082e-10
1.7880551391750834e-10
2.0341920071026637e-10
2.3074109311347473e-10
2.609944427387159e-10
2.944148037345291e-10
3.312502926107081e-10
3.7176128561908565e-10
4.162213299154859e-10
4.6491726999101405e-10
5.181490333719208e-10
5.762307408518877e-10
6.394898105349438e-10
7.082681634784213e-10
7.829219782021168e-10
8.638221034820627e-10
9.513537971694126e-10
1.0459175674122502e-9
1.147929006889165e-9
1.2578188413431452e-9
1.3760334145140958e-9
1.5030344993091951e-9
1.6392997675497377e-9
1.785322808150123e-9
1.9416131379035345e-9
2.108696649055512e-9
2.2871153835399632e-9
2.4774278552256605e-9
2.6802089210796878e-9
2.8960500895375973e-9
3.125559933128632e-9
3.369363051161228e-9
3.6281016904156845e-9
3.902434583873499e-9
4.193037448500993e-9
4.5006032548348196e-9
4.825842046452655e-9
5.169480642524891e-9
5.5322633338004005e-9
5.914951906821884e-9
6.318324774456546e-9
6.743178210474721e-9
7.190325025370252e-9
7.660595901600583e-9
8.154838836461274e-9
8.673918802147507e-9
9.218718067219993e-9
9.790136291422321e-9
1.038909039397694e-8
1.1016514528550765e-8
1.1673359942967614e-8
1.2360595056858465e-8
1.3079205757367429e-8
