0.13207115832419658
0.06741330985041255
0.04043492610932122
0.02642755228832413
0.018247160860575456
0.013095072973469284
0.009672796073165875
0.007307181009806122
0.0056204269546244355
0.004387371889972823
0.0034673349360856355
0.0027689949621639972
0.0022311676239307097
0.0018117535210861254
0.0014811183063492418
0.0012179873105061458
0.0010068224230909376
0.0008361019963086294
0.0006971669098204281
0.0005834306734351556
0.0004898289060079067
0.0004124294002195323
0.00034815187306215414
0.0002945638648027428
0.0002497302913264971
0.0002121013140944301
0.00018042791631895974
0.00015369774212967705
0.00013108591180128077
0.00011191701387872782
0.00009563551461601896
0.00008178256007794746
0.00006997767156787042
0.00005990421432168338
0.000051297795902106096
0.00004393695407621022
0.00003763564478002025
0.000032237153520751656
0.000027609138484191582
0.000023639578007431653
0.000020233444252814166
0.000017309962689330545
0.000014800346189311744
0.000012645915237781953
0.00001079653348951536
9.209301837299986e-6
7.847465153252492e-6
6.679494578308737e-6
5.678315193003932e-6
4.820654443494551e-6
4.086491170495749e-6
3.4585886874085993e-6
2.92209825351802e-6
2.4642216748452107e-6
2.073923670934395e-6
1.7416862389217313e-6
1.459298532340952e-6
1.2196768348760787e-6
1.0167100938933657e-6
8.451271970906017e-7
7.003827850226339e-7
5.785588928690012e-7
4.762801268116383e-7
3.9064044115215027e-7
3.1913986723121197e-7
2.5962978993616604e-7
2.102655879248301e-7
1.6946560757774507e-7
1.358756097917887e-7
1.0833793933008263e-7
8.586477759043606e-8
6.761493011237038e-8
5.287367796787563e-8
4.103528505711046e-8
3.15878086197188e-8
2.4099913301935114e-8
1.820942679379488e-8
1.3613406078254899e-8
1.0059524269286217e-8
7.338601777036251e-9
5.2781397610208764e-9
3.736722141857773e-9
2.5991778747828166e-9
1.7724050026043853e-9
1.1817726999445017e-9
7.680257971831364e-10
4.846296682959419e-10
2.9549829678645216e-10
1.7305494596334304e-10
9.658706243767863e-11
5.085230153284201e-11
2.490739510210513e-11
1.113076728837022e-11
4.410737068063149e-12
1.4827768356308328e-12
3.9259711680222494e-13
7.127452891675711e-14
6.54088071505716e-15
1.0661960564033809e-16
0.
1.0055667168151996e-16
5.844454114062508e-15
5.99397255839734e-14
3.1101290098637094e-13
1.1085095774784781e-12
3.1116383173995714e-12
7.410565407158258e-12
1.565030080105076e-11
3.0155593021441347e-11
5.40542608814177e-11
9.139750264373906e-11
1.4727379525267635e-10
2.2791694961930523e-10
3.40806759508819e-10
4.947629269204849e-10
7.000295883089241e-10
9.683541355111957e-10
1.313055484255908e-9
1.7490872489923072e-9
2.2930904726736275e-9
2.9634419369337984e-9
3.780291459893862e-9
4.765597602922621e-9
5.9431525735690165e-9
7.338601777036268e-9
8.979459920130517e-9
1.0895119798005937e-8
1.3116855440985272e-8
1.5677822401892863e-8
1.8613053514176047e-8
2.1959447996055532e-8
2.5755760867629134e-8
3.004258564605458e-8
3.486233526082048e-8
4.025922123232169e-8
4.627922759032837e-8
5.2970084876876e-8
6.038124046062249e-8
6.856382914790522e-8
7.757063918092923e-8
8.74560786929464e-8
9.827614079475196e-8
1.1008836723155989e-7
1.229518103160965e-7
1.369269957197493e-7
1.5207588336439404e-7
1.6846182786681164e-7
1.861495386462218e-7
2.0520504135123482e-7
2.256956344828147e-7
2.4768985284582196e-7
2.712574236973884e-7
2.9646922920910005e-7
3.233972633186762e-7
3.5211459457752833e-7
3.8269532394653733e-7
4.152145466932926e-7
4.497483124401331e-7
4.863735860676154e-7
5.251682108415316e-7
5.662108686884624e-7
6.095810438654196e-7
6.5535898516363e-7
7.036256711091667e-7
7.544627717401569e-7
8.07952615636608e-7
8.641781542229668e-7
9.232229284621494e-7
9.851710343976232e-7
1.0501070911037864e-6
1.1181162090520205e-6
1.1892839577861606e-6
1.263696336018639e-6
1.341439740595785e-6
1.4226009381069834e-6
1.5072670358057699e-6
1.5955254520626538e-6
1.6874638914536053e-6
1.783170315598121e-6
1.8827329190682385e-6
1.9862401019249285e-6
2.0937804464254026e-6
2.205442691455302e-6
2.321315710007541e-6
2.44148848570333e-6
2.5660500907898602e-6
2.6950896640518922e-6
2.828696388628503e-6
2.9669594735007637e-6
3.1099681328681227e-6
3.2578115647363003e-6
3.4105789351464087e-6
3.568359357377623e-6
3.7312418756616385e-6
3.8993154465154005e-6
4.072668923899912e-6
4.251391041089725e-6
4.435570396348278e-6
4.6252954364046755e-6
4.820654443494542e-6
