0.029627814597149162
0.009215280922720294
0.0038568300340408933
0.001882533573564501
0.0010124415702824907
0.0005826197959526073
0.00035256508316033907
0.00022183847734545293
0.00014401223262307822
0.0000959145311597987
0.00006526219818650554
0.00004521886918091359
0.00003182319276232553
0.000022700532867068663
0.00001638555534658528
0.000011951097549762486
8.797540451025044e-6
6.529551710619431e-6
4.881992149646375e-6
3.6743040685048796e-6
2.7818315605315245e-6
2.117441373575543e-6
1.6195412162783726e-6
1.2441464255096208e-6
9.595523530744596e-7
7.427100999440251e-7
5.767316140954537e-7
4.491534120174481e-7
3.507160307974699e-7
2.744980058596432e-7
2.1529607263986798e-7
1.6917802111974148e-7
1.331576862745389e-7
1.0495707221689723e-7
8.283110931004972e-8
6.543776852538684e-8
5.174124555879426e-8
4.093940728221795e-8
3.2409149720104015e-8
2.5665049097165873e-8
2.03279383764376e-8
1.610092475309002e-8
1.2751014373707903e-8
1.0094984820870816e-8
7.988482309625347e-9
6.317583030880454e-9
4.992241426258737e-9
3.9411878625180136e-9
3.1079463619597883e-9
2.44771573272232e-9
1.9249266849889533e-9
1.511316625345635e-9
1.1844172449932086e-9
9.263581002077304e-10
7.229223763180196e-10
5.627988034149544e-10
4.3698726885466685e-10
3.3832961312042717e-10
2.6113311836549333e-10
2.008744947500315e-10
1.5396112350538227e-10
1.175432510044172e-10
8.936154283000114e-11
6.762812542765881e-11
5.093034180683441e-11
3.8153653522941923e-11
2.841996747673431e-11
2.1040199578177093e-11
1.547404837544651e-11
1.1299532346573907e-11
8.187674222763721e-12
5.883568823424559e-12
4.189760593681584e-12
2.9544886013566027e-12
2.061071131217203e-12
1.4212642529155848e-12
9.677556250104302e-13
6.496934290463422e-13
4.2944043176503573e-13
2.792380230612238e-13
1.7806013621789237e-13
1.1119012274198222e-13
6.797450678194229e-14
4.0334081365278326e-14
2.329749750689233e-14
1.3062955448973101e-14
6.9863248093683364e-15
3.4635006779935456e-15
1.6802404569984734e-15
7.642752592864274e-16
3.214936217853741e-16
1.227560746405976e-16
4.144862131136664e-17
1.1910938873792727e-17
2.745152067000636e-18
4.593689509833622e-19
4.631215203618686e-20
1.849848760122502e-21
7.676784937230106e-24
0.
7.096317228090809e-24
1.5811033659094273e-21
3.6604745459166074e-20
3.357718518339706e-19
1.8556356806240817e-18
7.445676732903146e-18
2.3959335327057154e-17
6.561092419569841e-17
1.5886344542842062e-16
3.491067283199818e-16
7.093550485219578e-16
1.3511612049033632e-15
2.4379117259711863e-15
4.422681232722845e-15
7.17848228880876e-15
1.1351656524093193e-14
1.7719611425397228e-14
2.6773378391946402e-14
3.963522473803608e-14
5.720268728831983e-14
8.107171802050536e-14
1.131302807652091e-13
1.5493257403617757e-13
2.0929631295574407e-13
2.7923802306122476e-13
3.6779898690783565e-13
4.789838096593997e-13
6.173690300161146e-13
7.881580466776976e-13
9.972381816703457e-13
1.2510177443683562e-12
1.5571532261946878e-12
1.9239460859773873e-12
2.360629477573283e-12
2.8778786914476964e-12
3.486768859162964e-12
4.200398674648597e-12
5.0324068797464175e-12
5.997932537432985e-12
7.114132422374816e-12
8.398479082893721e-12
9.871278780324705e-12
1.1553527435644732e-11
1.3468320149546102e-11
1.5640707187632327e-11
1.809732861780362e-11
2.0866937744197634e-11
2.3980258948719337e-11
2.7470290088420427e-11
3.137238324211944e-11
3.5723659646253536e-11
4.056420124181918e-11
4.593646605189866e-11
5.1884925726415557e-11
5.845770154811792e-11
6.570486976841109e-11
7.367943141847557e-11
8.243783791423426e-11
9.203874013250663e-11
1.0254440179730599e-10
1.1402011418832615e-10
1.2653449870206422e-10
1.4015936495038622e-10
1.5497023457376812e-10
1.710457543683875e-10
1.884686632200663e-10
2.0732453804620606e-10
2.2770364777743251e-10
2.4969947604815335e-10
2.7340968572019187e-10
2.9893597249184974e-10
3.2638391778295387e-10
3.5586350699882136e-10
3.874887588314986e-10
4.213780198825642e-10
4.576542584471455e-10
4.964444692556034e-10
5.378806316398346e-10
5.82099112477179e-10
6.292411784262184e-10
6.794523969884007e-10
7.328835909121956e-10
7.89690459342482e-10
8.50033420011119e-10
9.14078116542769e-10
9.819952585943599e-10
1.053960682993647e-9
1.1301554138203336e-9
1.2107659434634694e-9
1.2959840685114406e-9
1.3860069465993915e-9
1.4810371521613814e-9
1.5812829531247956e-9
1.6869579203623764e-9
1.7982818682976412e-9
1.915479573945653e-9
2.03878215936655e-9
2.1684264745917486e-9
2.3046547014669926e-9
2.447715732722315e-9
