0.08827256589889507
0.09075534671652921
0.09329104819194116
0.09588015230353837
0.09852312269605644
0.1012204039747158
0.10397242101275608
0.10677957827369275
0.10964225914962013
0.1125608253168478
0.11553561611013644
0.11856694791675707
0.12165511359155116
0.12480038189414228
0.12800299694938194
0.131263177732081
0.13458111757700594
0.13795698371507936
0.14139091683665278
0.14488303068266317
0.1484334116644212
0.15204211851270893
0.1557091819568039
0.15943460443397378
0.16321835982991312
0.16706039325053135
0.17096062082542357
0.17491892954328342
0.1789351771194544
0.18300919189573428
0.1871407727724871
0.19132968917303914
0.1955756810402694
0.19987845886524844
0.20423770374768985
0.20865306748794657
0.21312417271018855
0.2176506130163693
0.22223195317050898
0.22686772931277954
0.23155744920281607
0.23630059249163934
0.24109661102151503
0.2459449291530407
0.25084494411870684
0.255796026402139
0.260797520142194
0.265848743561054
0.2709489894154258
0.2760975254699371
0.2812935949917862
0.2865364172656973
0.2918251881281995
0.29715908052024886
0.30253724505719026
0.3079588106150579
0.3134228849321991
0.31892855522520536
0.3244748888181422
0.33006093378405826
0.3356857195977673
0.3413482577989053
0.3470475426642638
0.3527825518884207
0.35855224727170043
0.36435557541450475
0.37019146841707795
0.3760588445837825
0.3819566091309848
0.3878836548976644
0.3938388630578904
0.39982110383431946
0.4058292372119032
0.411862113651009
0.4179185747991919
0.423997454200866
0.4300975780041624
0.4362177656642861
0.4423568306426966
0.44851358110147954
0.4546868205922961
0.4608753487393211
0.46707796191561207
0.473293453912375
0.4795206166006136
0.485758240584695
0.492005115847355
0.4982600323857305
0.5045217808379985
0.510789153100252
0.5170609429332432
0.5233359465586682
0.5296129632446764
0.5358907958803192
0.5421682515386641
0.5484441420283381
0.5547172844332622
0.5609865016403821
0.5672506228552024
0.5735084841049591
0.5797589287292819
0.5860008078582105
0.5922329808774565
0.5984543158808071
0.6046636901095896
0.6108599903791299
0.617042113492154
0.6232089666390846
0.6293594677852241
0.6354925460447914
0.6416071420418314
0.6477022082579919
0.6537767093672067
0.6598296225573088
0.6658599378386204
0.6718666583395758
0.6778488005894401
0.6838053947882016
0.6897354850637079
0.6956381297161505
0.7015124014499861
0.7073573875934018
0.7131721903054455
0.7189559267709285
0.7247077293832322
0.7304267459151611
0.7361121396779616
0.7417630896686709
0.7473787907059277
0.7529584535544169
0.7585013050380935
0.7640065881423583
0.769473562105353
0.7749015024985435
0.7802897012967761
0.7856374669379795
0.7909441243726985
0.796209015103651
0.8014314972154961
0.8066109453950022
0.8117467509418177
0.816838321770042
0.8218850824007934
0.8268864739459794
0.8318419540834772
0.8367509970239231
0.8416130934693298
0.8464277505637336
0.8511944918360816
0.8559128571355784
0.8605824025596982
0.8652027003750781
0.8697733389315088
0.8742939225692332
0.8787640715197721
0.8831834218004881
0.8875516251031055
0.8918683486763984
0.896133275203261
0.9003461026723769
0.9045065442446942
0.9086143281149266
0.9126691973682783
0.9166709098326186
0.920619237926301
0.9245139685018375
0.9283549026856367
0.9321418557140024
0.9358746567656019
0.9395531487905906
0.943177188336606
0.9467466453718112
0.950261403105188
0.9537213578042654
0.9571264186104712
0.9604765073522925
0.9637715583564214
0.9670115182570678
0.9701963458036094
0.9733260116667585
0.9764004982434014
0.9794197994602848
0.9823839205767076
0.9852928779863729
0.9881466990185536
0.9909454217387288
0.9936890947488267
0.9963777769872214
0.9990115375286293
1.001590455384017
1.004114619300683
1.0065841275626102
1.00899908779123
1.011359616746709
1.0136658401298715
1.0159178923848744
1.0181159165027338
1.0202600638258061
1.0223504938533288
1.0243873740481024
1.026370879644416
1.0283011934572932
1.0301785056931432
1.032003013761898
1.0337749220907038
1.0354944419392407
1.0371617912167357
1.0387771943007336
1.0403408818576787
1.0418530906653705
1.0433140634373366
1.044724048649179
1.0460833003669312
1.0473920780774704
1.0486506465210241
1.0498592755258005
1.0510182398447838
1.0521278189947063
1.0531882970972437
1.0541999627224348
1.0551631087343614
1.0560780321390992
1.0569450339349487
1.057764418964965
1.0585364957717953
1.0592615764548245
1.05993997652964
1.060572014789813
1.0611580131710001
1.0616982966173611
1.0621931929502884
1.062643032739444
1.0630481491760948
1.0634088779487403
1.0637255571210167
1.063998527011866
1.0642281300779637
1.064414710798381
1.0645586155614655
1.0646601925539287
1.064719791652121
1.0647377643154634
1.064714463482034
1.0646502434662701
1.0645454598587725
1.0644004694281866
1.0642156300251424
1.063991300488213
1.0637278405518873
1.063425610756513
1.0630849723601998
1.0627062872526407
1.0622899178708405
1.0618362271167086
1.061345578276507
1.0608183349421045
1.0602548609340352
1.0596555202263063
1.0590206768729498
1.058350694936281
1.0576459384168333
1.0569067711849505
1.0561335569139978
1.0553266590151789
1.054486440573915
1.0536132642877736
1.0527074924059119
1.0517694866700067
1.0507996082566562
1.0497982177212108
1.0487656749430232
1.0477023390720772
1.0466085684769837
1.0454847206943139
1.044331152379236
1.0431482192574504
1.0419362760783795
1.0406956765696038
1.0394267733925142
1.0381299180991546
1.0368054610902449
1.0354537515743472
1.0340751375281647
1.0326699656579468
1.0312385813619807
1.029781328694156
1.0282985503285638
1.0267905875251357
1.025257780096282
1.0237004663745248
1.0221189831810984
1.0205136657955038
1.0188848479259962
1.017232861680999
1.0155580375414033
1.013860704333766
1.0121411892043688
1.0103998175941324
1.008636913214365
1.0068527980233328
1.0050477922036376
1.00322221414039
1.0013763804001512
0.9995106057106471
0.9976252029412291
0.9957204830840723
0.9937967552360951
0.9918543265815922
0.9898935023755648
0.9879145859277352
0.9859178785872376
0.9839036797279685
0.9818722867345893
0.9798239949891647
0.9777590978584301
0.9756778866816811
0.9735806507592555
0.9714676773416264
0.9693392516190696
0.9671956567119079
0.9650371736613232
0.9628640814207208
0.9606766568476361
0.9584751746961866
0.9562599076100369
0.9540311261158907
0.9517890986174866
0.9495340913900934
0.9472663685754954
0.9449861921774604
0.9426938220576767
0.9403895159321591
0.9380735293681066
0.9357461157812133
0.9334075264334105
0.9310580104310497
0.9286978147235005
0.9263271841021715
0.9239463611999341
0.921555586490949
0.9191550982908846
0.9167451327575209
0.9143259238917284
0.9118977035388256
0.9094607013902878
0.9070151449858224
0.9045612597157853
0.9020992688239462
0.8996293934105811
0.8971518524358992
0.8946668627237877
0.8921746389658683
0.8896753937258695
0.8871693374442918
0.8846566784433676
0.8821376229323157
0.8796123750128702
0.8770811366850866
0.8745441078534173
0.8720014863330483
0.8694534678564925
0.8669002460804323
0.8643420125928062
0.8617789569201338
0.8592112665350709
0.8566391268641922
0.8540627212959926
0.8514822311891016
0.8488978358807098
0.8463097126951928
0.843718036952936
0.84112298197935
0.8385247191140683
0.8359234177203334
0.8333192451945447
0.8307123669759904
0.8281029465567348
0.8254911454916642
0.8228771234086941
0.820261038019116
0.8176430451280907
0.8150232986452876
0.812401950595643
0.809779151130264
0.8071550485374405
0.8045297892537884
0.8019035178755001
0.7992763771697097
0.7966485080859589
0.7940200497677672
0.7913911395642954
0.7887619130421055
0.7861325039970027
0.7835030444659642
0.7808736647391459
0.7782444933719649
0.7756156571972529
0.7729872813374733
0.7703594892170069
0.7677324025744912
0.7651061414752176
0.762480824323581
0.7598565678755733
0.7572334872513247
0.7546116959476851
0.751991305850839
0.7493724272489568
0.746755168844879
0.7441396377688194
0.7415259395911005
0.7389141783349015
0.7363044564890304
0.7336968750207049
0.7310915333883462
0.7284885295543841
0.7258879599980597
0.7232899197282382
0.7206945022962192
0.7181017998085398
0.7155119029397763
0.7129249009453363
0.7103408816742411
0.7077599315818912
0.7051821357428187
0.7026075778634218
0.7000363402946767
0.6974685040448287
0.6949041487920563
0.6923433528971108
0.6897861934159244
0.6872327461121865
0.6846830854698895
0.6821372847058385
0.6795954157821209
0.6770575494185411
0.6745237551050122
0.671994101113907
0.6694686545123611
0.666947481174537
0.6644306457938318
0.661918211895046
0.6594102418464941
0.6569067968720672
0.6544079370632417
0.651913721391032
0.6494242077178929
0.6469394528095552
0.6444595123468133
0.6419844409372457
0.6395142921268808
0.6370491184117955
0.6345889712496559
0.6321339010711905
0.6296839572916031
0.6272391883219145
0.6247996415802427
0.6223653635030142
0.6199363995561049
0.6175127942459161
0.6150945911303779
0.6126818328298823
0.61027456103815
0.6078728165330171
0.6054766391871572
0.6030860679787261
0.6007011410019367
0.5983218954775583
0.5959483677633394
0.5935805933643601
0.5912186069433059
0.5888624423306682
0.5865121325348683
0.5841677097523028
0.5818292053773172
0.5794966500120988
0.577170073476494
0.5748495048177472
0.5725349723201661
0.5702265035147037
0.5679241251884657
0.5656278633941427
0.5633377434593565
0.5610537899959375
0.5587760269091171
0.5565044774066462
0.5542391640078319
0.5519801085524993
0.5497273322098735
0.5474808554873827
0.5452406982393859
0.5430068796758187
0.5407794183707659
0.5385583322709512
0.5363436387041539
0.5341353543875429
0.5319334954359416
0.5297380773700047
0.5275491151243268
0.5253666230554699
0.5231906149499164
0.5210211040319435
