2.447715732722315e-9
2.808876780060542e-9
3.2217580148039203e-9
3.6935196458896566e-9
4.232274424502047e-9
4.847210232053144e-9
5.5487241978636766e-9
6.348575875996888e-9
7.260056952660923e-9
8.298180676644553e-9
9.47989461215495e-9
1.082431718359389e-8
1.2353001364252125e-8
1.4090228652941587e-8
1.606333673809837e-8
1.830308274867343e-8
2.0844048507977348e-8
2.3725088976695947e-8
2.6989830968047867e-8
3.0687224482474103e-8
3.48721560692043e-8
3.960612361308623e-8
4.495798594681782e-8
5.1004788964559236e-8
5.783267864942395e-8
6.553790576490499e-8
7.42279355438735e-8
8.402266745341909e-8
9.505577610687699e-8
1.0747618798364028e-7
1.214496982575074e-7
1.371607470280884e-7
1.5481436530412038e-7
1.7463830528444452e-7
1.9688537061306881e-7
2.2183596368022646e-7
2.498008651487925e-7
2.8112426969381135e-7
3.161870896990656e-7
3.5541055709470155e-7
3.992601382496556e-7
4.482497909117471e-7
5.029465854327851e-7
5.639757191191607e-7
6.320259480824795e-7
7.078554725169661e-7
7.922983000392658e-7
8.86271124661996e-7
9.907807530539647e-7
1.1069321144950556e-6
1.2359368968088965e-6
1.3791228377845585e-6
1.5379437256841485e-6
1.7139901396591654e-6
1.9090009851823386e-6
2.1248758625617345e-6
2.363688320618491e-6
2.6277000442639317e-6
2.9193760257570676e-6
3.24140077396056e-6
3.5966956146073025e-6
3.988437135865343e-6
4.420076838890416e-6
4.895362047248403e-6
5.418358138264225e-6
5.993472152186826e-6
6.6254778421814084e-6
7.319542226907439e-6
8.081253703351458e-6
8.916651789959564e-6
9.832258550317346e-6
0.0000108351117717946
0.000011932799951331507
0.000013133499152912032
0.0000144460117971771
0.000015879807439034354
0.000017445065593570238
0.000019152720661166453
0.00002101450901099577
0.0000230430182660329
0.000025251738842319285
0.000027655117784489256
0.000030268614937576106
0.00003310876149342596
0.00003619322093887266
0.00003954085243992496
0.00004317177667360688
0.00004710744413207085
0.00005137070589975887
0.00005598588691457367
0.00006097886169849903
0.00006637713255250641
0.00007220991019205763
0.00007850819679193186
0.00008530487140581758
0.00009263477770803365
0.00010053481400407807
0.00010904402543640909
0.00011820369831233278
0.0001280574564579882
0.0001386513595021249
0.00015003400297064351
0.00016225662007325254
0.00017537318503871757
0.00018944051784991237
0.00020451839021853814
0.00022066963261973809
0.00023796024219983701
0.00025645949135505084
0.0002762400367649724
0.0002973780286561187
0.0003199532200486479
0.0003440490757398766
0.0003697528807532273
0.0003971558479736801
0.000426353224684753
0.0004574443976997819
0.0004905329967737821
0.0005257269959787855
0.0005631388127004576
0.000602885403919471
0.0006450883594234372
0.0006898739915881575
0.0007373734213671121
0.0007877226601090411
0.0008410626868346211
0.0008975395205815565
0.0009573042874422574
0.0010205132819006669
0.0010873280220849366
0.0011579152985469528
0.0012324472161876776
0.0013111012289429118
0.0013940601668534054
0.0014815122551528957
0.001573651125002685
0.0016706758155259189
0.001772790766791076
0.0018802058034164632
0.001993136108472405
0.002111802187379907
0.0022364298215136525
0.002367250011239789
0.0025044989081371557
0.002648417736166437
0.0027992527015795656
0.002957254891381722
0.0031226801601813565
0.003295789005287203
0.0034768464299496965
0.003666121794649583
0.0038638886563879264
0.004070424595947904
0.004286011033128154
0.004510933029988559
0.004745479082166312
0.004989940898368719
0.005244613168162855
0.005509793318232968
0.005785781257294936
0.006072879109898702
0.006371390939377349
0.006681622460239766
0.007003880740325451
0.007338473893087943
0.007685710760387423
0.008045900586216443
0.008419352681807287
0.008806376082599014
0.00920727919756903
0.009622369451466975
0.010051952920503891
0.010496333962085698
0.010955814839193945
0.01143069534004366
0.01192127239366514
0.012427839682077741
0.012950687249734869
0.013490101110942036
0.014046362855956809
0.014619749256488054
0.015210531871332885
0.015818976652879343
0.016445343555225866
0.017089886144654884
0.017752851213213107
0.018434478396135906
0.019134999793867267
0.019854639599399627
0.020593613731670426
0.021352129475733724
0.022130385130407455
0.02292856966410106
0.02374686237949306
0.02458543258772713
0.025444439292762636
0.02632403088651067
0.0272243448553454
0.028145507498574154
0.02908763365941421
0.030050826468999266
0.031035177103911866
0.03204076455770787
0.03306765542687286
0.0341159037116066
0.03518555063181719
0.03627662445865931
0.03738914036192074
0.03852310027353317
0.03967849276744059
0.040855292956025406
0.04205346240326187
0.04327294905472308
0.044513687184539574
0.045775597359367884
0.047058586419391965
0.04836254747634738
0.04968735992852535
0.051032889492670735
0.05239898825266834
0.05378549472486689
0.05519223393986331
0.05661901754054006
0.058065643896113024
0.059531898231924125
0.061017552774677394
0.06252236691280043
0.06404608737157222
0.06558844840265149
0.06714917198759726
0.0687279680549698
0.07032453471056319
0.07193855848031232
0.07356971456539357
0.07521766710902131
0.07688206947443557
0.0785625645335452
0.08025878496570192
0.08197035356604555
0.08369688356287322
0.0854379789434577
0.08719323478775266
0.08896223760939936
0.09074456570345879
0.09253978950028863
0.09434747192497454
0.09616716876173732
0.0979984290227334
0.09984079532066924
0.10169380424465183
0.10355698673871358
0.10542986848243635
0.1073119702731288
0.10920280840900777
0.11110189507283733
0.11300873871550789
0.11492284443903239
0.11684371437845816
0.11877084808219512
0.12070374289029315
0.12264189431019128
0.12458479638949789
0.1265319420853613
0.12848282363001182
0.13043693289207653
0.1323937617332723
0.13435280236011293
0.136313547670273
0.13827549159327593
0.14023812942518385
0.1422009581569926
0.14416347679644181
0.146125186682982
0.14808559179564515
0.1500441990535887
0.15200051860910152
0.15395406413287602
0.1559043530913633
0.15785090701605956
0.15979325176456463
0.16173091777330142
0.16366344030176466
0.16559035966822544
0.16751122147678688
0.1694255768357447
0.17133298256719384
0.1732330014078421
0.17512520220101718
0.17700916007985001
0.17888445664164715
0.18075068011345918
0.1826074255088864
0.1844542947761524
0.18629089693750667
0.18811684822001204
0.18993177217779686
0.19173529980584747
0.19352706964544594
0.19530672788133727
0.19707392843075286
0.19882833302439562
0.20056961127951606
0.20229744076521353
0.20401150706009252
0.20571150380242817
0.20739713273298196
0.20906810373062526
0.2107241348409313
0.2123649522978944
0.21399029053894442
0.2155998922134305
0.21719350818473995
0.21877089752623188
0.22033182751116256
0.2218760735967808
0.22340341940277247
0.22491365668423774
0.2264065852993843
0.22788201317211537
0.2293397562496952
0.23077963845568264
0.2322014916383004
0.2336051555144389
0.23499047760945627
0.23635731319297104
0.2377055252108113
0.23903498421330616
0.2403455682800869
0.24163716294157664
0.24290966109733106
0.244162962931403
0.24539697582489525
0.24661161426586445
0.24780679975672995
0.24898246071935648
0.2501385323979508
0.2512749567599345
0.25239168239493204
0.2534886644120239
0.2545658643354051
0.25562324999858177
0.2566607954372516
0.25767848078097894
0.25867629214381865
0.2596542215139863
0.26061226664271503
0.26155043093240055
0.26246872332416193
0.2633671581849122
0.2642457551940609
0.26510453922993715
0.26594354025603983
0.2667627932072095
0.26756233787581507
0.26834221879803616
0.2691024851403406
0.26984319058622114
0.27056439322328885
0.2712661554307822
0.27194854376757255
0.2726116288607326
0.27325548529473703
0.27388019150134724
0.2744858296502544
0.2750724855405281
0.2756402484929229
0.27618921124310397
0.2767194698358254
0.2772311235201226
0.27772427464554644
0.27819902855949086
0.27865549350564334
0.2790937805236028
0.2795140033496869
0.2799162783189638
0.2803007242685443
0.2806674624421475
0.2810166163959713
0.28134831190589127
0.2816626768759991
0.281959841248512
0.28223993691505594
0.28250309762934595
0.28274945892127396
0.28297915801240886
0.2831923337329316
0.2833891264399987
0.2835696779375516
0.2837341313975672
0.28388263128276536
0.28401532327075846
0.2841323541796652
0.2842338718951669
0.28432002529902095
0.28439096419902193
0.28444683926040587
0.28448780193869727
0.2845140044139901
0.28452559952665907
0.2845227407144872
0.2845055819512154
0.28447427768648753
0.28442898278719525
0.2843698524802045
0.284297042296458
0.2842107080164399
0.28411100561698355
0.28399809121942665
0.2838721210390822
0.2837332513360215
0.28358163836715555
0.28341743833959465
0.28324080736527496
0.2830519014168403
0.2828508762847545
0.2826378875356371
0.28241309047179863
0.28217664009196985
0.281928691053196
0.28166939763388754
0.2813989136980074
0.2811173926603784
0.28082498745309376
0.2805218504930116
0.2802081336503196
0.2798839882181491
0.2795495648832216
0.27920501369751183
0.27885048405090784
0.2784861246448519
0.27811208346694427
0.2777285077664901
0.27733554403097727
0.27693333796346176
0.2765220344608466
0.27610177759303534
0.27567271058294524
0.27523497578735956
0.27478871467860544
0.2743340678270363
0.27387117488430723
0.27340017456742255
0.27292120464353686
0.27243440191550267
0.2719399022081364
0.2714378403551964
0.2709283501870505
0.2704115645190186
0.26988761514037896
0.26935663280401895
0.268818747216714
0.26827408703001704
0.2677227798317601
0.26716495213812813
0.2666007293863077
0.2660302359276947
0.26545359502163984
0.2648709288297245
0.26428235841054937
0.26368800371502393
0.26308798358214497
0.26248241573524683
0.2618714167787148
0.26125510219514464
0.2606335863429404
0.26000698245433623
0.25937540263382547
0.2587389578569936
0.25809775796973866
0.25745191168786524
0.2568015265970445
0.25614670915313065
0.25548756468281836
0.2548241973846306
0.2541567103302312
0.25348520546604864
0.25280978361519985
0.2521305444797069
0.2514475866429934
0.2507610075726539
0.2500709036234901
0.24937737004079408
0.24868050096388142
0.24798038942985756
0.24727712737761465
0.24657080565204287
0.24586151400845824
0.24514934111722828
0.2444343745685959
0.24371670087768849
0.24299640548970927
0.2422735727852966
0.24154828608605475
0.2408206276602375
0.2400906787285864
0.23935851947031042
0.2386242290292082
0.2378878855199188
0.23714956603429896
0.23640934664792002
0.2356673024266785
