0.6735719685344974
0.5541990190863154
0.47285849371001476
0.4127491154128713
0.36597086519241406
0.3282593401109147
0.297065072343502
0.270749220714795
0.24820012828004945
0.22863183187899433
0.21147001830207965
0.19628359618739968
0.18274166016842436
0.17058535512375714
0.15960887404542567
0.1496462644818701
0.1405620468798407
0.13224440338735385
0.1246001416126279
0.11755090993745176
0.11103031188105122
0.10498167712330037
0.09935631937989856
0.09411216015684395
0.089212630880538
0.08462578922586614
0.08032360197204089
0.07628135856285811
0.07247718816026207
0.06889165931577557
0.06550744609674257
0.0623090480453024
0.059282554034208824
0.056415442139476246
0.05369640923643823
0.05111522525979248
0.04866260803500427
0.04633011535114635
0.044110051550830934
0.041995386396726016
0.039979684362915886
0.03805704281350061
0.03622203778598771
0.0344696763052831
0.03279535432492596
0.031194819532917986
0.029664138375941906
0.028199666752504602
0.02679802390621592
0.02545606911797816
0.02417088085261452
0.022939738063329843
0.02176010339788452
0.02062960808473016
0.01954603830660474
0.01850732289407555
0.017511522192905513
0.01655681797749929
0.01564150429850066
0.014763979166287298
0.013922736983930331
0.013116361653467707
0.012343520288270814
0.01160295747210159
0.010893490012281296
0.010214002140400724
0.009563441119283816
0.00894081321960012
0.008345180033673244
0.0077756550977465585
0.0072314007973019005
0.00671162553305658
0.0062155811280205555
0.005742560458574451
0.005291895294939045
0.004862954338733279
0.00445514144761173
0.004067894039305896
0.003700681669832229
0.0033530047833106864
0.00302439363386367
0.002714407383643194
0.0024226333854191805
0.0021486866637308536
0.0018922096159006134
0.0016528719640973878
0.0014303710034001677
0.001224432210562126
0.0010348103073662743
0.000861290917003988
0.0007036930223469957
0.000561872550945328
0.0004357276117725696
0.0003252062746633891
0.00023031850128416205
0.00015115537908826678
0.00008792255605425845
0.000041005634340401995
0.000011127417621510177
0.
0.00001092082460561154
0.00003950651894675516
0.00008316505358029308
0.00014038325319363297
0.0002100383881587906
0.0002912244656895184
0.0003831769155352621
0.0004852323180484275
0.0005968040463871808
0.0007173662630008228
0.0008464427563761645
0.0009835987921794167
0.0011284349488333465
0.0012805823184113933
0.0014396986813224862
0.0016054653966348662
0.00177758483181599
0.0019557782079703454
0.0021397837711793063
0.0023293552240285734
0.002524260367730283
0.00272427991691201
0.0029292064575837553
0.0031388435250620764
0.0033530047833106886
0.0035715132907514218
0.0037942008403458946
0.004020907363919021
0.004251480392387997
0.004485774564930246
0.004723651181212345
0.004964977791688229
0.005209627821714061
0.005457480225812932
0.005708419168935235
0.005962333731965011
0.006219117639082941
0.006478669004887726
0.006740890099430242
0.007005687129535526
0.007272970034963707
0.007542652298130013
0.007814650766235385
0.008088885484786769
0.0083652795415796
0.008643758920323793
0.008924252363159725
0.009206691241389092
0.00949100943381083
0.009777143212106402
0.010065031132763413
0.01035461393507994
0.010645834444827112
0.010938637483181945
0.011232969780577367
0.011528779895142355
0.011826018135438626
0.012124636487208955
0.012424588543891092
0.012725829440658868
0.013028315791773647
0.013332005631043569
0.013636858355207617
0.013942834670067922
0.014249896539210556
0.01455800713516771
0.014867130792875124
0.015177232965304427
0.01548828018114061
0.01580024000439626
0.016113080995855667
0.016426772676250572
0.01674128549107174
0.017056590776935845
0.017372660729418593
0.017689468372285928
0.018006987528042365
0.01832519278974078
0.018644059493977447
0.018963563695023194
0.019283682140029384
0.019604392245256747
0.01992567207327718
0.020247500311103818
0.020569856249200765
0.020892719761334187
0.021216071285224184
0.021539891803959932
0.021864162828141534
0.022188866378717587
0.02251398497048563
0.02283950159622381
0.023165399711429314
0.023491663219631274
0.023818276458258986
0.0241452241850338
0.024472491564869945
0.024800064157253353
0.025127927904087834
0.025456069117978146
