0.3655550853655225
0.2550529015174947
0.1921086179226813
0.1510563071328554
0.12217538571028369
0.10083005417881061
0.08449179393120994
0.07165264194612353
0.06135357321888181
0.052954202192749426
0.046010179546425535
0.04020344439420807
0.03530039500613645
0.03112569817702576
0.027545290679707575
0.02445500561912018
0.021772760660108997
0.01943306923469339
0.017383106162019258
0.015579837163422584
0.013987891283907204
0.012577961449030133
0.011325586569604154
0.010210213336285431
0.009214465770131344
0.008323570972957094
0.007524903624588948
0.006807621680439192
0.0061623727764690325
0.00558105593444747
0.005056626870215796
0.004582937943059449
0.004154605821507024
0.0037669014724091973
0.0034156582416020103
0.003097194682561568
0.0028082494737450936
0.002545926296453809
0.002307646960094497
0.0020911113882119943
0.0018942633369977559
0.0017152609236489192
0.0015524512065401373
0.0014043481915968898
0.001269613746349681
0.0011470409901380878
0.001035539799929777
0.0009341241294267156
0.0008419008870108615
0.0007580601576770452
0.0006818665869130839
0.0006126517718261913
0.0005498075276386314
0.0004927799168090452
0.00044106394413012353
0.00039419883472402857
0.0003517638233321565
0.000313374393048738
0.0002786789099253525
0.0002473556069500224
0.0002191098769472526
0.00019367183913438502
0.00017079414852380514
0.00015025002119728556
0.0001318314517962438
0.00011534760243917195
0.00010062334476577107
0.00008749793896512667
0.00007582383553004588
0.00006546558712286505
0.000056298859363624534
0.000048209530624927724
0.00004109287200000664
0.00003485279959453475
0.000029401192137876968
0.000024657267662326203
0.000020547013667311543
0.000017002665763157305
0.000013962230327250817
0.000011369047147533757
9.171388458424616e-6
7.322091129193438e-6
5.778219102525077e-6
4.500753469365606e-6
3.4543078341228744e-6
2.606866865899004e-6
1.9295461501046922e-6
1.3963716528530341e-6
9.840773078361255e-7
6.719194055527801e-7
4.4150664493079745e-7
2.766448951174e-7
1.6319590092740818e-7
8.894941030166655e-8
4.350850046244621e-8
1.8188325933863673e-8
5.929244004677671e-9
1.226684325834514e-9
8.337557765943158e-11
0.
8.021961137057831e-11
1.135923304715532e-9
5.285136159554895e-9
1.560765348775094e-8
3.594535786955184e-8
7.075597313287326e-8
1.2499759053772612e-7
2.040341889469423e-7
3.1355672532301876e-7
4.595163502789733e-7
6.480673828144649e-7
8.85518319466081e-7
1.1782895628967557e-6
1.5328768427210625e-6
1.9558195058771732e-6
2.453673001941916e-6
3.032985001695357e-6
3.7002746850623776e-6
4.462014795967653e-6
5.324616128368913e-6
6.294414145944511e-6
7.377657488106955e-6
8.580498138255069e-6
9.908983061707046e-6
0.000011369047147533772
0.000012966507303743616
0.000014707057573507366
0.000016596265161168645
0.00001863956726124423
0.00002084226859933807
0.000023209539608878032
0.000025746415164294423
0.000028457793811147913
0.00003134843743584657
0.000034422971320075285
0.000037685884536644657
0.00004114153064537088
0.00004479412865144017
0.00004864776419410125
0.000052706390934087355
0.00005697383211638199
0.0000614537822810711
0.00006614980910466295
0.00007106535534897793
0.00007620374090212787
0.00008156816489908045
0.00008716170790081467
0.00009298733412794075
0.00009904789373188802
0.00010534612509737748
0.00011188465716443962
0.00011866601176445222
0.0001256926059618733
0.0001329667543976547
0.00014049067162426348
0.00014826647443281967
0.00015629618416405412
0.0001645817290019086
0.00017312494624436696
0.00018192758454980797
0.00019099130615752045
0.00020031768907575757
0.0002099082292429982
0.00021976434265142568
0.00022988736744053749
0.0002402785659521043
0.00025093912675229544
0.0002618701666132282
0.00027307273246004684
0.0002845478032789264
0.0002962962919861631
0.00030831904726059636
0.000320616855337053
0.00033319044175924277
0.0003460404730988191
0.0003591675586327191
0.0003725722519838333
0.000386255052724795
0.0004002164079442142
0.0004144567137761431
0.00042897631689326236
0.00044377551596460555
0.000458854563078625
0.00047421366512931395
0.0004898529851717694
0.000505772643740292
0.0005219727201376417
0.0005384532536872091
0.0005552142449580782
0.0005722556569560819
0.0005895774162846116
0.000607179414276698
0.0006250615080968025
0.000643223521814744
0.000661665247450135
0.0006803864459922249
0.0006993868483890904
0.0007186661565138663
0.0007382240441044567
0.0007580601576770442
