1.0255116706538145
0.9396247327991182
0.8650420466804161
0.8015413558629236
0.746680800246593
0.6985651255105654
0.6558280327684555
0.617472969593788
0.5827554727913412
0.5511059326308897
0.5220790654369787
0.4953201889676081
0.4705421471266441
0.4475091303697115
0.4260250716742431
0.4059251521087308
0.3870694673937123
0.3693382271903849
0.3526280618495937
0.3368491429147631
0.32192291076055557
0.30778026154320925
0.2943600860584085
0.28160808135934
0.2694757760482236
0.2579197246003452
0.2469008366195617
0.23638381470845843
0.2263366804504951
0.2167303723899025
0.20753840323991252
0.19873656612260804
0.19030268163944894
0.18221637913217292
0.1744589067233279
0.16701296570126578
0.15986256559366013
0.15299289689992346
0.14639021895929483
0.14004176084313125
0.1339356334965306
0.1280607516309439
0.12240676409774606
0.11696399166206806
0.11172337125391793
0.10667640590553601
0.10181511969472645
0.09713201710730529
0.09262004631083312
0.0882725658988951
0.08408331472236871
0.08004638447298049
0.07615619472634166
0.07240747018771607
0.06879521991483185
0.06531471831896565
0.06196148776886268
0.0587312826423525
0.05562007468826018
0.052624039576706874
0.049739544529520605
0.04696313693446323
0.04429153385758367
0.04172161237739107
0.03925040067293984
0.03687506980538396
0.03459292613933014
0.03240140435642953
0.03029806101923977
0.028280568648568774
0.026346710282348623
0.024494374488695535
0.022721550810271916
0.021026325621500926
0.019406878384684172
0.017861478295800967
0.01638848131587348
0.014986327589476593
0.013653539258555336
0.012388718687509265
0.011190547125065519
0.010057783840471145
0.008989265786998678
0.007983907866164236
0.00704070389359324
0.006158728405460205
0.005337139498104985
0.0045751829711385365
0.003872198159908013
0.0032276260202286494
0.002641020308920534
0.002112063166415062
0.0016405872072573413
0.0012266076866054257
0.0008703711806781627
0.0005724333869431557
0.00033379363117602516
0.00015615710199193001
0.000042564362039221215
0.
0.000041776519064970396
0.0001504693188346869
0.0003158077492740499
0.000531827245857288
0.0007941169804008695
0.0010991260065210892
0.0014438628046976117
0.0018257348725435449
0.0022424518777276184
0.0026919621534992927
0.0031724084942203502
0.0036820959573589905
0.004219467559702094
0.004783085397365085
0.005371615628344985
0.005983816289075142
0.006618527243459347
0.007274661771573812
0.007951199442945927
0.0086471800128284
0.009361698144999145
0.010093898810950602
0.010842973248972959
0.011608155391471617
0.012388718687509275
0.013183973261744985
0.013993263361888341
0.014815965055327484
0.01565148414230916
0.01649925425844032
0.01735873514356702
0.018229411057610563
0.019110789326787773
0.020002399006003604
0.020903789645159605
0.021814530148753224
0.022734207719513053
0.023662426877972455
0.024598808550868358
0.025542989222088315
0.02649462014061315
0.027453366580516964
0.028418907148627652
0.029390933135911512
0.030369147909057835
0.031353266339089546
0.03234301426414116
0.033338127983817606
0.03433835378279676
0.03534344748154274
0.03635317401220047
0.0373673070179069
0.03838562847390366
0.03940792832898038
0.04043400416589361
0.04146366087952115
0.04249671037160853
0.04353297126105339
0.04457226860876201
0.04561443365617379
0.046659303576630715
0.047706721238816294
0.048756534981558894
0.04980859839932704
0.05086277013781214
0.05191891369901666
0.052976897255320336
0.05403659347202282
0.05509787933790018
0.056160636003339454
0.05722474862564851
0.05829010622115548
0.05935660152374865
0.06042413084951563
0.06149259396717563
0.06256189397400552
0.06363193717698493
0.06470263297890008
0.06577389376916322
0.06684563481911412
0.06791777418158995
0.06899023259455514
0.07006293338860109
0.07113580239813108
0.07220876787606048
0.07328176041186521
0.07435471285282966
0.07542756022834415
0.07650023967711539
0.07757269037715847
0.07864485347845009
0.07971667203811905
0.0807880909580676
0.08185905692491764
0.08292951835217756
0.08399942532453936
0.08506872954421121
0.08613738427920262
0.08720534431347626
0.08827256589889507
