5.541471027622905e-7
6.128147285634622e-7
6.774391139019374e-7
7.485962961848225e-7
8.269148614082446e-7
9.130804009082819e-7
1.0078403121578918e-6
1.112008967008052e-6
1.2264732687166676e-6
1.3521986257384797e-6
1.4902353686855888e-6
1.6417256368786556e-6
1.8079107653768444e-6
1.990139202749844e-6
2.189874991237958e-6
2.4087068418921223e-6
2.6483578428953846e-6
2.910695831107737e-6
3.197744470913252e-6
3.511695074490461e-6
3.854919206746414e-6
4.229982114813299e-6
4.6396570241843395e-6
5.08694034970124e-6
5.575067861704483e-6
6.107531858799976e-6
6.688099390455384e-6
7.320831582537469e-6
8.010104112510476e-6
8.760628886969123e-6
9.577476973375848e-6
0.000010466102834959506
0.000011432369926695831
0.000012482577702471342
0.000013623490087121274
0.00001486236546870193
0.00001620698826453127
0.000017665702113435545
0.000019247444749351422
0.00002096178460730519
0.00002281895921556114
0.000024829915423417834
0.000027006351515809426
0.00002936076126266659
0.00003190647994820872
0.00003465773242720653
0.00003762968325020077
0.00004083848889501774
0.00004430135214500291
0.00004803657864521241
0.000052063635669217485
0.00005640321312032096
0.00006107728679338159
0.00006610918391023002
0.00007152365094858227
0.00007734692376544558
0.0000836068000230086
0.00009033271391194775
0.00009755581316217208
0.00010530903832670337
0.00011362720431535965
0.0001225470841469146
0.00013210749488636928
0.00014234938571612007
0.00015331592809591756
0.00016505260793950186
0.00017760731974765528
0.0001910304626095231
0.00020537503798972702
0.00022069674919828242
0.00023705410243658566
0.000254508509302113
0.0002731243906207164
0.00029296928147032824
0.00031411393724419857
0.0003366324405950498
0.0003606023090893412
0.00038610460338788806
0.0004132240357629434
0.00044204907874815445
0.00047267207370518496
0.000505189339084724
0.000539701278146615
0.0005763124858922184
0.0006151318549555864
0.0006562726801847918
0.0006998527616417109
0.0007459945057354011
0.000794825024192888
0.0008464762305706355
0.0009010849339938876
0.0009587929298082276
0.0010197470868207566
0.0010840994307995575
0.0011520072238973443
0.0012236330396594335
0.0012991448332728005
0.001378716006707259
0.001462525468401091
0.0015507576871411964
0.0016436027397853529
0.0017412563524756008
0.0018439199349947776
0.0019518006079213683
0.0020651112222371364
0.0021840703710514346
0.0023089023931096237
0.0024398373677637576
0.002577111101082844
0.002720965102804316
0.0028716465538235047
0.00302940826393852
0.0031945086195840546
0.003367211521290333
0.0035477863106291208
0.0037365076864243063
0.003933655610015986
0.004139515199391282
0.004354376612018551
0.004578534916228796
0.004812289951031503
0.005055946174250915
0.005309812498918058
0.005574202117853794
0.0058494323164263885
0.00613582427347616
0.006433702850438037
0.006743396368715654
0.007065236375388607
0.0073995573973691196
0.007746696684140355
0.008106993939258199
0.008480791040805586
0.008868431751037145
0.0092702614154669
0.00968662665169236
0.01011787502827356
0.010564354734007735
0.01102641423798458
0.01150440194082104
0.011998665817506842
0.01250955305232255
0.01303740966631428
0.013582580137831635
0.014145407016668922
0.014726230532362534
0.015325388197226413
0.015943214404726465
0.016580040023810715
0.01723619198983978
0.017911992892762706
0.01860776056321949
0.01932380765724406
0.020060441240268925
0.020817962371134126
0.021596665686816646
0.02239683898859844
0.02321876283040316
0.024062710110024206
0.0249289456639777
0.02581772586671133
0.026729298234891282
0.027663901037490807
0.02862176291240119
0.029603102490262812
0.0306081280262264
0.03163703704032003
0.032690015967101325
0.03376723981524791
0.034868871837729874
0.03599506321318213
0.03714595273908261
0.038321666537312844
0.0395223177726576
0.040748006384779406
0.04199881883416942
0.0432748278625599
0.04457609226824072
0.045902656696713166
0.047254551447062094
0.04863179229441449
0.05003438032881
0.05146230181077849
0.05291552804389234
0.05439401526451781
0.05589770454896335
0.05742652173818865
0.058980377380193225
0.060559166690187925
0.062162769528595875
0.06379105039691309
0.06544385845141716
0.06712102753467152
0.0688223762247587
0.07054770790211909
0.07229681083385751
0.07406945827533862
0.07586540858886519
0.07768440537919764
0.07952617764565158
0.08139043995047435
0.083276892603176
0.08518522186046588
0.08711510014141906
0.08906618625746891
0.091038125656807
0.09303055068274035
0.0950430808455433
0.09707532310731909
0.09912687217936225
0.10119731083151201
0.10328621021295119
0.10539313018391133
0.10751761965771528
0.10965921695259048
0.11181745015267044
0.11399183747759292
0.116181887660099
0.11838710033103576
0.12060696641114928
0.12284096850906627
0.12508858132485243
0.1273492720585373
0.12962250082299925
0.13190772106060433
0.1342043799629962
0.1365119188934411
0.13882977381113876
0.14115737569691145
0.1434941509796998
0.14583952196329553
0.14819290725275802
0.1505537221799665
0.15292137922777782
0.15529528845226495
0.157674857902532
0.16005949403761158
0.16244860213996692
0.1648415867251321
0.1672378519470477
0.1696368019986578
0.17203784150735502
0.17444037592487674
0.17684381191127044
0.17924755771257278
0.18165102353184837
0.1840536218932708
0.1864547679989375
0.18885388007812248
0.1912503797287052
0.1936436922505169
0.19603324697037147
0.19841847755856892
0.2007988223366692
0.20317372457635594
0.20554263278923585
0.2079050010074185
0.21026028905476038
0.21260796280865377
0.21494749445227515
0.21727836271720827
0.21960005311638886
0.2219120581673195
0.22421387760552752
0.2265050185882506
0.22878499588834458
0.23105333207843515
0.23330955770532888
0.23555321145473276
0.23778384030632352
0.240000999679242
0.24220425356807468
0.2443931746694179
0.24656734449911888
0.24872635350029104
0.25086980114223545
0.25299729601037535
0.2551084558873468
0.25720290782538474
0.25928028821014626
0.261340242816134
0.26338242685387137
0.26540650500900514
0.26741215147349945
0.26939904996910335
0.2713668937632724
0.2733153856777217
0.2752442380898167
0.2771531729269694
0.27904192165425956
0.2809102252554544
0.28275783420764505
0.28458450844968164
0.2863900173446281
0.28817413963641597
0.2899366634009199
0.29167738599164433
0.293396113980228
0.2950926630919667
0.2967668581365584
0.2984185329342634
0.30004753023768604
0.3016537016493688
0.3032369075353967
0.3047970169352029
0.30633390746776845
0.30784746523440276
0.30933758471829237
0.3108041686809965
0.3122471280560767
0.31366638184002854
0.3150618569807
0.3164334882633533
0.31778121819455185
0.3191049968840236
0.32040478192467026
0.32168053827086907
0.32293223811523153
0.3241598607639537
0.3253633925109164
0.326542826510668
0.32769816265042895
0.3288294074212536
0.3299365737884736
0.3310196810615552
0.3320787547634835
0.3331138264998004
0.3341249338273995
0.33511212012319835
0.3360754344527844
0.3370149314391416
0.3379306711315555
0.3388227188747889
0.3396911451786214
0.34053602558783636
0.3413574405527409
0.3421554753002973
0.3429302197059456
0.34368176816617935
0.34441021947195893
0.34511567668301496
0.3457982470031136
0.34645804165633215
0.34709517576441734
0.3477097682252605
0.34830194159255484
0.3488718219566731
0.3494195388268149
0.34994522501445813
0.3504490165181645
0.3509310524097621
0.3513914747219477
0.35183042833733574
0.3522480608789859
0.3526445226024272
0.353019966289216
0.35337454714203426
0.3537084226813598
0.3540217526437196
0.3543146988815439
0.35458742526463005
0.3548400975832412
0.3550728834528276
0.35528595222040027
0.35547947487255316
0.35565362394513556
0.3558085734345886
0.35594449871093775
0.35606157643244724
0.35615998446193575
0.3562399017847466
0.3563015084283757
0.3563449853837503
0.3563705145281461
0.35637827854974846
0.35636846087384333
0.35634124559062563
0.35629681738462343
0.356235361465725
0.356157063501791
0.3560621095528502
0.3559506860068618
0.355822979517026
0.35567917694064016
0.3555194652794707
0.3553440316216422
0.35515306308501554
0.3549467467620476
0.35472526966610407
0.35448881867922716
0.3542375805013208
0.35397174160074996
0.35369148816633
0.3533970060606864
0.3530884807749745
0.35276609738492537
0.3524300405082178
0.3520804942631423
0.35171764222854374
0.3513416674050214
0.35095275217737165
0.35055107827824744
0.35013682675301333
0.349710177925788
0.34927131136664197
0.3488204058599347
0.34835763937377173
0.3478831890305666
0.3473972310786787
0.34689994086511
0.3463914928092497
0.3458720603776328
0.34534181605970604
0.34480093134457174
0.34424957669869777
0.34368792154456873
0.3431161342402627
0.34253438205993436
0.3419428311751833
0.34134164663729066
0.3407309923603059
0.34011103110496244
0.33948192446341
0.3388438328447376
0.3381969154612762
0.3375413303156595
0.33687723418862714
0.33620478262755127
0.3355241299356732
0.33483542916202746
0.3341388320920416
0.3334344892387947
0.33272254983491445
0.33200316182510187
0.3312764718592644
0.33054262528624334
0.329801766148121
0.3290540371750889
0.328299579780867
0.32753853405865596
0.32677103877760866
0.3259972313798092
0.3252172479777387
0.32443122335222485
0.32363929095084876
0.3228415828868096
0.32203822993822306
0.3212293615478421
0.32041510582319616
0.3195955895371267
0.318770938128712
0.3179412757045616
0.317106725040487
0.31626740758351257
0.31542344345423423
0.31457495144950776
0.31372204904545503
0.31286485240077955
0.3120034763603787
0.31113803445924665
0.3102686389266544
0.309395400690597
0.3085184293824994
0.3076378333421723
0.3067537196230075
0.30586619399740533
0.30497536096242095
0.3040813237456279
0.3031841843111855
0.30228404336610193
0.3013810003666851
0.300475153525181
0.29956659981657474
0.2986554349855672
0.29774175355370347
0.29682564882665413
0.2959072129016435
0.29498653667501157
0.2940637098499071
0.29313882094410626
0.2922119572979491
0.2912832050823861
0.29035264930713134
0.28942037382891506
0.28848646135983064
0.2875509934757686
0.2866140506249363
0.285675712136451
0.28473605622901
0.283795160019625
0.2828530995324212
0.281909949707491
0.28096578440980746
0.28002067643817685
0.27907469753424563
0.27812791839154005
0.27718040866454485
0.2762322369778159
0.2752834709351159
0.2743341771285802
0.2733844211478979
