0.18195663389934721
0.186992648442874
0.19213284516361398
0.19737804922228344
0.20272904569424877
0.20818657822289244
0.21375134770685267
0.21942401102398357
0.22520517979462434
0.23109541918685522
0.23709524676617108
0.24320513139213823
0.24942549216421694
0.2557566974191108
0.2621990637816867
0.26875285527147813
0.27541828246666417
0.28219550172725444
0.2890846144790614
0.29608566655999424
0.30319864762988696
0.31042349064515934
0.31776007139918233
0.3252082081293657
0.3327676611915388
0.3404381328022823
0.34821926684951715
0.35611064877165416
0.3641118055053508
0.3722222055017784
0.380441258811243
0.38876831723566213
0.3972026745484826
0.4057435667812965
0.41439017257633215
0.423141613603944
0.4319969550438839
0.44095520612928313
0.4500153207519045
0.4591761981272792
0.4684366835181051
0.4777955690143417
0.4872515943681239
0.496803447881751
0.5064497673467577
0.5161891410320544
0.526020108719143
0.535941162782139
0.5459507493105611
0.5560472692724922
0.5662290797159879
0.5764944950062973
0.5868417880966332
0.5972691918301078
0.6077749002704821
0.6183570700593335
0.6290138217972958
0.6397432414469728
0.6505433817552194
0.661412263692398
0.6723478779063562
0.6833481861887678
0.694411122951688
0.7055345967120172
0.7167164915817529
0.7279546687618957
0.7392469680379364
0.7505912092748988
0.7619851939099804
0.7734267064408861
0.7849135159079941
0.7964433773686151
0.8080140333615753
0.8196232153605221
0.8312686452143556
0.8429480365732716
0.8546590962989813
0.8663995258577758
0.8781670226950582
0.8899592815902213
0.9017739959906286
0.9136088593236886
0.9254615662859567
0.9373298141083903
0.9492113037967899
0.9611037413467506
0.9730048389322743
0.9849123160674587
0.9968239007406035
1.0087373305202574
1.0206503536326452
1.0325607300101538
1.0444662323104419
1.0563646469059256
1.0682537748433556
1.0801314327733182
1.0919954538495364
1.1038436885978076
1.11567400575463
1.1274842930754383
1.1392724581125413
1.1510364289628239
1.1627741549853474
1.1744836074890088
1.1861627803904389
1.1978096908424132
1.2094223798329833
1.2209989127556593
1.2325373799509332
1.2440358972195364
1.2554926063077219
1.2669056753650207
1.2782732993748898
1.2895937005586318
1.300865128753063
1.312085861762387
1.3232542056847711
1.3343684952140693
1.34542709391723
1.3564283944878621
1.3673708189765383
1.378252818998284
1.389072875917834
1.3998295010131812
1.4105212356179502
1.4211466512431368
1.4317043496787782
1.4421929630760635
1.4526111540104603
1.4629576155263875
1.4732310711639807
1.4834302749684734
1.4935540114827686
1.5036010957236838
1.5135703731424384
1.523460719569895
1.533271041147052
1.543000274241329
1.5526473853491365
1.5622113709852314
1.5716912575593498
1.5810861012405906
1.5903949878100496
1.5996170325021524
1.6087513798351727
1.6177972034313215
1.626753705826958
1.63562011827326
1.6443957005278147
1.653079740637581
1.6616715547135452
1.670170486697587
1.6785759081218155
1.6868872178608605
1.6951038418774385
1.7032252329615554
1.711250870463723
1.7191802600225063
1.727012933286752
1.7347484476328188
1.7423863858771336
1.749926355984346
1.757367990771452
1.7647109476080844
1.7719549081133348
1.7790995778493282
1.7861446860118315
1.793089985118165
1.7999352506926376
1.8066802809497644
1.8133248964755135
1.8198689399067736
1.8263122756092827
1.832654789354231
1.8388963879937261
1.8450369991353281
1.8510765708158472
1.8570150711745708
1.8628524881261277
1.868588829033107
1.8742241203786663
1.8797584074392142
1.8851917539573813
1.8905242418153816
1.8957559707089335
1.900887057821853
1.9059176375014766
1.9108478609350004
1.9156778958269087
1.920407926077545
1.9250381514629837
1.9295687873162954
1.934000064210288
1.9383322276418493
1.9425655377179678
1.9467002688435169
1.9507367094108954
1.9546751614916125
1.9585159405298742
1.9622593750382533
1.9659058062955381
1.9694555880467626
1.972909086205572
1.9762666785589054
1.9795287544740754
1.9826957146083348
1.9857679706209284
1.9887459448877192
1.9916300702184009
1.9944207895763768
1.9971185558013185
1.9997238313344465
2.002237087946589
2.0046588064690085
2.0069894765270933
2.0092295962768696
2.0113796721444306
2.0134402185682427
2.0154117577444097
2.017294819374877
2.0190899404186156
2.02079766484579
2.022418543394939
2.0239531333331735
2.0254019982194142
2.026765707670665
2.028044837131344
2.0292399676456876
2.0303516856331982
2.031380582667205
2.0323272552564573
2.033192304629842
2.0339763365241517
2.0346799609749584
2.0353037921105503
2.035848447948964
2.0363145501980817
2.0367027240588103
2.037013598031315
2.0372478037243327
2.037405975667519
2.0374887511268485
2.0374967699230577
2.0374306742531028
2.037291108514635
2.0370787191334907
2.0367941543941552
2.036438064273214
2.0360111002757715
2.0355139152747985
2.034947163353451
2.0343114996502583
2.0336075802072515
2.0328360618209507
2.031997601896231
2.0310928583030305
2.0301224892358776
2.029087153076238
2.0279875082576426
2.026824213133578
2.0255979258481367
2.024309304209371
2.022959005565363
2.0215476866829674
2.0200760036292067
2.0185446116553147
2.016954165083363
2.015305317195496
2.01359872012571
2.0118350247541783
2.0100148806040847
2.0081389357409227
2.0062078366742973
2.0042222282621114
2.002182753617191
2.000090054016283
1.9979447688114043
1.9957475353435221
1.9934989888585322
1.991199762425519
1.9888504868572472
1.9864517906328887
1.9840042998229317
1.9815086380162512
1.9789654262493306
1.976375282937572
1.9737388238087021
1.971056661838224
1.9683294071868969
1.9655576671402106
1.9627420460498295
1.9598831452769736
1.9569815631377212
1.9540378948501873
1.9510527324835634
1.9480266649089804
1.9449602777521822
1.9418541533479599
1.938708870696342
1.9355250054204896
1.9323031297262985
1.9290438123636429
1.9257476185892664
1.9224151101312774
1.9190468451552278
1.9156433782317261
1.9122052603056043
1.908733038666565
1.905227256921295
1.9016884549670454
1.898117168966612
1.8945139313247095
1.8908792706657283
1.887213711812812
1.8835177757682557
1.8797919796952056
1.8760368369006009
1.8722528568193713
1.8684405449998427
1.8646004030903294
1.8607329288268943
1.856838616022246
1.852917954555756
1.8489714303645606
1.8449995254357396
1.8410027177995365
1.8369814815235983
1.8329362867082186
1.8288675994825523
1.8247758820017865
1.820661592445248
1.81652518501541
1.8123671099377932
1.8081878134617357
1.8039877378620035
1.7997673214412262
1.7955269985331426
1.7912671995066163
1.7869883507704374
1.7826908747788364
1.7783751900377567
1.7740417111118023
1.7696908486318903
1.7653230093035606
1.7609385959159374
1.7565380073513168
1.7521216385953782
1.7476898807479748
1.7432431210345058
1.7387817428178602
1.7343061256108818
1.7298166450893806
1.7253136731056422
1.7207975777024362
1.716268723127497
1.7117274698484746
1.7071741745683262
1.7026091902411413
1.6980328660883832
1.6934455476155392
1.6888475766291449
1.6842392912541992
1.67962102595193
1.6749931115379053
1.670355875200488
1.6657096405195988
1.6610547274857939
1.6563914525196388
1.6517201284913616
1.6470410647407783
1.6423545670974766
1.637660937901249
1.6329604760227616
1.6282534768844448
1.6235402324816028
1.6188210314037206
1.6140961588559697
1.609365896680895
1.604630523380272
1.5998903141371312
1.595145540837926
1.5903964720948638
1.5856433732683481
1.5808865064895676
1.576126130683188
1.5713625015901589
1.5665958717906223
1.5618264907269068
1.557054604726618
1.552280457025787
1.5475042877921064
1.5427263341482171
1.5379468301950525
1.5331660070352306
1.528384092796483
1.5236013126551233
1.51881788885954
1.5140340407537085
1.5092499848007221
1.5044659346063263
1.4996821009424628
1.4948986917708083
1.4901159122662977
1.4853339648406494
1.4805530491658603
1.4757733621976732
1.4709950981990298
1.4662184487634828
1.4614436028385633
1.456670746749119
1.4519000642205921
1.4471317364022573
1.4423659418904025
1.437602856751436
1.4328426545449584
1.4280855063467375
1.423331580771637
1.4185810439964577
1.4138340597827073
1.4090907894992828
1.4043513921450872
1.3996160243715337
1.394884840504984
1.3901579925690797
1.3854356303069868
1.3807179012035404
1.3760049505072849
1.3712969212524215
1.366593954280643
1.3618961882628646
1.3572037597208437
1.3525168030486978
1.3478354505342924
1.3431598323805347
1.3384900767265302
1.3338263096686387
1.3291686552814
1.3245172356383426
1.319872170832665
1.3152335789978002
1.3106015763278482
1.3059762770978844
1.301357793684141
1.2967462365840556
1.292141714436196
1.287544334040048
1.2829542003756742
1.278371416623238
1.2737960841823983
1.2692283026915665
1.2646681700470257
1.2601157824219213
1.2555712342851109
1.2510346184198777
1.2465060259425071
1.2419855463207274
1.2374732673920092
1.2329692753817303
1.2284736549211988
1.2239864890655388
1.2195078593114368
1.2150378456147515
1.210576526407979
1.2061239786175824
1.2016802776811812
1.1972454975646007
1.192819710778787
1.1884029883965712
1.183995400069308
1.1795970140433645
1.1752078971764761
1.1708281149539634
1.1664577315048081
1.1620968096175892
1.1577454107562923
1.153403595075963
1.1490714214382383
1.1447489474267374
1.1404362293623107
1.1361333223181571
1.1318402801348093
1.127557155434973
1.1232839996382429
1.1190208629756753
1.1147677945042354
1.110524842121104
1.1062920525778543
1.1020694714944994
1.0978571433734028
1.0936551116130624
1.089463418521762
1.085282105331094
1.0811112122093522
1.0769507782747971
1.0728008416087924
1.0686614392688165
1.0645326073013432
1.0604143807546051
1.056306793691218
1.0522098792006993
1.0481236694118468
