0.025456069117978146
0.026221410132682577
0.027005894369009586
0.027809861705190293
0.028633653862230147
0.02947761430155165
0.03034208811968153
0.03122742193988473
0.03213396380064764
0.03306206304089861
0.034012070181858464
0.03498433680539434
0.035979215428756955
0.03699705937556728
0.03803822264292578
0.039103059764498155
0.040191925669446
0.041305175537058515
0.042443164646943435
0.043606248224637004
0.04479478128249286
0.04600911845571432
0.04724961383339498
0.04851662078443803
0.04981049177823542
0.05113157819998831
0.05248023016056145
0.053856796300776374
0.055261623590054494
0.056695057119335424
0.058157439888210614
0.05964911258622181
0.06117041336829416
0.0627216776242885
0.06430323774267173
0.06591542286832931
0.0675585586545542
0.06923296700927502
0.07093896583560078
0.07267686876678597
0.07444698489573408
0.07624961849919179
0.078085068756796
0.0799536294651663
0.0818555887472591
0.08379122875721871
0.08576082538098455
0.08776464793294089
0.0898029588489129
0.09187601337583622
0.09398405925845303
0.09612733642340175
0.0983060766610958
0.10052050330579722
0.10277083091432065
0.10505726494380979
0.10738000142905588
0.10973922665983026
0.11213511685873334
0.11456783786005909
0.11703754479019812
0.1195443817501062
0.1220884815003729
0.12466996514943904
0.12728894184550776
0.12994550847270517
0.13263974935204792
0.13537173594777135
0.13814152657957385
0.1409491661413355
0.14379468582685426
0.14667810286314742
0.1495994202518526
0.15255862651925506
0.155555695475463
0.1585905859832274
0.16166324173691105
0.16477359105207057
0.16792154666612552
0.17110700555055117
0.1743298487350252
0.17758994114393453
0.18088713144562926
0.184221251914789
0.18759211830824338
0.19099952975457096
0.1944432686577677
0.19792310061526047
0.2014387743505111
0.2049900216604336
0.20857655737782047
0.21219807934894425
0.2158542684264828
0.2195447884778821
0.2232692864092446
0.22702739220481027
0.23081871898206602
0.23464286306249227
0.23849940405792935
0.2423879049725282
0.24630791232020943
0.250258956257544
0.2542405507319335
0.25825219364494983
0.26229336703066913
0.2663635372488067
0.27046215519244626
0.2745886565101229
0.2787424618420131
0.2829229770699474
0.287129593580955
0.2913616885440251
0.295618625199752
0.29989975316251516
0.3042044087348239
0.3085319152334492
0.3128815833269451
0.31725271138414474
0.3216445858332171
0.3260564815308368
0.3304876621410291
0.3349373805232323
0.33940487912910977
0.3438893904076368
0.3483901372179815
0.3529063332496949
0.357437183449709
0.36198188445565205
0.36653962503497184
0.37110958652936676
0.37569094330401465
0.3802828632010883
0.38488450799705465
0.38949503386323897
0.39411359182915495
0.3987393282480917
0.4033713852644487
0.40800890128232403
0.41265101143486455
0.4172968480538712
0.4219455411391896
0.42659621882739696
0.43124800785931355
0.4359000340458767
0.4405514227319145
0.4452012992573692
0.4498487894155388
0.4544930199078937
0.45913311879505575
0.4637682159435261
0.46839744346776235
0.47301993616721844
0.4776348319579675
0.48224127229854574
0.48683840260966527
0.4914253726874531
0.4960013371098954
0.500565455636166
0.5051168935985493
0.5096548222866587
0.5141784193236928
0.5186868690344579
0.5231793628049201
0.5276550994330536
0.5321132854707745
0.5365531355567477
0.5409738727398952
0.5453747287934186
0.549754944519186
0.5541137700423382
0.5584504650959792
0.5627642992958435
0.5670545524048307
0.5713205145873276
0.5755614866532319
0.5797767802916329
0.5839657182940892
0.5881276347674734
0.5922618753363671
0.5963677973349901
0.6004447699886788
0.6044921745849166
0.608509404633956
0.6124958660190695
0.616450977136475
0.6203741690250054
0.6242648854855899
0.6281225831906307
0.6319467317833737
0.6357368139673625
0.6394923255861036
0.6432127756930491
0.6468976866120335
0.6505465939883008
0.6541590468302607
0.6577346075421309
0.6612728519476225
0.6647733693048312
0.6682357623125103
0.6716596471078902
0.6750446532562415
0.6783904237323559
0.681696614894142
0.6849628964485269
0.6881889514098647
0.6913744760510535
0.6945191798475636
0.6976227854145871
0.7006850284375127
0.7037056575959443
0.7066844344814708
0.7096211335094004
0.7125155418246782
0.7153674592021962
0.7181766979417167
0.7209430827576203
0.7236664506636926
0.7263466508531652
0.7289835445742259
0.7315770050012016
0.7341269171016347
0.7366331774994501
0.7390956943344308
0.7415143871181934
0.7438891865868779
0.7462200345507394
0.7485068837408473
0.7507496976530789
0.7529484503895996
0.7551031264980197
0.7572137208084053
0.7592802382683302
0.7613026937761369
0.7632811120125891
0.7652155272710756
0.7671059832865348
0.7689525330632614
0.77075523870175
0.7725141712247263
0.7742294104025191
0.7759010445779144
0.7775291704906311
0.7791138931015547
0.780655325416859
0.7821535883121475
0.783608810356729
0.7850211276381521
0.7863906835871142
0.787717628802845
0.7890021208790807
0.7902443242307289
0.7914444099213098
0.7926025554912848
0.7937189447873466
0.7947937677927659
0.7958272204588639
0.796819504537704
0.7977708274160598
0.7986814019507409
0.7995514463053325
0.8003811837884205
0.8011708426933528
0.8019206561395942
0.8026308619157319
0.8033017023241688
0.8039334240275617
0.804526277897037
0.8050805188622289
0.8055964057631718
0.8060742012040836
0.8065141714090673
0.8069165860797562
0.8072817182549372
0.807609844172161
0.8079012431313678
0.8081561973605469
0.8083749918834372
0.8085579143892891
0.8087052551046955
0.8088173066675005
0.8088943640027947
0.8089367242009966
0.8089446863980316
0.8089185516576
0.8088586228555423
0.8087652045662983
0.8086386029514475
0.8084791256503407
0.8082870816728045
0.8080627812939192
0.8078065359508545
0.8075186581417602
0.8071994613266926
0.8068492598305776
0.80646836874818
0.8060571038510793
0.8056157814966353
0.8051447185389181
0.804644232241599
0.8041146401927766
0.8035562602217257
0.8029694103175448
0.8023544085496916
0.8017115729903777
0.801041221638813
0.800343672347267
0.7996192427489414
0.7988682501876196
0.7980910116490774
0.7972878436942369
0.7964590623940331
0.7956049832659796
0.794725921212406
0.7938221904603446
0.7928941045030481
0.7919419760431097
0.7909661169371673
0.7899668381421664
0.7889444496631614
0.7878992605026269
0.7868315786112643
0.7857417108402724
0.7846299628950648
0.783496639290409
0.7823420433069639
0.7811664769491933
0.7799702409046346
0.7787536345044979
0.7775169556855719
0.7762605009534218
0.774984565346841
0.7736894424035573
0.77237542412715
0.7710428009551669
0.7696918617284252
0.7683228936614557
0.7669361823140929
0.7655320115641717
0.7641106635813162
0.7626724188018041
0.7612175559044793
0.7597463517876977
0.7582590815472796
0.75675601845546
0.7552374339408041
0.753703597569079
0.7521547770250562
0.7505912380952302
0.7490132446514286
0.7474210586353065
0.7458149400436891
0.7441951469147647
0.742561935315093
0.7409155593274235
0.7392562710392989
0.7375843205324304
0.7358999558728259
0.7342034231016548
0.7324949662268363
0.7307748272153263
0.729043245986099
0.7273004604037971
0.7255467062730397
0.7237822173333714
0.7220072252548402
0.7202219596341839
0.7184266479916156
0.716621515768189
0.7148067863237368
0.7129826809353583
0.711149418796448
0.7093072170162539
0.7074562906199475
0.705596852549193
0.7037291136632033
0.7018532827402726
0.6999695664797697
0.6980781695045788
0.6961792943639817
0.6942731415369598
0.6923599094359143
0.6904397944107854
0.688512990753562
0.6865796907031737
0.6846400844507451
0.6826943601452139
0.6807427038992905
0.6787852997957564
0.6768223298940885
0.6748539742373992
0.6728804108596782
0.6709018157933387
0.6689183630770412
0.6669302247638013
0.6649375709293603
0.6629405696808176
0.6609393871655121
0.6589341875801441
0.6569251331801296
0.6549123842891797
0.6528960993090949
0.6508764347297677
0.6488535451393835
0.6468275832348165
0.6447986998322043
0.6427670438777067
0.6407327624584249
0.6386960008134939
0.6366569023453189
0.6346156086309676
0.6325722594336994
0.6305269927146333
0.6284799446445406
0.6264312496157609
0.6243810402542339
0.6223294474316419
0.6202766002776513
0.6182226261922587
0.6161676508582239
0.61411179825359
0.6120551906642879
0.6099979486968102
0.6079401912909639
0.6058820357326797
0.6038235976668875
0.6017649911104463
0.5997063284651221
0.5976477205306148
0.5955892765176263
0.5935311040609647
0.59147330923268
0.5894159965552325
0.5873592690146816
0.5853032280738985
0.5832479736857903
0.5811936043065438
0.5791402169088734
0.5770879069952752
0.5750367686112853
0.5729868943587331
0.5709383754089936
0.5688913015162309
0.5668457610306266
0.5648018409115977
0.562759626741
0.5607192027363042
0.5586806517637548
0.5566440553515015
0.5546094937027025
0.5525770457085979
0.5505467889615483
0.5485187997680381
0.546493153161643
0.5444699229159555
0.5424491815574659
0.5404310003784043
0.5384154494495303
0.5364025976328792
0.5343925125944529
0.5323852608168625
0.5303809076119148
0.5283795171331453
0.5263811523882913
0.5243858752517057
0.522393746476714
0.5204048257079054
0.5184191714933652
0.5164368412968351
0.5144578915098155
0.5124823774635973
0.5105103534412224
0.5085418726893801
0.5065769874302295
0.5046157488731502
0.5026582072264227
0.5007044117088322
0.4987544105611995
0.4968082510578391
0.4948659795179351
0.4929276413168454
0.4909932808973279
0.48906294178068443
0.4871366665778316
0.4852144970002868
0.4832964738710786
0.4813826371355718
0.4794730258722174
0.4775676783032156
0.4756666318050998
0.4737699229192376
0.4718775873622495
0.4699896600363447
0.46810617503957247
0.4662271656759923
0.4643526644657581
0.46248270315512036
0.4606173127263422
0.4587565234075346
0.45690036468240336
0.4550488652999145
0.45320205328387525
