1.9643261173362612
1.8068115343022129
1.6698750051376887
1.5528502795286099
1.4513165182612506
1.3618814616433124
1.2821105265830326
1.2102314327803714
1.1449209960739808
1.085166545433378
1.0301757836712198
0.9793168499355276
0.9320774134492875
0.8880360409478136
0.8468416844258082
0.8081986756423134
0.7718555414404709
0.7375965259614328
0.7052350671582888
0.6746087085938971
0.6455750818098196
0.6180086985528287
0.5917983635475166
0.5668450683659989
0.5430602623150427
0.5203644217139944
0.49868585749888505
0.47795971479226884
0.45812712831198815
0.43913450521557007
0.4209329128634052
0.40347755351227665
0.38672731146389594
0.3706443609411366
0.3551938251301675
0.3403434785456906
0.3260634862497509
0.3123261745592444
0.2991058287704488
0.28637851415587384
0.27412191708313205
0.2623152035941621
0.250938893186994
0.2399747458770854
0.22940566089460815
0.21921558560778975
0.2093894334588136
0.19991300986457855
0.19077294517479368
0.18195663389935018
0.17345217951830882
0.16524834427505114
0.15733450342762662
0.14970060349766093
0.14233712411162766
0.1352350430773581
0.12838580438036437
0.12178128882098643
0.11541378704494529
0.10927597474804854
0.1033608898598894
0.09766191153328672
0.09217274078516496
0.0868873826516452
0.08180012973524337
0.07690554703583055
0.0721984579693003
0.06767393148901885
0.06332727023581397
0.05915399965151617
0.05514985800060096
0.051310787252963744
0.047632924789628384
0.04411259590200933
0.040746307064172316
0.03753073996728261
0.034462746316054775
0.03153934339890779
0.028757710457735147
0.026115185900003984
0.023609265416913293
0.021237601097704537
0.01899800166468221
0.016888433998787696
0.014907026187425659
0.013052072411022232
0.01132204010551605
0.009715580012398884
0.00823153998775977
0.006868983839795735
0.005627217095595405
0.004505822638825292
0.0035047109589013614
0.0026241930423185
0.00186509039380352
0.0012289105526850745
0.0007181501782722207
0.00033688550377668105
0.00009218914945816376
0.
0.00009048740565643661
0.0003246553225680652
0.0006795973099156694
0.00114208897364785
0.0017023953842856465
0.00235271012124761
0.003086479468101768
0.0038980417067354042
0.004782409422591626
0.005735126824661609
0.006752170483760148
0.00782987707850928
0.008964888896255976
0.010154111530534228
0.011394680262398933
0.012683932811596995
0.014019386879227155
0.01539872137341321
0.01681976051915332
0.01828046026403678
0.01977889653806555
0.02131325502983416
0.022881822217407793
0.024482977447626682
0.026115185900000032
0.027776992302851557
0.029467015294298612
0.031183942339672574
0.03292652513220072
0.03469357541577983
0.03648396117851064
0.03829660317336402
0.0401304717288059
0.041984583817688804
0.04385800035682917
0.04574982371359167
0.04765919539875708
0.049585293927517496
0.051527332832815145
0.05348455881695524
0.05545625002906037
0.0574417144574619
0.05944028842711772
0.06145133519340172
0.06347424362431203
0.06550842696412648
0.06755332167213556
0.06960838633063444
0.07167310061710952
0.07374696433579878
0.07582949650437151
0.07792023449184435
0.08001873320414071
0.08212456431403012
0.08423731553245681
0.08635658991856618
0.08848200522584003
0.09061319328204162
0.09274979940087075
0.0948914818232857
0.09703791118672862
0.09918877002052282
0.10134375226591161
0.10350256281923759
0.10566491709694577
0.1078305406211856
0.10999916862474168
0.11217054567431436
0.11434442531108042
0.11652056970758193
0.1186987493400686
0.1208787426754713
0.12306033587221141
0.12524332249412634
0.12742750323683863
0.12961268566592607
0.1317986839662761
0.13398531870204722
0.13617241658677576
0.13835981026304464
0.1405473380912968
0.14273484394729521
0.14492217702790744
0.14710919166470166
0.14929574714507338
0.15148170754047896
0.15366694154153138
0.1558513222995503
0.15803472727432974
0.16021703808779855
0.1623981403833734
0.1645779236906485
0.16675628129532236
0.16893311011393572
0.171108310573455
0.1732817864952684
0.1754534449835258
0.17762319631761758
0.17979095384859214
0.18195663389934721
