0.00012315209566115198
0.00013133447018576124
0.0001400229136991004
0.0001492460143176857
0.0001590337921905463
0.0001694177596402688
0.0001804309831201734
0.0001921081470006929
0.00020448561918968907
0.0002176015185917854
0.00023149578440503742
0.0002462102472498439
0.00026178870212422697
0.0002782769831682544
0.0002957230402224587
0.000314177017152895
0.0003336913319198324
0.00035432075834707387
0.0003761225095611219
0.00039915632304453937
0.00042348454725861566
0.00044917222976856893
0.0004762872068098074
0.0005049001942196233
0.0005350848796558833
0.0005669180160094723
0.0006004795159230762
0.0006358525473045416
0.0006731236297305605
0.0007123827316160988
0.000753723368027145
0.0007972426989974924
0.000843041628210432
0.0008912249018887937
0.0009419012077382298
0.000995183273772594
0.0010511879668475142
0.0011100363907167764
0.0011718539834191606
0.0012367706137986283
0.0013049206769459663
0.001376443188351846
0.001451481876543834
0.0015301852739833532
0.0016127068059833033
0.001699204877403952
0.0017898429568792731
0.0018847896583223055
0.001984218819439904
0.0020883095770082424
0.0021972464386223606
0.002311219350658057
0.0024304237621659303
0.0025550606844155273
0.0026853367458088964
0.002821464241878956
0.00296366118008593
0.003112151319124798
0.0032671642024588794
0.0034289351857908763
0.0035977054581880913
0.0037737220565769074
0.003957237873328667
0.004148511656658828
0.004347808003563319
0.00455539734503039
0.004771555923262334
0.004996565760649242
0.005230714620252011
0.005474295957550317
0.0057276088632258635
0.005990957996760745
0.006264653510637862
0.006549010964948216
0.006844351232213133
0.00715100039225441
0.007469289616946368
0.007799555044709489
0.00814213764461554
0.008497383069989308
0.008865641501413443
0.009247267479058824
0.009642619724278418
0.010052060950427568
0.01047595766288672
0.010914679948292726
0.011368601252991984
0.011838098150766337
0.012323550099889922
0.012825339189607446
0.013343849876145033
0.013879468708383677
0.014432584043354709
0.01500358575173721
0.015592864913560154
0.016200813504339377
0.016827824071901844
0.017474289404168904
0.01814060218820605
0.01882715466085321
0.01953433825129009
0.020262543215903244
0.02101215826584506
0.021783570187703744
0.022577163457715772
0.023393319849983656
0.024232418039167345
0.02509483319815769
0.025980936591238884
0.026891095163276604
0.027825671125484043
0.028785021538328584
0.02976949789216555
0.030779445686188428
0.03181520400630821
0.032877105102578186
0.03396547396679267
0.03508062791090131
0.03622287614687803
0.0373925193687026
0.03858984933710553
0.03981514846773733
0.04106868942342267
0.042350734711158876
0.04366153628452208
0.04500133515213132
0.04637036099282918
0.047768831778221596
0.049196953403217766
0.05065491932519996
0.05214291021244326
0.05366109360239405
0.0552096235704021
0.05678864040948651
0.05839827032170248
0.06003862512165475
0.06170980195268375
0.0634118830162411
0.0651449353149385
0.06690901040973381
0.06870414419170308
0.07053035666881563
0.07238765176810408
0.07427601715360137
0.07619542406038256
0.07814582714502755
0.08012716435279064
0.08213935680173225
0.0841823086840405
0.08625590718474317
0.08836002241797297
0.09049450738093014
0.09265919792564048
0.09485391274859249
0.09707845339829424
0.09933260430076593
0.10161613280294868
0.10392878923398688
0.1062703069843036
0.10864040260236055
0.11103877590896821
0.11346511012897813
0.11591907204016191
0.11840031213905322
0.12090846482350691
0.12344314859168802
0.12600396625719862
0.12859050518000545
0.13120233751282
0.13383902046255297
0.13650009656644424
0.13918509398245085
0.14189352679344933
0.14462489532479536
0.14737868647476124
0.15015437405735776
0.15295141915702784
0.15576927049469183
0.15860736480459678
0.16146512722142817
0.1643419716771169
0.16723730130676867
0.17015050886314265
0.17308097713908246
0.17602807939731313
0.1789911798070024
0.18196963388648607
0.18496278895155013
0.1879699845686708
0.19099055301259624
0.19402381972767774
0.19706910379233922
0.20012571838609017
0.20319297125848912
0.20627016519946326
0.2093565985104103
0.21245156547549932
0.2155543568326127
0.21866426024336375
0.22178056076164926
0.22490254130020115
0.22802948309460735
0.23116066616429967
0.23429536977000215
0.23743287286715895
0.240572454554875
0.24371339451990867
0.24685497347528038
0.24999647359307675
0.25313717893103505
0.2562763758525292
0.25941335343957406
0.26254740389849923
0.26567782295795134
0.2688039102589062
0.2719249697363885
0.2750403099926142
0.27814924466129076
0.28125109276282956
0.28434517905023515
0.287430834345468
0.29050739586608076
0.293574207541957
0.29663062032199145
0.29967599247057797
0.3027096898537714
0.3057310862150324
0.3087395634404517
0.31173451181339473
0.31471533025849896
0.31768142657499465
0.3206322176593146
0.32356712971699025
0.3264855984638364
0.32938706931644063
0.33227099757199846
0.33513684857753206
0.33798409788855693
0.34081223141726535
0.3436207455703135
0.34640914737630013
0.3491769546030528
0.35192369586482686
0.35464891071955185
0.3573521497562541
0.3600329746728046
0.3626909583441397
0.3653256848811246
0.36793674968020856
0.37052375946406957
0.37308633231341204
0.37562409769010807
0.3781366964518793
0.3806237808587128
0.3830850145712067
0.3855200726410602
0.3879286414939105
0.39031041890472973
0.39266511396599557
0.3949924470488504
0.3972921497574729
0.3995639648768744
0.4018076463143424
0.40402295903475793
0.4062096789899997
0.40836759304266373
0.4104964988843117
0.4125962049484788
0.4146665303186502
0.41670730463142813
0.41871836797511075
0.4206995707838867
0.42265077372787024
0.42457184759917604
0.42646267319425046
0.4283231411926605
0.4301531520325398
0.43195261578289623
0.433721452012976
0.4354595896588712
0.4371669668875702
0.43884353095862355
0.4404892380836195
0.4421040532836372
0.4436879502448574
0.44524091117249887
0.4467629266432428
0.44825399545631306
0.449714124483363
0.45114332851732886
0.4525416301203894
0.45390905947118787
0.45524565421144214
0.4565514592920954
0.4578265268191216
0.4590709158991265
0.46028469248486026
0.46146792922075985
0.4626207052886389
0.4637431062536327
0.4648352239105029
0.46589715613040605
0.4669290067082237
0.46793088521054166
0.4689029068243772
0.46984519220673043
0.4707578673350479
0.4716410633586723
0.4724949164513533
0.4733195676648917
0.4741151627839782
0.47488185218229684
0.4756197906799464
0.4763291374022407
0.47701005563993726
0.47766271271094646
0.4782872798235636
0.47888393194127576
0.47945284764917373
0.4799942090220114
0.48050820149395096
0.4809950137300164
0.4814548374992972
0.4818878675499146
0.48229430148578933
0.4826743396452187
0.48302818498129463
0.4833560429441727
0.48365812136520914
0.4839346303429789
0.4841857821311861
0.48441179102847476
0.48461287327015057
0.4847892469218126
0.4849411317749057
0.48506874924419036
0.4851723222671337
0.4852520752052192
0.4853082337471722
0.48534102481409946
0.4853506764665342
0.48533741781338635
0.4853014789227792
0.48524309073477834
0.4851624849759901
0.485059894076029
0.48493555108583053
0.48478968959781354
0.4846225436678573
0.4844343477391017
0.48422533656753564
0.4839957451493696
0.48374580865017397
0.483475762335763
0.4831858415048074
0.4828762814231613
0.4825473172598789
0.48219918402490775
0.48183211650843294
0.48144634922185686
0.4810421163403919
0.48061965164724907
0.4801791884793919
0.4797209596748476
0.47924519752154415
0.4787521337076581
0.4782419992734429
0.47771502456452425
0.4771714391866401
0.476611471961794
0.47603535088580906
0.4754433030872562
0.4748355547877364
0.4742123312634893
0.4735738568083115
0.4729203546977593
0.4722520471546171
0.4715691553155996
0.4708718991992811
0.4701604976752103
0.4694351684342082
0.46869612795981247
0.46794359150085263
0.46717777304513625
0.46639888529421475
0.46560713963922307
0.4648027461377555
0.46398591349176904
0.46315684902648435
0.46231575867027086
0.4614628469354887
0.46059831690027386
0.4597223701912379
0.45883520696707203
0.457937025903028
0.45702802417625726
0.45610839745199483
0.45517833987056233
0.45423804403517165
0.45328770100051496
0.4523275002621195
0.4513576297464496
0.45037827580173484
0.44938962318951287
0.4483918550768662
0.44738515302933246
0.4463696970044751
0.4453456653461
0.4443132347790944
0.443272580404876
0.4422238756974389
0.44116729249997466
0.4401030010220571
0.43903116983737484
0.4379519658819945
0.43686555445314346
0.43577209920849347
0.43467176216593423
0.43356470370382133
0.43245108256168413
0.431331055841382
0.43020477900869336
0.42907240589532614
0.4279340887013343
0.42678997799793456
0.4256402227306996
0.4244849702231261
0.42332436618056163
0.4221585546944747
0.4209876782470674
0.4198118777162049
0.41863129238066465
0.41744605992568296
0.4162563164487997
0.4150621964659759
0.41386383291799334
0.41266135717710717
0.41145489905395416
0.4102445868047044
0.4090305471384406
0.40781290522476943
0.4065917847016402
0.4053673076833729
0.4041395947688846
0.4029087650501047
0.4016749361205694
0.40043822408419255
0.3991987435641978
0.39795660771221286
0.39671192821751067
0.3954648153163971
0.39421537780172783
0.39296372303256394
0.3917099569439421
0.3904541840567629
0.3891965074877888
0.3879370289597451
0.3866758488115166
0.38541306600843805
0.384148778152664
0.38288308149362466
0.38161607093855254
0.3803478400630762
0.3790784811218805
0.37780808505942187
0.37653674152070027
0.37526453886207733
0.3739915641621374
0.37271790323259124
0.3714436406292113
0.3701688596627982
0.3688936424101745
0.3676180697252017
0.36634222124981036
0.3650661754250518
0.3637900095021549
0.36251379955359186
0.3612376204841508
0.3599615460420023
0.35868564882976706
0.3574100003155785
0.356134670844132
0.35485972964772433
0.3535852448572782
0.3523112835133487
0.35103791157710507
0.3497651939412978
0.3484931944411905
0.34722197586546955
0.3459515999671217
0.344682127474277
0.343413618101019
0.3421461305581577
0.34087972256396093
0.33961445085484765
0.33835037119603506
0.3370875383921435
0.3358260062977546
0.33456582782791877
0.3333070549686155
0.33204973878716004
