4.820654443494542e-6
5.298042166565884e-6
5.819845376751345e-6
6.389890882496525e-6
7.0123045223904685e-6
7.691531664693681e-6
8.432358864851062e-6
9.239936730561546e-6
0.000010119804033951966
0.000011077913127365242
0.000012120656701486671
0.000013254895939490824
0.000014487990107746701
0.000015827827638547464
0.000017282858744914145
0.000018862129615507045
0.00002057531823861929
0.00002243277189524218
0.000024445546369361684
0.000026625446916095182
0.000028985071029437002
0.00003153785305079608
0.00003429811065429522
0.00003728109324960831
0.00004050303232839256
0.00004398119379610088
0.00004773393230960692
0.00005178074765215744
0.00005614234316471561
0.00006084068625806677
0.0000658990710160596
0.00007134218290743397
0.00007719616561034762
0.00008348868995435214
0.00009024902497853506
0.00009750811110230677
0.00010529863539215001
0.00011365510891030721
0.00012261394612710465
0.00013221354635773995
0.00014249437720076103
0.00015349905992729297
0.00016527245677918663
0.00017786176011548252
0.00019131658335022047
0.00020568905360615887
0.00022103390601162576
0.00023740857955070768
0.00025487331437714793
0.000273491250484622
0.0002933285276284304
0.00031445438637620206
0.00033694127016053804
0.00036086492819671395
0.00038630451912117456
0.00041334271519224465
0.0004420658068959718
0.000472563807776446
0.0005049305593159759
0.0005392638356683739
0.0005756654480475379
0.0006142413485658508
0.0006551017332970495
0.0006983611443442382
0.0007441385706758424
0.0007925575474850362
0.0008437462538219214
0.0008978376082433254
0.0009549693622084184
0.0010152841909510484
0.0010789297815481267
0.0011460589178951314
0.0012168295623040811
0.0012914049334164788
0.0013699535801417685
0.0014526494513047742
0.0015396719607010374
0.0016312060472422614
0.0017274422298843744
0.0018285766570160697
0.0019348111499971341
0.0020463532405287648
0.0021634162015420713
0.0022862190712932768
0.0024149866703520786
0.002549949611183506
0.0026913443000152982
0.0028394129307007313
0.0029944034702842153
0.003156569635990351
0.003326170863363036
0.0035034722652922128
0.003688744581672331
0.003882264119458738
0.004084312682886913
0.0042951774936421105
0.004515151100783975
0.0047445312802350615
0.004983620923671185
0.005232727916661571
0.005492165005927848
0.005762249655609108
0.006043303892444755
0.006335654139799033
0.006639631040484297
0.006955569268351112
0.007283807328647808
0.007624687347167173
0.007978554848225163
0.008345758521543603
0.008726649978132746
0.00912158349529325
0.009530915750885976
0.009955005547043354
0.010394213523524013
0.010848901860931983
0.011319433974060447
0.011806174195635627
0.012309487450764638
0.012829738922424005
0.013367293708343221
0.013922516469664565
0.014495771071789681
0.015087420217841385
0.01569782507519888
0.016327344895580326
0.016976336629174783
0.017645154533342863
0.018334149776429123
0.019043670037241892
0.019774059100781283
0.02052565645080937
0.021298796859868317
0.022093809977378205
0.02291101991644158
0.023750744840011363
0.024613296547073425
0.02549898005951514
0.026408093210349756
0.0273409262339778
0.028297761359165334
0.029278872405427092
0.030284524383493522
0.03131497310055466
0.032370464770950916
0.033451235632997726
0.03455751157260631
0.035689507754369416
0.03684742826076034
0.03803146574009251
0.039241801063867016
0.04047860299412211
0.041742027861390724
0.043032219253842485
0.04434930771818187
0.045693410472843185
0.04706463113400716
0.04846305945494281
0.04988877107915194
0.05134182730776919
0.052822274881646515
0.05433014577852288
0.05586545702565373
0.057428210528243574
0.059018392914003
0.060635975394107755
0.06228091364082568
0.06395314768203134
0.06565260181280018
0.06737918452425169
0.0691327884497651
0.07091329032866989
0.07272055098747471
0.07455441533867423
0.07641471239712751
0.07830125531398863
0.08021384142812042
0.08215225233490354
0.08411625397231579
0.08610559672413043
0.08812001554005083
0.09015923007256413
0.09222294483028284
0.09431084934750047
0.09642261836966418
0.09855791205445265
0.10071637618810617
0.10289764241664269
0.10510132849156754
0.10732703852966269
0.1095743632864215
0.1118428804426735
0.1141321549039282
0.11644173911194786
0.1187711733680436
0.12111998616757587
0.12348769454512339
0.12587380442978086
0.12827781101002064
0.13069919910756217
0.13313744355966947
0.13559200960929793
0.13806235330250433
0.14054792189253143
0.14304815424997055
0.14556248127840873
0.14809032633496774
0.15063110565513235
0.15318422878128388
0.15574909899434164
0.15832511374793137
0.16091166510449484
0.16350814017276938
0.1661139215460712
0.16872838774081714
0.1713509136347411
0.1739808709042627
0.17661762846047674
0.17926055288324974
0.18190900885291467
0.1845623595790735
0.1872199672260305
0.18988119333438752
0.19254539923835806
0.19521194647836046
0.19788019720847655
0.20054951459837422
0.20321926322930262
0.2058888094838015
0.20855752192876573
0.2112247716915365
0.21388993282869995
0.2165523826872997
0.21921150225817893
0.22186667652119083
0.22451729478203514
0.22716275100049188
0.22980244410984707
0.2324357783273138
0.2350621634552822
0.23768101517323673
0.24029175532020708
0.24289381216762604
0.24548662068249238
0.24806962278075087
0.25064226757081265
0.2532040115871631
0.2557543190140169
0.25829266189898575
0.260818520356757
0.26333138276278095
0.26583074593697686
0.2683161153175015
0.27078700512460485
0.27324293851464304
0.2756834477243011
0.2781080742051144
0.2805163687483714
0.2829078916004957
0.28528221256902
0.28763891111926676
0.2899775764618658
0.29229780763123736
0.2945992135551957
0.2968814131158099
0.29914403520168975
0.3013867187518552
0.30360911279136044
0.30581087645884947
0.3079916790262185
0.3101511999105747
0.31228912867867703
0.3144051650440521
0.31649901885698095
0.3185704100875514
0.3206190688019843
0.3226447351324251
0.3246471592404116
0.3266261012742268
0.3285813313203295
0.3305126293490835
0.3324197851549811
0.33430259829157694
0.3361608780013258
0.3379944431405434
0.33980312209968333
0.341586752719137
0.34334518220076155
0.3450782670153245
0.3467858728060788
0.348467874288645
0.35012415514740974
0.3517546079286171
0.35335913393035345
0.3549376430895961
0.3564900538665213
0.3580162931262376
0.35951629601812857
0.3609900058529678
0.36243737397798376
0.3638583596500305
0.3652529299070251
0.36662105943781875
0.3679627304506373
0.3692779325402555
0.3705666625540407
0.3718289244570129
0.3730647291960513
0.37427409456338756
0.3754570450595085
0.3766136117555983
0.37774383215563756
0.37884775005827426
0.3799254154185885
0.38097688420984677
0.3820022182853614
0.3830014852405494
0.383974758275294
0.38492211605669496
0.3858436425822992
0.386739427043905
0.38760956369200916
0.3884541517009833
0.3892732950350548
0.39006710231515734
0.3908356866867255
0.3915791656884933
0.3922976611223592
0.39299129892437706
0.39366020903692367
0.3943045252820969
0.39492438523639534
0.3955199301067191
0.3960913046077377
0.3966386568406689
0.3971621381734939
0.3976619031226573
0.3981381092362762
0.3985909169788828
0.3990204896177423
0.3994269931107528
0.3998105959959679
0.4001714692827415
0.40050978634453394
0.40082572281337714
0.40111945647602804
0.4013911671718092
0.40164103669215534
0.4018692486818707
0.4020759885421062
0.40226144333505803
0.4024258016903942
0.40256925371341
0.4026919908949129
0.40279420602283544
0.4028760930955761
0.4029378472370629
0.40297966461353407
0.4030017423520346
0.4030042784606156
0.4029874717502336
0.4029515217583418
0.40289662867415543
0.4028229932655903
0.4027308168078588
0.4026203010137099
0.40249164796530235
0.402345060047696
0.4021807398839488
0.40199889027180397
0.4017997141219467
0.40158341439782486
0.4013501940570088
0.4011002559940736
0.40083380298499016
0.4005510376330085
0.40025216231600586
0.399937379135294
0.3996068898658577
0.3992608959080047
0.3988995982404186
0.3985231973745815
0.398131893310556
0.3977258854941059
0.39730537277512623
0.39687055336737803
0.39642162480949505
0.395958783927248
0.395482226797042
0.39499214871063393
0.39448874414103907
0.39397220670961813
0.39344272915431355
0.3929005032990225
0.3923457200240827
0.3917785692378499
0.39119923984935134
0.39060791974198866
0.39000479574827784
0.38939005362559753
0.3887638780329344
0.38812645250860056
0.3874779594489035
0.38681858008775294
0.3861484944771829
0.38546788146876776
0.3847769186959169
0.384075782557031
0.3833646481994922
0.38264368950448047
0.3819130790725928
0.3811729882102462
0.38042358691684947
0.3796650438727251
0.3788975264277635
0.37812120059079274
0.3773362310196449
0.37654278101190924
0.37574101249634395
0.3749310860249426
0.37411316076562773
0.3732873944955686
0.3724539435950917
0.3716129630421835
0.37076460640756087
0.3699090258503
0.3690463721139994
0.3681767945234798
0.3673004409819869
0.36641745796889746
0.3655279905379062
0.3646321823156881
0.3637301755010128
0.36282211086430616
0.3619081277476446
0.36098836406516216
0.36006295630387153
0.35913203952487255
0.3581957473649461
0.3572542120385167
0.356307564339975
0.3553559336463459
0.35439944792029265
0.35343823371344907
0.35247241617006064
0.3515021190309366
0.3505274646376894
0.34954857393725897
0.34856556648671544
0.34757856045831886
0.34658767264484025
0.3455930184651188
0.34459471196986563
0.3435928658476886
0.3425875914313354
0.3415789987041486
0.34056719630672294
0.3395522915437532
0.33853439039107075
0.33751359750285603
0.3364900162190204
0.33546374857275446
0.33443489529822773
0.3334035558384371
0.33236982835319995
0.3313338097272795
0.3302955955786373
0.3292552802668085
0.3282129569013954
0.32716871735066344
0.3261226522502463
0.3250748510119472
0.3240254018326298
0.32297439170319636
0.32192190641764834
0.32086803058221974
0.3198128476245832
0.3187564398031207
0.3176988882162537
0.31664027281183027
0.3155806723965649
0.3145201646455219
0.31345882611164394
0.3123967322353176
0.3113339573539735
0.31027057471171565
0.3092066564689789
0.30814227371220815
0.3070774964635543
0.3060123936905904
0.3049470333160332
0.30388148222747957
0.3028158062871458
0.3017500703416062
0.30068433823153673
0.2996186728014491
0.2985531359094221
0.2974877884368233
0.296422690298016
0.295357900450056
0.2942934769023656
