0.04851613969792347
0.01785646681243668
0.00844139953974857
0.004547079546666579
0.0026602875144974883
0.0016489650980896471
0.0010669815635953794
0.0007138165284864501
0.0004904664266751867
0.0003444530564699139
0.0002463631192531674
0.00017894951762087278
0.0001317142346107141
0.0000980631989104863
0.00007374176861960736
0.00005594028660491955
0.000042765341810375985
0.00003291800236435988
0.000025492948262481123
0.000019850217418054136
0.00001553165279853613
0.000012205480477909977
9.628944653930886e-6
7.6227424211244125e-6
6.053295628551447e-6
4.820305603872179e-6
3.84791762337894e-6
3.078382834831869e-6
2.4674680517779023e-6
1.981101888979033e-6
1.5929040677726036e-6
1.2823514124156034e-6
1.03340677765711e-6
8.334872550067227e-7
6.726828969672984e-7
5.431617065368596e-7
4.387140309483664e-7
3.544019295424003e-7
2.862880434951427e-7
2.3122500906453013e-7
1.8669120992421788e-7
1.506621668052679e-7
1.2150946437027923e-7
9.792104220554366e-8
7.883813124766357e-8
6.340520906126521e-8
5.093017110169004e-8
4.085255240079504e-8
3.27181039177893e-8
2.615841151473491e-8
2.0874517993032686e-8
1.6623739630088827e-8
1.3209030477594618e-8
1.0470391548028558e-8
8.277918645356065e-9
6.526169849619333e-9
5.129594673019802e-9
4.018823013018809e-9
3.1376486759158045e-9
2.4405726681132826e-9
1.8908059670526852e-9
1.458640736343791e-9
1.1201234706179521e-9
8.55973491833651e-10
6.507015112375944e-10
4.918907795708647e-10
3.696124995890757e-10
2.759468734588119e-10
2.0459695945451422e-10
1.5057109064762537e-10
1.099270729219364e-10
7.956411969920499e-11
5.705278880637114e-11
4.049959486838288e-11
2.843555554876107e-11
1.9728718185750993e-11
1.3511111065745446e-11
9.122349090907909e-12
6.063580105732566e-12
3.961691087018014e-12
2.5396299563835888e-12
1.5938937217595508e-12
9.769355479746024e-13
5.83118645878644e-13
3.3768281323760155e-13
1.8899669982079134e-13
1.0159813636851296e-13
5.22828639973261e-14
2.5362699117603275e-14
1.1493676015186294e-14
4.979044638294783e-15
1.8221722311048267e-15
6.171867527044108e-16
1.779114778225258e-16
4.1133103339515665e-17
6.905689232146113e-18
6.986813047587941e-19
2.802284105490582e-20
1.1694592959349952e-22
0.
1.0811089259821726e-22
2.3956049197979343e-20
5.524146156293775e-19
5.050291865375154e-18
2.782590541702273e-17
1.1133281072408464e-16
3.5727283066115746e-16
9.757322955799823e-16
2.35622884895767e-15
5.386105044405441e-15
1.0686840215836653e-14
2.032325776674723e-14
3.6880296050849444e-14
6.3239162269267e-14
1.043857815399935e-13
1.668108328242623e-13
2.58165678639496e-13
3.8917199918089247e-13
5.726772004542637e-13
8.251834956321506e-13
1.1659642842678235e-12
1.6190953239105754e-12
2.2126258138552095e-12
2.9806607194496403e-12
3.961691087018025e-12
5.201830123584947e-12
6.753183083403551e-12
8.676008696148036e-12
1.1038230846945692e-11
1.391718351697095e-11
1.7399368201098602e-11
2.158177462764297e-11
2.6572320457099183e-11
3.249029636926599e-11
3.946770301718786e-11
4.764925777526208e-11
5.7193512222103206e-11
6.827374661916416e-11
8.107819590447012e-11
9.581093815808357e-11
1.1269277817476816e-10
1.3196145885885502e-10
1.538734198146014e-10
1.7870266124393116e-10
2.0674337356869988e-10
2.3830944854643636e-10
2.7373531199386843e-10
3.1337674514066163e-10
3.5761102783501667e-10
4.0683840142053274e-10
4.6148218622694946e-10
5.219888854774318e-10
5.888296074690582e-10
6.625005852214163e-10
7.435225712381713e-10
8.324426598309718e-10
9.298345399820281e-10
1.0362980667438417e-9
1.1524614817037755e-9
1.2789796210698876e-9
1.4165363269568426e-9
1.5658439564042336e-9
1.7276442069641253e-9
1.902707594338825e-9
2.0918351348245004e-9
2.29585801377833e-9
2.5156376826862904e-9
2.7520668290281915e-9
3.0060689986183902e-9
3.2785995350994754e-9
3.570645616300246e-9
3.883226275807069e-9
4.217393298111024e-9
4.5742307670799264e-9
4.954855710451321e-9
5.3604178421593755e-9
5.7921001790751946e-9
6.251119866257264e-9
6.738726102322456e-9
7.256203380831369e-9
7.804869167746998e-9
8.386074897001985e-9
9.001206509669639e-9
9.65168409290531e-9
1.0338961285049782e-8
1.1064526667600801e-8
1.1829903813643768e-8
1.2636649548913092e-8
1.3486356420949443e-8
1.4380650050740504e-8
1.5321191803201166e-8
1.6309677672922547e-8
1.7347837604295015e-8
1.8437436134439986e-8
1.9580272582844643e-8
2.077818078795388e-8
2.203302905710153e-8
2.334671988593523e-8
2.472119011371693e-8
2.6158411514734858e-8
