2.6158411514734858e-8
2.9760729334672164e-8
3.383793707389108e-8
3.844956961588102e-8
4.36622011753091e-8
4.9550219035850885e-8
5.6196681755156724e-8
6.369425623396999e-8
7.214625409221719e-8
8.166776568779849e-8
9.238690711835988e-8
1.0444618660441076e-7
1.1800400084448772e-7
1.3323627527174115e-7
1.5033825374672995e-7
1.6952645817722484e-7
1.9104082557046152e-7
2.1514703905708965e-7
2.421390693930019e-7
2.7234194056253714e-7
3.061147395867246e-7
3.438538882751561e-7
3.859966945515533e-7
4.3302520623899806e-7
4.854703908179888e-7
5.439166588915947e-7
6.090067617740814e-7
6.81447086347246e-7
7.620133732979841e-7
8.515568900651287e-7
9.510110861785413e-7
1.0613987645946727e-6
1.1838397992435684e-6
1.3195594358378123e-6
1.4698972116201745e-6
1.6363165285770553e-6
1.820414923260273e-6
2.0239350705339333e-6
2.248776566486627e-6
2.4970085307727475e-6
2.770883073853076e-6
3.072849678886425e-6
3.405570542044674e-6
3.771936924756084e-6
4.175086561731409e-6
4.6184221857726465e-6
5.105631213896752e-6
5.6407066536105925e-6
6.227969283720862e-6
6.872091162382406e-6
7.578120524826507e-6
8.351508120607256e-6
9.198135055426819e-6
0.000010124342189017458
0.000011136961150115003
0.000012243347028047267
0.00001345141279297687
0.000014769665507348974
0.00001620724438228569
0.00001777396073227982
0.00001948033988667898
0.000021337665104893845
0.00002335802354953118
0.000025554354363979637
0.000027940498901226036
0.00003053125314351734
0.000033342422358553134
0.0000363908780207698
0.000039694617037912494
0.00004327282330263122
0.000047145931599356004
0.000051335693879545946
0.00005586524792157197
0.0000607591883796229
0.00006604364022293482
0.00007174633455939729
0.00007789668682891425
0.00008452587734951037
0.00009166693418159585
0.00009935481827785754
0.00010762651087200632
0.00011652110305105241
0.00012607988744559363
0.00013634645196658425
0.00014736677550321187
0.0001591893254868933
0.0001718651572134223
0.0001854480148146096
0.00019999443374010007
0.00021556384462148405
0.00023221867835726665
0.0002500244722660671
0.0002690499771235391
0.0002893672649030507
0.0003110518370169932
0.000334182732851596
0.00035884263836671003
0.00038511799453167455
0.00041309910534511143
0.0004428802451850824
0.00047455976521536204
0.0005082401985714747
0.000544028364031595
0.0005820354678741963
0.0006223772036087184
0.0006651738492580894
0.0007105503618692709
0.0007586364689078204
0.0008095667561979128
0.0008634807520535932
0.0009205230072465496
0.0009808431704510252
0.001044596058795533
0.0011119417231582425
0.0011830455078379928
0.0012580781042231001
0.0013372155980959533
0.0014206395102000407
0.0015085368297050926
0.0016011000402108527
0.0016985271379275338
0.0018010216416879713
0.0019087925944489775
0.00202205455594425
0.0021410275861725118
0.002265937219405195
0.0023970144284200107
0.002534495578672875
0.0026786223721475184
0.002829641780623472
0.002987805968141659
0.003153372202445449
0.0033266027552125784
0.0035077647909058456
0.003697130244098089
0.003894975685147465
0.0041015821741293545
0.00431723510295234
0.0045422240256162835
0.004776842476596292
0.005021387777365613
0.005276160831103442
0.005541465905652607
0.005817610404837574
0.006104904628271993
0.00640366151982074
0.006714196404909262
0.007036826716913408
0.0073718717128775525
0.007719652178859258
0.008080490125212468
0.008454708472160354
0.00884263072604198
0.009244580646632368
0.00966088190598266
0.010091857739238834
0.010537830587932232
0.010999121736264796
0.011476050940920928
0.011968936054986145
0.012478092646548334
0.013003833612599174
0.013546468788863331
0.014106304556199828
0.014683643444243583
0.015278783732960766
0.015892019052815263
0.016523637984241085
0.017173923657143035
0.017843153351135108
0.018531598097248907
0.019239522281839817
0.019967183253420003
0.020714830933152933
0.021482707429733135
0.02227104665938224
0.023080073971675642
0.023910005781912304
0.024761049210730586
0.025633401731655393
0.026527250827259857
0.027442773654594674
0.028380136720533293
0.029339495567658205
0.030320994471292047
0.0313247661482551
0.032350931477910794
0.03339959923603328
0.03447086584200618
0.03556481511983112
0.03668151807340244
0.03782103267646805
0.03898340367767363
0.040168662421042396
0.041376826682232776
0.042607900520855536
0.04386187414912625
0.04513872381707421
0.04643841171450243
0.04776088588986634
0.049106080186187104
0.05047391419409976
0.051864293222083954
0.05327710828390861
0.054712236103269876
0.056169539135582106
0.05764886560683854
0.059150049569433594
0.06067291097479923
0.06221725576267651
0.06378287596682483
0.06536954983692013
0.06697704197638511
0.06860510349585257
0.07025347218194282
0.07192187268100875
0.07361001669747286
0.07531760320636846
0.07704431867966023
0.07878983732590805
0.08055382134281966
0.08233592118220859
0.0841357758268719
0.08595301307886943
0.08778724985869196
0.08963809251477206
0.09150513714279782
0.09338796991426809
0.09528616741372639
0.09719929698409599
0.09912691707954385
0.10106857762528564
0.10302382038374672
0.10499217932649536
0.10697318101135252
0.1089663449641017
0.11097118406420181
0.11298720493393344
0.11501390833039242
0.1170507895397647
0.11909733877331397
0.12115304156453058
0.12321737916688665
0.12528982895166346
0.12736986480532356
0.12945695752590763
0.13155057521795244
0.13365018368544482
0.13575524682232065
0.13786522700005954
0.13997958545191666
0.1420977826533601
0.14421927869829898
0.1463435336706995
0.14847000801119828
0.15059816287835492
0.15272746050418337
0.15485736454363433
0.15698734041771023
0.15911685564991254
0.1612453801957442
0.16337238676500368
0.1654973511366184
0.1676197524658029
0.1697390735833177
0.17185480128664699
0.17396642662291212
0.17607344516336831
0.17817535726934253
0.1802716683494812
0.18236188910820997
0.18444553578530512
0.18652213038650353
0.18859120090508802
0.19065228153440386
0.19270491287127298
0.1947486421102895
0.19678302322898844
0.1988076171639059
0.20082199197754064
0.20282572301626212
0.20481839305920477
0.20679959245820867
0.20876891926887392
0.21072597937280735
0.21267038659115325
0.21460176278949936
0.21651973797427426
0.21842395038074158
0.22031404655272407
0.22218968141417816
0.22405051833276646
0.2258962291755611
0.22772649435704156
0.22954100287952614
0.23133945236621362
0.2331215490869862
0.2348870079771535
0.23663555264930258
0.23836691539843688
0.24008083720057605
0.24177706770500423
0.24345536522034825
0.24511549669466867
0.24675723768975386
0.24838037234980243
0.24998469336468584
0.2515700019279739
0.2531361076899188
0.25468282870558057
0.25620999137828576
0.2577174303986075
0.2592049886790454
0.26067251728460233
0.26211987535943193
0.26354693004974233
0.26495355642313617
0.26633963738456407
0.2677050635890673
0.26904973335147886
0.2703735525532654
0.27167643454665813
0.272958300056259
0.27421907707826454
0.275458700777483
0.2766771133822855
0.2778742640776566
0.2790501088964794
0.2802046106092164
0.2813377386121131
0.28244946881407285
0.28353978352233167
0.2846086713270704
0.28565612698508414
0.2866821513026411
0.2876867510176412
0.2886699386812042
0.2896317325387866
0.29057215641094325
0.2914912395738439
0.29238901663963224
0.2932655274367469
0.2941208168902729
0.29495493490244074
0.29576793623334174
0.29655988038195513
0.29733083146755845
0.2980808581116099
0.29881003332016187
0.29951843436689535
0.3002061426768202
0.3008732437107268
0.30151982685043455
0.3021459852849065
0.3027518158972748
0.3033374191528403
0.3039028989880852
0.3044483627007526
0.30497392084103553
0.30547968710391027
0.3059657782226607
0.3064323138636297
0.30687941652222056
0.30730721142019274
0.30771582640427236
0.30810539184610747
0.3084760405435929
0.30882790762358175
0.3091611304460131
0.30947584850946597
0.30977220335815747
0.3100503384904058
0.31031039926856085
0.3105525328304238
0.310776888002153
0.3109836152126797
0.31117286640962355
0.3113447949767237
0.31149955565278664
0.3116373044521457
0.3117581985866462
0.3118623963891421
0.31195005723851144
0.3120213414861867
0.31207641038418804
0.31211542601466746
0.3121385512209475
0.3121459495400537
0.31213778513672596
0.3121142227389123
0.31207542757472134
0.31202156531083525
0.31195280199236486
0.3118693039841377
0.3117712379134111
0.3116587706139869
0.3115320690717277
0.31139130037145046
0.31123663164519
0.3110682300218115
0.3108862625779631
0.31069089629034974
0.31048229798931076
0.31026063431368844
0.31002607166697177
0.30977877617469285
0.30951891364306344
0.3092466495188379
0.30896214885037476
0.30866557624988783
0.30835709585687004
0.30803687130266205
0.3077050656761603
0.3073618414906389
0.3070073606516662
0.30664178442610535
0.30626527341216986
0.30587798751052847
0.30548008589642917
0.3050717269928317
0.304653068444529
0.30422426709323597
0.3037854789536328
0.3033368591903396
0.3028785620958074
0.30241074106911087
0.30193354859561256
0.30144713622749897
0.3009516545651553
0.30044725323937
0.2999340808943482
0.2994122851715194
0.2988820126941194
0.2983434090525337
0.29779661879037944
0.29724178539131657
0.29667905126656624
0.2961085577431226
0.29553044505264325
0.2949448523209966
0.2943519175584622
0.2937517776505528
0.2931445683494561
0.29253042426607584
0.2919094788626561
0.2912818644459774
0.2906477121611068
0.2900071519856898
0.28936031272477064
0.28870732200612487
0.28804830627609357
0.2873833907958966
0.2867126996384325
0.28603635568552493
0.28535448062562296
0.2846671949519367
0.2839746179609909
0.283276867751592
0.2825740612241928
0.2818663140806412
0.2811537408243057
0.2804364547605649
0.2797145679976473
0.27898819144781234
0.2782574348288623
0.2775224066659775
0.2767832142938548
0.2760399638591507
0.27529276032321304
0.2745417074650902
0.2737869078848125
0.2730284630069361
0.2722664730843354
0.2715010372022399
0.2707322532825051
0.2699602180881091
0.26918502722786536
0.26840677516134614
0.26762555520400405
0.26684145953248645
0.2660545791901403
0.2652650040926885
0.2644728230340778
0.26367812369249316
0.2628809926365248
0.26208151533148566
0.26127977614587156
0.2604758583579579
0.25966984416252414
0.2588618146777048
0.25805184995195396
0.25724002897112414
0.2564264296656514
0.2556111289178366
0.254794202569225
0.2539757254280741
0.25315577127690336
0.25233441288012676
0.251511721991756
0.2506877693631742
0.24986262475097448
