0.0007580601576770442
0.0008053410412591948
0.0008552781985213584
0.0009080000920999361
0.0009636400515891062
0.0010223363794722186
0.0010842324551692396
0.0011494768369389157
0.0012182233613965152
0.0012906312403751963
0.001366865154883455
0.0014470953458889228
0.001531497701668607
0.0016202538414592477
0.0017135511951466157
0.0018115830787224314
0.0019145487652525977
0.002022653551088054
0.0021361088170612033
0.002255132084409782
0.002379947065169466
0.0025107837067900084
0.0026478782307197603
0.0027914731647253927
0.002941817368701251
0.003099166053741625
0.003263780794248211
0.0034359295328572634
0.003615886577970591
0.003803932593690388
0.004000354581961016
0.004205445856729155
0.0044195060099441515
0.004642840869231288
0.004875762447075101
0.005118588881365999
0.0053716443671664475
0.005635259079570724
0.005909769087539573
0.00619551625860137
0.006492848154322575
0.00680211791646678
0.007123684143766796
0.007457910759249967
0.00780516686806995
0.008165826605806675
0.008540268977216459
0.008928877685416305
0.009332040951511541
0.009750151324678614
0.010183605482736871
0.01063280402325318
0.011098151245230987
0.011580054921467214
0.012078926061649533
0.012595178666305237
0.013129229471710736
0.013681497685890566
0.014252404715854717
0.014842373886224792
0.015451830149431302
0.016081199787665305
0.01673091010678529
0.01740138912240565
0.018093065238390976
0.018806366918009153
0.019541722348008064
0.02029955909588446
0.021080303760651186
0.02188438161739488
0.02271221625596029
0.023564229214083222
0.024440839605332186
0.02534246374221751
0.026269514754844382
0.027222402205503416
0.028201531699596005
0.02920730449331692
0.03024011709851473
0.03130036088517125
0.03238842168195122
0.033504679375278665
0.03464950750741163
0.035823272873995136
0.037026335121574404
0.03825904634557143
0.03952175068921801
0.040814783943959446
0.04213847315184031
0.04349313621039134
0.04487908148053554
0.04629660739804233
0.04774600208905615
0.049227542990221876
0.05074149647393848
0.052288117479268335
0.05386764914902025
0.05548032247353433
0.057126355941679474
0.05880595519958277
0.060519312717586274
0.062266607465941676
0.0640480045997234
0.06586365515344858
0.0677136957458709
0.06959824829540935
0.0715174197466632
0.07347130180844089
0.0754599707037309
0.07748348693201942
0.07954189504433724
0.08163522343142332
0.08376348412534577
0.0859266726149321
0.08812476767531699
0.09035773121191208
0.09262550811907634
0.09492802615374403
0.09726519582424649
0.09963691029454286
0.10204304530405242
0.10448345910325527
0.10695799240520952
0.10946646835310792
0.1120086925039656
0.11458445282852445
0.11719351972741465
0.11983564606360109
0.12251056721112105
0.12521800112008336
0.12795764839788698
0.13072919240658312
0.13353229937629027
0.1363666185345378
0.13923178225139912
0.1421274062002472
0.145053089533942
0.14800841507624113
0.1509929495281974
0.15400624368929422
0.157047832693032
0.16011723625668556
0.16321395894490176
0.16633749044681093
0.16948730586629926
0.1726628660250653
0.17586361777808251
0.17908899434105524
0.18233841562945682
0.18561128860871012
0.18890700765507235
0.19222495492675673
0.19556450074482581
0.19892500398337176
0.2023058124684967
0.2057062633855873
0.2091256836943798
0.21256339055129755
0.21601869173854374
0.21949088609941791
0.22297926397933204
0.22648310767198604
0.23000169187017488
0.23353428412068405
0.23708014528273919
0.24063852998947316
0.24420868711187693
0.24778986022469898
0.2513812880737645
0.25498220504419294
0.25859184162898924
0.26220942489749677
0.26583417896320355
0.2694653254504021
0.27310208395920993
0.2767436725284656
0.2803893080960312
0.2840382069560291
0.2876895852125688
0.2913426592295135
0.29499664607586223
0.2986507639663268
0.302304232696697
0.305956274073608
0.3096061123383228
0.3132529745841772
0.31689609116732437
0.3205346961104557
0.32416802749917406
0.32779532787070853
0.331415844594691
0.33502883024571706
0.33863354296742904
0.34222924682788686
0.34581521216599426
0.34939071592877
0.35295504199927763
0.35650748151502354
0.36004733317667026
0.36357390354691277
0.3670865073393892
0.3705844676975082
0.3740671164630962
0.37753379443477386
0.3809838516159964
0.38441664745269877
0.38783155106050776
0.39122794144149053
0.3946052076904282
0.39796274919061453
0.4012999757991941
0.4046163080220626
0.4079111771783742
0.4111840255547
0.4144343065489047
0.4176614848038128
0.4208650363307525
0.42404444862306406
0.42719922075968925
0.4303288634989463
0.4334328993626194
0.43651086271049433
0.4395622998054779
0.4425867688694552
0.4455838401300343
0.44855309585834496
0.45149413039805875
0.454406550185805
0.4572899737631664
0.4601440317804331
0.462968366992316
0.4657626342458001
0.4685265004603513
0.4712596446006669
0.4739617576421774
0.4766325425295117
0.4792717141281304
0.4818789991693387
0.48445413618889505
0.4869968754594266
0.48950697891686745
0.49198422008113396
0.49442838397125655
0.4968392670151741
0.4992166769544158
0.5015604327438785
0.503870364446911
0.5061463131259224
0.5083881307287187
0.5105956799707776
0.5127688342136675
0.5149074773398157
0.5170115036238224
0.519080817600525
0.521115333930002
0.5231149772597122
0.5250796820839619
0.5270093926008771
0.5289040625670726
0.5307636551501902
0.532588142779486
0.5343775069946359
0.5361317382929245
0.5378508359749885
0.539534807989265
0.5411836707753079
0.5427974491061177
0.5443761759296395
0.5459198922095614
0.5474286467655638
0.5489024961131467
0.550341504303166
0.5517457427612086
0.5531152901269256
0.5544502320934376
0.5557506612469366
0.5570166769065795
0.5582483849647882
0.5594458977280546
0.5606093337583467
0.561738817715208
0.5628344801986422
0.5638964575928637
0.5649248919109982
0.5659199306408098
0.5668817265915306
0.5678104377418535
0.5687062270891692
0.5695692625000948
0.570399716562368
0.5711977664381465
0.571963593718783
0.5726973842811073
0.5733993281452787
0.5740696193342374
0.5747084557348046
0.5753160389604643
0.5758925742158627
0.5764382701630546
0.5769533387895303
0.5774379952780457
0.5778924578782786
0.5783169477803403
0.5787116889901497
0.5790769082066984
0.579412834701216
0.5797197001982464
0.5799977387586538
0.5802471866645564
0.5804682823062054
0.5806612660708056
0.5808263802332888
0.5809638688490345
0.581073977648545
0.5811569539340683
0.5812130464781691
0.5812425054242442
0.5812455821889733
0.5812225293667056
0.5811736006357646
0.5810990506666739
0.5809991350322834
0.5808741101197927
0.5807242330446556
0.5805497615663553
0.5803509540060341
0.5801280691659672
0.5798813662508613
0.5796111047909666
0.5793175445669816
0.5790009455367349
0.578661567763629
0.5782996713468256
0.5779155163531525
0.5775093627507177
0.5770814703442053
0.5766320987118392
0.5761615071439895
0.5756699545834048
0.5751576995670484
0.5746250001695143
0.5740721139480113
0.5734992978888782
0.5729068083556269
0.5722949010384737
0.5716638309053536
0.5710138521543814
0.5703452181677495
0.5696581814670288
0.5689529936698632
0.5682299054480227
0.5674891664868057
0.5667310254457567
0.565955729920687
0.5651635264069688
0.5643546602640868
0.5635293756814221
0.5626879156452478
0.5618305219069123
0.5609574349521943
0.5600688939718
0.5591651368329922
0.5582464000523165
0.5573129187694151
0.5563649267219044
0.5554026562212895
0.5544263381299046
0.5534362018388528
0.5524324752469261
0.5514153847404885
0.5503851551742973
0.5493420098532487
0.5482861705150266
0.54721785731363
0.5461372888037701
0.5450446819261087
0.5439402519933282
0.542824212677006
0.541696775995284
0.5405581523013072
0.5394085502724194
0.5382481769001003
0.5370772374806155
0.5358959356063815
0.5347044731580073
0.5335030502970142
0.5322918654592081
0.5310711153486907
0.5298409949324923
0.5286016974358163
0.5273534143378692
0.5260963353682769
0.5248306485040535
0.5235565399671266
0.5222741942223903
0.5209837939762799
0.5196855201758528
0.5183795520083584
0.5170660669012896
0.5157452405228964
0.5144172467831539
0.5130822578351706
0.5117404440770165
0.5103919741539763
0.5090370149611958
0.5076757316467235
0.5063082876149279
0.5049348445302857
0.5035555623215225
0.5021705991860987
0.5007801115950313
0.4993842542980367
0.49798318032898725
0.4965770410116703
0.4951659859658398
0.4937501631135503
0.4923297186857619
0.49090479722921265
0.4894755416135398
0.48804209303865076
0.48660459104232745
0.4851631735080573
0.4837179766730839
0.4822691351366679
0.48081678186854876
0.4793610482176035
0.4779020639206853
0.4764399571116473
0.4749748543305322
0.4735068805329273
0.4720361590994745
0.4705628118455321
0.46908695903097347
0.4676087193701266
0.46612821004183785
0.46464554669966124
0.46316084348216263
0.4616742130233318
0.4601857664631014
0.4586956134579607
0.45720386219166487
0.45571061938602775
0.45421599031179694
0.4527200787996043
0.4512229872509875
0.449724816649477
0.44822566657174345
0.4467256351987984
0.44522481932725005
0.44372331438060403
0.4422212144206036
0.4407186121586105
0.43921559896701723
0.4377122648906909
0.43620869865843837
0.43470498769449806
0.43320121813004286
0.43169747481470383
0.43019384132809907
0.42869039999136976
0.4271872318787233
0.4256844168289733
0.42418203345707733
0.42268015916566853
0.4211788701565773
0.41967824144234367
0.4181783468577116
0.4166792590711069
0.4151810495960961
0.41368378880281953
0.41218754592940215
0.41069238909333494
0.4091983853028275
0.4077056004681265
0.4062140994128013
0.40472394588499194
0.40323520256862
0.4017479310945579
0.40026219205175556
0.3987780449983221
0.3972955484725654
0.39581476000397897
0.3943357361241828
0.3928585323778129
0.39138320333335663
0.3899098025939371
0.38843838280804144
0.3869689956801904
0.3855016919815541
0.38403652156050605
0.382573533353117
0.3811127753935913
0.37965429482463514
0.37819813790776746
0.3767443500335618
0.3752929757318272
0.3738440586817188
0.3723976417217874
0.3709537668599552
0.36951247528342795
0.3680738073685358
