0.2235392050404531
0.13389096590745608
0.0904193923384648
0.06518187904167266
0.04901732821705463
0.037984904371427694
0.03010848719230888
0.02429183972781967
0.019881147894348517
0.016464472497647476
0.013770812816585513
0.011615537650155524
0.009869158926194731
0.008438614634051645
0.007255607719619703
0.0062690990056585095
0.005440336305464052
0.00473948128434966
0.004143270739934436
0.003633363879842603
0.003195154339727469
0.0028169031064725733
0.002489096860347625
0.002203967137916726
0.00195512585958982
0.0017372861470706868
0.0015460463978685664
0.0013777217893263353
0.0012292117043669287
0.0010978946181452029
0.000981544160348162
0.000878261638902326
0.0007864214573209314
0.0007046267028211037
0.0006316728107710914
0.0005665176824558363
0.0005082569897237474
0.00045610367179156765
0.00040937083807469535
0.0003674574521077022
0.0003298362969978917
0.0002960438209782605
0.0002656715388625539
0.00023835872632573928
0.00021378619257145782
0.00019167095583006992
0.00017176167737640202
0.0001538347349700877
0.00013769083704890734
0.00012315209566115214
0.00011005948969511546
0.00009827066112831318
0.00008765799620136256
0.00007810695099869009
0.0000695145872169337
0.00006178828912469158
0.000054844637091140936
0.000048608416701861614
0.00004301174555728555
0.00003799330241856214
0.00003349764555416376
0.000029474608971386585
0.000025878766791052774
0.000022668957341847693
0.00001980785969408935
0.000017261616312602356
0.000014999496341200575
0.0000129935947391108
0.000011218563108555895
9.65136856620383e-6
8.271077482447995e-6
7.058661289235117e-6
5.996821914043477e-6
5.069834679258805e-6
4.26340677347878e-6
3.5645496218491753e-6
2.9614636779789895e-6
2.443434330396685e-6
2.000737770175328e-6
1.6245557942378712e-6
1.3068986315612442e-6
1.0405349926621478e-6
8.189286155741874e-7
6.361806789230516e-7
4.869775057413337e-7
3.665430573719051e-7
2.705957697640403e-7
1.95309326010538e-7
1.3727701684556014e-7
9.347937571911057e-8
6.125481461460555e-8
3.827302553100152e-8
2.251095063198678e-8
1.2231164522149235e-8
5.962559691837629e-9
2.4832940737365e-9
8.06054681199631e-10
1.658793660214345e-10
1.1189554724506181e-11
0.
1.076501120286158e-11
1.5356916844840572e-10
7.181931654528076e-10
2.1296314959359523e-9
4.9218876628078635e-9
9.71860348412284e-9
1.7217668199705417e-8
2.8178563379940195e-8
4.341174824758736e-8
6.376964343427227e-8
9.013890336575823e-8
1.2343375314663106e-7
1.6459021641976863e-7
2.1456110114591318e-7
2.743116293504478e-7
3.448156277054921e-7
4.2705219762994643e-7
5.220028123601962e-7
6.306487739924969e-7
7.539690005670384e-7
8.929380921364597e-7
1.0485246496534935e-6
1.2216898134836286e-6
1.4133859970825186e-6
1.6245557942378733e-6
1.8561310395803291e-6
2.1090320049999547e-6
2.3841667158978126e-6
2.6824303766741963e-6
3.0047048883410995e-6
3.351858455537798e-6
3.724745262264424e-6
4.12420522017874e-6
4.551063773969996e-6
5.006131757533739e-6
5.490205299794553e-6
6.004065769414071e-6
6.548479757928314e-6
7.12419909289681e-6
7.73196088150712e-6
8.372487577907386e-6
9.046487072760183e-6
9.75465280248077e-6
0.000010497663873668823
0.000011276185203814655
0.000012090867674022673
0.0000129423482914657
0.000013831250361230828
0.0000147581836678189
0.000015723744660922926
0.000016728516647120667
0.00001777306998545526
0.000018857962288747654
0.00001998373862325698
0.000021150931715367726
0.000022360062153851723
0.000023611638598524194
0.000024906157983521364
0.000026244105725243113
0.0000276259559255103
0.000029052171577184686
0.00003052320476443614
0.00003203949686608937
0.00003360147875208037
0.00003520957098240205
0.00003686418400062291
0.00003856571832651609
0.000040314564745482035
0.000042111104495786404
0.000043955709452881135
0.000045848742310313334
0.00004779055675917712
0.00004978149766408368
0.00005182190123341053
0.000053912095192925335
0.000056052398949015186
0.00005824312375485065
0.0000604845728699521
0.00006277704171783355
0.00006512081804219929
0.00006751618205660622
0.00006996340659584275
0.0000724627572592885
0.00007501449255672715
0.00007761886404665932
0.00008027611647426485
0.00008298648790683548
0.00008575020986450232
0.00008856750745007768
0.00009143859947672844
0.0000943636985895291
0.0000973430113896019
0.0001003767385511228
0.00010346507493923708
0.00010660820972248744
0.00010980632648602703
0.00011305960334033474
0.00011636821302769337
0.00011973232302804562
0.00012315209566115198
