0.0805739787311896
0.03489071766907641
0.01858310184712867
0.011036345425295184
0.007024448266741723
0.004693647064843643
0.0032521024691524025
0.002317838782509863
0.0016898532013764566
0.0012551844618097405
0.0009469806992485498
0.0007239874585150289
0.0005598495224127646
0.0004372316606889877
0.00034444376431507943
0.00027343070965190697
0.00021853649238605228
0.00017572315240529034
0.0001420650349711407
0.00011541423716405409
0.00009417502624520726
0.00007714910403279559
0.00006342781146886281
0.00005231597152190817
0.0000432773912754638
0.00003589540375132548
0.00002984398989216582
0.00002486643315075462
0.000020759396543622187
0.000017360943301548977
0.000014541452937256588
0.000012196682028200399
0.000010242426798399527
8.610391274967071e-6
7.2449693897045085e-6
6.100724643026007e-6
5.140405595666952e-6
4.333375418059435e-6
3.6543632269323553e-6
3.082466837527763e-6
2.6003529437278772e-6
2.1936130821887828e-6
1.8502430709939326e-6
1.5602207471348005e-6
1.3151622717130547e-6
1.1080414855293889e-6
9.329600440349717e-7
7.8495859499141e-7
6.598612444595119e-7
5.541471027622912e-7
4.648439336564383e-7
3.8943988829776595e-7
3.258100897411107e-7
2.721554334380866e-7
2.2695146878710866e-7
1.8890561781654998e-7
1.5692130542520824e-7
1.3006783183546324e-7
1.0755502485152517e-7
8.871188425088409e-8
7.296855776582858e-8
5.984110962110234e-8
4.8918634498392166e-8
3.985233875110535e-8
3.2346278851422384e-8
2.6149499378496846e-8
2.1049348082662386e-8
1.686579159534842e-8
1.3446574322903688e-8
1.0663092802766953e-8
8.406879569666442e-9
6.586602586128322e-9
5.125505277499265e-9
3.959217963700473e-9
3.0338914466956705e-9
2.3046002424993067e-9
1.7339810927046551e-9
1.291065525677441e-9
9.50287708125106e-10
6.906326050916742e-10
4.94911493680987e-10
3.4914385966044373e-10
2.420286934701353e-10
1.6449715494379167e-10
1.0932968002819836e-10
7.083165285126209e-11
4.455993978421219e-11
2.7089680488603312e-11
1.5818772945713228e-11
8.803628356624444e-12
4.6217912954410516e-12
2.2573881690329284e-12
1.0058737807562634e-12
3.9742448859152495e-13
1.331517086861117e-13
3.50747433247538e-14
6.412966825864932e-15
5.620360074701733e-16
9.421419082164555e-18
0.
8.884925907632059e-18
4.999862692122868e-16
5.417932303576834e-15
2.7736971712481433e-14
9.954982450367898e-14
2.800895380099262e-13
6.688886276227878e-13
1.415891518420478e-12
2.73509726429257e-12
4.914175895977364e-12
8.328547072226233e-12
1.3451134783306125e-11
2.0863923389707016e-11
3.126902954117249e-11
4.549769175488103e-11
6.451981479961056e-11
8.945361031613172e-11
1.21572886742494e-10
1.623153225255476e-10
2.1328906732010494e-10
2.762794612298455e-10
3.5325500089706133e-10
4.4637234973249067e-10
5.579821895800699e-10
6.906326050916755e-10
8.470731319159008e-10
1.0302592692998162e-9
1.2433543709988232e-9
1.4897324893800717e-9
1.7729817502867458e-9
2.0969049490088213e-9
2.465521828535972e-9
2.883070617092187e-9
3.35400862156485e-9
3.883012782810681e-9
4.47498065387048e-9
5.135030706955863e-9
5.8685017624063455e-9
6.6809531083474554e-9
7.578164214444777e-9
8.56613449669031e-9
9.65108092487922e-9
1.0839439257333448e-8
1.2137862252250212e-8
1.3553217752332212e-8
1.5092587984429184e-8
1.6763267862632212e-8
1.8572764301559027e-8
2.0528793216987012e-8
2.263927866206074e-8
2.4912351441419055e-8
2.735634543333795e-8
2.99797976211308e-8
3.2791444956096276e-8
3.580022272025619e-8
3.9015261951368205e-8
4.244588748918873e-8
4.610161575917475e-8
4.999215229771905e-8
5.4127389688887754e-8
5.851740547216786e-8
6.317245802618836e-8
6.810298709291413e-8
7.331960828712541e-8
7.883311358437014e-8
8.465446579957936e-8
9.079479838304633e-8
9.726541187633205e-8
1.040777719152027e-7
1.1124350611707568e-7
1.1877440251939607e-7
1.2668240535184725e-7
1.3497961413925892e-7
1.4367828080769007e-7
1.5279080612740452e-7
1.623297390468097e-7
1.7230777159115364e-7
1.8273773931919948e-7
1.936326164587733e-7
2.0500551393792137e-7
2.1686967787012534e-7
2.2923848560792628e-7
2.421254449169299e-7
2.5554418960964077e-7
2.6950847852325425e-7
2.840321929571262e-7
2.9912933279260766e-7
3.148140161808226e-7
3.311004756935221e-7
3.4800305604457226e-7
3.6553621271641507e-7
3.8371450838332035e-7
4.0255261046251965e-7
4.220652911258804e-7
4.42267421556783e-7
4.6317397244298017e-7
4.848000100475823e-7
5.071606947417754e-7
5.302712784468861e-7
5.541471027622905e-7
