0.29137432330753554
0.22495263107276642
0.18436793672210502
0.1562950810775948
0.13546415492960598
0.1192815395499339
0.1062931632395596
0.09560955025762823
0.08665126923112121
0.07902239937020183
0.07244204310297729
0.06670474558172101
0.06165639458396702
0.05717890700996529
0.053180146361694415
0.04958708127493471
0.0463410215057113
0.04339422504260211
0.040707433517088054
0.03824805034465909
0.03598877280897783
0.0339065504961417
0.0319817821245192
0.03019768905194901
0.028539821449279842
0.02699566529297091
0.025554326820692842
0.024206277109336514
0.022943143754366995
0.021757539770158055
0.02064292214096748
0.019593474169585148
0.018604007060219706
0.017669877149509943
0.016786915946724164
0.01595137072009999
0.015159853813562503
0.014409299227979075
0.01369692527670692
0.01302020234367113
0.012376824946452604
0.011764687446630622
0.011181862862359905
0.010626584329549753
0.01009722883248384
0.009592302885671021
0.009110429898846908
0.008650338998437118
0.008210855113120804
0.00779089015971352
0.007389435189459432
0.007005553374858541
0.006638373734008802
0.006287085503668937
0.005950933084314824
0.005629211490701843
0.005321262250179893
0.005026469698476513
0.004744257629059997
0.004474086257698544
0.004215449468574646
0.003967872312411555
0.0037309087306224478
0.0035041394825814673
0.0032871702558056647
0.003079629941186923
0.0028811690574777845
0.002691458311047834
0.002510187278527405
0.0023370632013784243
0.00217180988270017
0.0020141666777138433
0.0018638875704000092
0.0017207403297099866
0.0015845057396404335
0.0014549768982910084
0.0013319585818156773
0.0012152666699738546
0.0011047276307847426
0.0010001780626532092
0.0009014642932748349
0.0008084420357196794
0.0007209761033989395
0.0006389401872529322
0.0005622167006088683
0.0004906966999888718
0.0004242798940727826
0.0003628747586091159
0.00030639878332610357
0.00025477888944837947
0.00020795207627700039
0.00016586638792774036
0.0001284823476652619
0.00009577511020912825
0.00006773778433797713
0.00004438681201152262
0.000025771343957656998
0.000011991606240376985
3.243103474976617e-6
0.
3.1827512066992592e-6
0.000011551985656258632
0.00002437250817541671
0.00004121287554151371
0.00006175175518719782
0.00008572904748258089
0.00011292468424815754
0.00014314728500255353
0.00017622729073187438
0.00021201244869425265
0.0002503646597532907
0.0002911576745593791
0.0003342753487856997
0.00037961028319235754
0.000427062738316735
0.0004765397511162062
0.0005279544039367756
0.0005812252109011626
0.0006362755965292278
0.000693033448003539
0.0007514307271008235
0.0008114031310834444
0.0008728897942277061
0.0009358330234301416
0.0010001780626532094
0.0010658728819799858
0.001132867987830461
0.0012011162514954851
0.0012705727536294874
0.0013411946427233624
0.0014129410058919937
0.0014857727505566784
0.0015596524958161053
0.0016345444724608382
0.0017104144307340489
0.001787229555056492
0.0018649583850324418
0.0019435707421391613
0.002023037661572393
0.002103331328785158
0.002184425020301436
0.0022662930484431626
0.002348910709639298
0.002432254236023633
0.002516300750056874
0.002601028221937094
0.002686415429581862
0.002772441920990184
0.002859087978804812
0.002946334586919228
0.003034163398978694
0.0031225567086469812
0.0032114974215123253
0.0033009690285262508
0.003390955580867641
0.0034814416661429924
0.003572412385833041
0.00366385333390726
0.0037557505765331957
0.0038480906328119263
0.003940860456475474
0.004034047418492125
0.004127639290520231
0.004221624229164327
0.00431599076098424
0.0044107277682162846
0.004505824475164393
0.004601270435222304
0.004697055518496232
0.004793169899988674
0.004889604048318428
0.00498634871494499
0.005083394923870281
0.0051807339617943975
0.005278357368699513
0.0053762569288417945
0.005474424662128671
0.005572852815862184
0.005671533856832386
0.005770460463738693
0.005869625519927921
0.005969022106430076
0.006068643495278542
0.006168483143101308
0.006268534684970719
0.006368791928497076
0.0064692488481579375
0.006569899579849697
0.006670738415652157
0.006771759798796222
0.006872958318825671
0.0069743287069431075
0.007075865831534062
0.007177564693858481
0.007279420423904555
0.007381428276397041
0.007483583626952423
0.007585881968376085
0.007688318907093727
0.007790890159713512
