1.0892279036843746
0.9925014972445277
0.9120050096202073
0.8445600737441195
0.7867591955354264
0.7362901376363287
0.6915762630117486
0.65150341049416
0.6152562332998432
0.5822198412292647
0.5519186299921282
0.52397679761328
0.49809197132411365
0.4740170497563466
0.4515473651699391
0.43051139355740387
0.41076389329686347
0.39218074507918665
0.3746550084310319
0.35809386440009944
0.34241621447422227
0.3275507727642971
0.31343453399573884
0.30001153136235686
0.28723182047636275
0.27505064150079467
0.2634277230406256
0.25232669980465056
0.2417146223179048
0.2315615416727361
0.22184015587986158
0.21252550711858
0.20359472130167047
0.19502678302019688
0.18680234022927683
0.17890353406146486
0.17131384997137883
0.16401798707057968
0.15700174304038889
0.15025191243952343
0.14375619657349747
0.1375031233800976
0.13148197602197192
0.12568272907350195
0.12009599135230124
0.11471295458204123
0.10952534718758991
0.10452539261989668
0.09970577168937338
0.09505958845568549
0.09058033928064563
0.08626188470115959
0.08209842382223878
0.0780844709670698
0.07421483435309921
0.07048459659064654
0.06688909682450914
0.06342391435989331
0.06008485363208729
0.056867930395300414
0.05376935901997287
0.050785540800194845
0.047913053183730785
0.045148639846818786
0.04248920154444849
0.039931787674612355
0.03747358850190974
0.03511192799219335
0.0328442572158281
0.03066814828231151
0.028581288774284667
0.02658147665356034
0.024666615616633466
0.02283471088176197
0.02108386539460341
0.019412276444301532
0.017818232687649233
0.01630011158506403
0.014856377259322318
0.013485578796727047
0.01218634902087111
0.010957403782660628
0.009797541827443579
0.008705645323040606
0.007680681163261715
0.006721703204237469
0.0058278556511430915
0.004998377900285755
0.004232611271443542
0.003530008264494138
0.0028901452899998434
0.0023127403439892795
0.001797677996614054
0.0013450457094883852
0.0009551887250195775
0.0006287977100579853
0.0003670601902191381
0.00017195567431848205
0.00004696396390321827
-9.245510542482465*^-16+2.177350979699032*^-15*I
0.000046095876567026096
0.00016570282803148113
0.00034731864954016335
0.0005842838444008188
0.0008716852623837333
0.001205575554794365
0.001582635208323155
0.0019999921315151724
0.0024551127496874967
0.0029457306100467576
0.0034697966985736905
0.004025443263234195
0.004610956516984526
0.0052247554413203615
0.005865374933807977
0.006531452142536424
0.007221715198192839
0.007934973789424194
0.008670111181955667
0.009426077387257058
0.010201883259756652
0.010996595353702773
0.01180933140867916
0.012639256360692182
0.013485578796725817
0.014347547786626943
0.015224450038490624
0.01611560733334475
0.01702037420242599
0.01793813581653272
0.018868306061569445
0.0198103257785899
0.020763661149635713
0.021727802213455782
0.02270226149737232
0.023686572753309737
0.02468028978767952
0.025682985375976526
0.02669425025414557
0.027713692179702324
0.02874093505632157
0.029775618116434626
0.03081739515688903
0.03186593382322268
0.032920914938690926
0.03398203187441991
0.035048989957534346
0.036121505914363305
0.037199307346096964
0.03828213223452426
0.03936972847571464
0.040461853439626626
0.04155827355390298
0.04265876391014603
0.043763107891238065
0.04487109681825625
0.04598252961575469
0.04709721249420406
0.04821495864855963
0.04933558797191094
0.05045892678330506
0.05158480756890777
0.05271306873569274
0.05384355437692091
0.054976114048732184
0.05611060255722
0.057246879755393665
0.058384810349460456
0.05952426371393782
0.060665113715099445
0.061807238542306776
0.06295052054680988
0.06409484608761856
0.06524010538407321
0.06638619237479473
0.0675330045826188
0.06868044298531485
0.06982841189169489
0.07097681882291985
0.07212557439870812
0.07327459222822293
0.07442378880540004
0.07557308340852542
0.07672239800383517
0.07787165715296471
0.07902078792406021
0.08016971980638778
0.08131838462828075
0.08246671647825721
0.0836146516291959
0.08476212846539699
0.08590908741242348
0.08705547086959982
0.08820122314503417
0.08934629039307403
0.09049062055407546
0.09163416329640259
0.09277686996054073
0.09391869350525267
0.09505958845568453
