0.007790890159713512
0.008030306919355329
0.008275978748897898
0.008528030359177983
0.0087865878503056
0.009051778703428692
0.009323731771819178
0.009602577271233939
0.00988844676950219
0.010181473175284955
0.010481790725952901
0.01078953497452232
0.011104842775587938
0.011427852270188768
0.011758702869539516
0.012097535237559392
0.012444491272124573
0.012799714084974262
0.013163347980191087
0.013535538431183807
0.01391643205609062
0.0143061765915261
0.014704920864592089
0.015112814763073319
0.015530009203735866
0.015956656098652156
0.0163929083194705
0.016838919659553087
0.01729484479390501
0.017760839236819592
0.01823705929716662
0.01872366203125323
0.019220805193188154
0.019728647182685417
0.020247346990245368
0.020777064139653672
0.02131795862774604
0.021870190861386075
0.022433921591613323
0.023009311844919098
0.023596522851615384
0.02419571597126631
0.024807052615157567
0.02543069416578608
0.02606680189335541
0.026715536869272742
0.02737705987664583
0.02805153131778816
0.028739111118743544
0.0294399586308545
0.03015423252939609
0.03088209070931683
0.031623690178121784
0.03237918694595036
0.03314873591290575
0.033932490753694894
0.03473060379965679
0.035543225918249606
0.03637050639008669
0.03721259278361385
0.03806963082752241
0.038941764281011024
0.03982913480200424
0.04073188181344896
0.04165014236781646
0.04258405100994129
0.043533739638335914
0.044499337365125145
0.04548097037475265
0.04647876178161398
0.04749283148677697
0.04852329603395555
0.04957026846491015
0.050633858174444324
0.0517141707651826
0.05281130790230811
0.05392536716844728
0.055056441918892744
0.05620462113735216
0.05736998929242237
0.05855262619497912
0.05975260685668688
0.060970001349821244
0.06220487466860849
0.06345728659228035
0.064727291550045
0.0660149384881748
0.06732027073940826
0.06864332589486849
0.06998413567868934
0.07134272582555024
0.07271911596130809
0.07411331948691764
0.07552534346582913
0.07695518851504458
0.07840284870001375
0.07986831143354697
0.0813515573789151
0.08285256035730376
0.08437128725978449
0.08590769796395968
0.08746174525542925
0.08903337475422898
0.09062252484637472
0.09222912662064703
0.09385310381074177
0.09549437274290438
0.09715284228915864
0.098828413826237
0.1005209812003049
0.10223043069756996
0.10395664102085656
0.10569948327221872
0.10745882094165414
0.1092345099019783
0.11102639840990278
0.11283432711336172
0.11465812906511232
0.11649762974263585
0.11835264707435003
0.12022299147213789
0.12210846587019118
0.12400886577015599
0.12592397929255608
0.12785358723447027
0.12979746313342108
0.13175537333743323
0.13372707708120196
0.1357123265683136
0.13771086705944643
0.1397224369664709
0.14174676795236643
0.14378358503685798
0.14583260670767412
0.14789354503731525
0.14996610580521808
0.15204998862519334
0.15414488707800944
0.15625048884898327
0.15836647587044153
0.16049252446889983
0.1626283055168121
0.16477348458872776
0.16692772212169513
0.16909067357974467
0.17126198962227282
0.1734413162761604
0.17562829511143213
0.1778225634202833
0.1800237543992789
0.18223149733453822
0.18444541778970897
0.18666513779653585
0.18889027604782557
0.19112044809260714
0.19335526653328788
0.19559434122460106
0.19783727947414154
0.20008368624428635
0.2023331643552953
0.2045853146893875
0.20683973639558953
0.2090960270951518
0.21135378308733266
0.21361259955534578
0.21587207077227466
0.21813179030675345
0.22039135122822082
0.22265034631155223
0.2249083682408789
0.2271650098124069
0.22941986413605128
0.23167252483570283
0.2339225862479487
0.23616964361907491
0.23841329330017702
0.24065313294021673
0.24288876167685655
0.2451197803249227
0.2473457915623363
0.24956640011336878
0.2517812129290793
0.2539898393647914
0.25619189135448395
0.25838698358196177
0.26057473364868944
0.26275476223816785
0.2649266932767486
0.2670901540907752
0.2692447755599561
0.27139019226687644
0.2735260426425581
0.27565196910799095
0.27776761821155593
0.27987264076227364
0.28196669195881197
0.28404943151419787
0.28612052377618075
0.2881796378431999
0.2902264476759162
0.29226063220427845
0.2942818754300895
0.2962898665250512
0.298284299924275
0.3002648754152395
0.302231298222194
0.304183279086005
0.30612053433944875
0.3080427859779618
0.30994976172585964
0.31184119509804714
0.31371682545724
0.31557639806673043
0.31741966413872363
0.3192463808782884
0.3210563115229589
0.32284922537803395
0.3246248978476231
0.32638311046149404
0.3281236508977703
0.32984631300155237
0.33155089679950855
0.3332372085105158
0.334905060552409
0.3365542715449179
0.33818466630885907
0.33979607586166366
0.34138833740931684
0.3429612943347929
0.3445147961830626
0.34604869864276333
0.34756286352461346
0.34905715873666027
0.35053145825644705
0.351985642100192
0.35341959628906766
0.354833212812671
0.3562263895897779
0.35759903042647123
0.35895104497174046
0.3602823486706376
0.36159286271509
0.36288251399245813
0.36415123503193164
0.3653989639488582
0.3666256443870937
0.36783122545946767
0.36901566168645356
0.3701789129331343
0.3713209443445519
0.3724417262795296
0.3735412342430544
0.3746194488173047
0.3756763555914101
0.37671194509002376
0.37772621270079565
0.3787191586008203
0.37969078768214537
0.3806411094764145
0.3815701380787246
0.3824778920707701
0.3833643944433479
0.3842296725182979
0.38507375786994297
0.38589668624610346
0.3866984974887494
0.3874792354543534
0.3882389479340126
0.3889776865733951
0.3896955067925741
0.39039246770580743
0.39106863204131304
0.3917240660611032
0.3923588394809205
0.3929730253903312
0.3935667001730253
0.3941399434273632
0.394692837887222
0.3952254693431796
0.39573792656407875
0.3962303012190109
0.39670268779975765
0.39715518354372703
0.3975878883574145
0.39800090474042993
0.3983943377101117
0.3987682947267645
0.3991228856195473
0.3994582225130357
0.3997744197544857
0.40007159384182234
0.4003498633523741
0.4006093488723736
0.4008501729272467
0.401072459912703
0.4012763360266495
0.40146192920193724
0.40162936903996294
0.4017787867451288
0.40191031506017977
0.40202408820242713
0.40212024180086414
0.4021989128341893
0.4022602395697383
0.40230436150333326
0.40233141930005795
0.4023415547359592
0.4023349106406803
0.4023116308410296
0.40227186010548704
0.4022157440896479
0.40214342928260666
0.4020550629542796
0.401950793103667
0.40183076840805126
0.4016951381731305
0.40154405228408635
0.4013776611575796
0.4011961156946723
0.4009995672346741
0.40078816750990126
0.40056206860135385
0.4003214228952946
0.40006638304073155
0.39979710190779616
0.3995137325470074
0.399216428149418
0.3989053420076365
0.39858062747771233
0.39824243794188424
0.3978909267721747
0.3975262472948308
0.3971485527555972
0.3967579962858134
0.39635473086933065
0.3959389093102339
0.3955106842013614
0.39507020789361647
0.39461763246605586
0.3941531096967479
0.3936767910343943
0.3931888275706994
0.39268937001348064
0.3921785686605117
0.3916565733740853
0.3911235335562868
0.3905795981249712
0.3900249154904271
0.3894596335327268
0.3888838995797427
0.38829786038582814
0.3877016621111481
0.3870954503016493
0.38647936986966447
0.38585356507513385
0.38521817950744147
0.38457335606785015
0.3839192369525281
0.38325596363615805
0.3825836768561172
0.38190251659721897
0.38121262207700907
0.380514131731601
0.37980718320204865
0.37909191332123937
0.378368458101304
0.37763695272153025
0.3768975315167737
0.3761503279663533
0.37539547468342777
0.3746331034048368
0.3738633449814058
0.373086329368699
0.3723021856182163
0.37151104186902295
0.3707130253398044
0.3699082623213388
0.3690968781693754
0.3682789972979158
0.36745474317288523
0.36662423830618657
0.3657876042501335
0.36494496159224676
0.3640964299504154
0.363242127968405
0.3623821733117156
0.3615166826637726
0.36064577172245016
0.3597695551969152
0.35888814680478703
0.3580016592696055
0.35711020431859836
0.35621389268074544
0.3553128340851258
0.35440713725954986
0.3534969099294598
0.35258225881710337
0.3516632896409616
0.3507401071154353
0.34981281495077654
0.3488815158532649
0.3479463115256154
0.3470073026676179
0.3460645889770008
0.34511826915051
0.3441684408852016
0.34321520087993923
0.34225864483709423
0.34129886746443855
0.34033596247722764
0.339370022600469
0.3384011395713686
0.33742940414195116
0.3364549060818496
0.3354777341812588
0.33449797625404654
0.3335157191410204
0.3325310487133422
0.33154404987608854
0.33055480657195
0.3295634017850673
0.3285699175449967
0.3275744349308038
0.3265770340752772
0.32557779416926563
0.3245767934661215
0.3235741092862608
0.3225698180218262
0.32156399514145273
0.32055671519513096
0.3195480518191667
0.31853807774122833
0.3175268647854855
0.31651448387782605
0.3155010050511586
0.3144864974507873
0.31347102933986304
0.3124546681049024
0.3114374802613756
0.3104195314593555
0.3094008864892302
0.30838160928747005
0.30736176294245193
0.3063414097003338
0.3053206109709775
0.3042994273339195
0.30327791854438335
0.3022561435393332
0.3012341604435656
0.30021202657583673
0.299189798455023
0.2981675318063106
0.2971452815674162
0.2961231018948304
0.29510104617008776
0.2940791670060542
0.2930575162532393
0.29203614500612013
0.29101510360948396
0.2899944416647818
0.28897420803649465
0.28795445085850785
0.28693521754049317
0.28591655477429584
0.28489850854032717
0.28388112411395644
0.2828644460719053
0.28184851829864005
0.28083338399276153
0.2798190856733889
0.27880566518654104
0.2777931637115061
0.2767816217672057
0.2757710792185481
0.2747615752827691
0.2737531485357599
0.27274583691838333
0.2717396777427713
0.270734707698609
0.26973096285939874
0.2687284786887077
0.2677272900463937
0.26672743119481107
0.2657289358049952
0.26473183696282293
0.2637361671751509
0.26274195837592706
0.2617492419322793
0.2607580486505747
0.2597684087824548
0.2587803520308402
0.25779390755590786
0.2568091039810384
0.25582596939873337
0.25484453137650254
0.2538648169627179
0.25288685269243694
0.25191066459319333
0.2509362781907535
0.2499637185148404
0.24899301010482164
