0.09505958845568453
0.09771323034072676
0.10042267623995402
0.10318840560444795
0.10601087768397284
0.10889053079857305
0.11182778162641169
0.11482302450926293
0.11787663077709654
0.12098894809317079
0.12416029982092947
0.12739098441406138
0.13068127483094805
0.13403141797472876
0.13744163416012983
0.14091211660813105
0.14444303096954386
0.1480345148784335
0.1516866775362931
0.1553995993277914
0.15917333146887114
0.16300789568783605
0.16690328394006165
0.1708594581568336
0.17487635002875707
0.17895386082411616
0.1830918612424271
0.18729019130342472
0.1915486602715788
0.1958670466161636
0.20024509800687665
0.20468253134484582
0.2091790328288452
0.2137342580564358
0.21834783215969034
0.22301934997506606
0.22774837624693678
0.2325344458642332
0.2373770641295542
0.2422757070600624
0.24722982171943156
0.2522388265800198
0.25730211191443997
0.26241904021560364
0.2675889466442952
0.27281113950329516
0.278084900737001
0.2834094864555046
0.28878412748201143
0.2942080299224964
0.2996803757564157
0.30520032344736775
0.3107670085724548
0.3163795444691821
0.3220370228986938
0.3277385147241133
0.3334830706027899
0.3392697216912255
0.34509748036148424
0.35096534092785336
0.3568722803826124
0.36281725913965424
0.36879922178486446
0.3748170978320495
0.3808698024833188
0.386956237392791
0.39307529143255077
0.3992258414597739
0.4054067530840165
0.411616881433636
0.4178550719203813
0.42412016100120586
0.4304109769363916
0.43672634054310217
0.4430650659435296
0.4494259613068081
0.45580782958394206
0.46220946923499473
0.46862967494784463
0.475067238347831
0.4815209486976796
0.4879895935870936
0.49447195961147505
0.5009668330392372
0.507473000467232
0.5139892494638458
0.5205143691993477
0.5270471510630996
0.5335863892673053
0.5401308814369535
0.5466794291857043
0.5532308386774524
0.5597839211733477
0.5663374935641081
0.5728903788874129
0.5794414068303108
0.5859894142164916
0.5925332454783515
0.5990717531138183
0.6056037981278811
0.6121282504588292
0.6186439893892358
0.6251499039416827
0.6316448932593157
0.6381278669713026
0.6445977455432688
0.6510534606128511
0.6574939553104702
0.6639181845654809
0.6703251153978501
0.676713727195539
0.6830830119777567
0.6894319746443022
0.6957596332111813
0.7020650190327027
0.7083471770103187
0.7146051657883901
0.7208380579371436
0.7270449401230598
0.7332249132669384
0.7393770926899044
0.745500608247603
0.7515946044528607
0.7576582405870633
0.7636906908005356
0.7696911442021949
0.7756588049387263
0.7815928922635839
0.7874926405960853
0.7933572995708539
0.7991861340779104
0.8049784242936641
0.8107334657030978
0.8164505691133928
0.8221290606592848
0.8277682818003995
0.8333675893108433
0.8389263552613064
0.8444439669939363
0.8499198270902304
0.8553533533322166
0.8607439786571454
0.8660911511059632
0.871394333765776
0.8766530047065817
0.8818666569124449
0.8870347982074107
0.892156951176311
0.8972326530807323
0.9022614557703397
0.9072429255897481
0.9121766432811917
0.9170622038831336
0.9218992166250587
0.9266873048186055
0.931426105745244
0.9361152705406693
0.9407544640760825
0.9453433648365421
0.9498816647965402
0.954369069292971
0.9588052968956422
0.9631900792754874
0.9675231610706236
0.9718042997503902
0.976033265477527
0.9802098409685935
0.984333821352797
0.9884050140293148
0.9924232385232654
0.9963883263404263
1.0003001208208144
1.0041584769912417
1.0079632614169487
1.011714352052417
1.0154116380914553
1.019055019816657
1.0226444084483275
1.0261797259929417
1.0296609050912409
1.0330878888660497
1.0364606307698643
1.039779094432312
1.0430432535075422
1.0462530915216184
1.0494086017199789
1.0525097869150146
1.0555566593338495
1.0585492404663601
1.061487560913494
1.064371660235941
1.0672015868032076
1.0699773976431466
1.0726991582919716
1.0753669426448216
1.077980832806897
1.080540918945225
1.0830472991410771
1.0855000792430793
1.0878993727210555
1.090245300520624
1.092537990918592
1.0947775793791694
1.096964208411023
1.099098027425216
1.1011791925940393
1.1032078667107708
1.1051842190503791
1.1071084252311905
1.1089806670775513
1.1108011324834857
1.112570015277388
1.1142875150877505
1.1159538372099491
1.117569192474101
1.1191337971140087
1.1206478726372067
1.1221116456961147
1.1235253479603213
1.1248892159899948
1.1262034911104504
1.12746841928786
1.1286842510061363
1.1298512411449844
1.1309696488591294
1.132039737458747
1.1330617742910662
1.134036030623192
1.1349627815261243
1.1358423057599887
1.1366748856604842
1.1374608070265575
1.138200359009289
1.1388938340020196
1.139541527531701
1.1401437381514805
1.140700767334528
1.1412129193690927
1.141680501254805
1.1421038226002211
1.1424831955216097
1.1428189345429767
1.143111356497341
1.1433607804292534
1.1435675274985557
1.1437319208853904
1.1438542856964466
1.143934948872456
1.1439742390969236
1.143972486706105
1.1439300236002201
1.143847183155904
1.1437243001398913
1.1435617106239406
1.1433597519009797
1.1431187624024879
1.1428390816170984
1.142521050010425
1.1421650089461086
1.1417713006080792
1.1413402679240274
1.1408722544900882
1.1403676044967281
1.1398266626558307
1.1392497741289775
1.1386372844569284
1.1379895394902726
1.1373068853212795
1.1365896682169123
1.135838234553019
1.1350529307496904
1.1342341032077725
1.1333820982465408
1.132497262042516
1.1315799405694276
1.1306304795393107
1.1296492243447323
1.1286365200021424
1.12759271109634
1.1265181417260484
1.1254131554505924
1.1242780952376727
1.123113303412227
1.121919121606366
1.1206958907103923
1.1194439508248741
1.1181636412137805
1.1168553002586663
1.1155192654138921
1.1141558731628822
1.1127654589754026
1.1113483572658551
1.1099049013525764
1.108435423418139
1.106940254470635
1.10541972430594
1.1038741614709524
1.1023038932277909
1.10070924551894
1.0990905429333415
1.097448108673423
1.095782264523037
1.0940933308163276
1.0923816264074897
1.090647468641429
1.0888911733253013
1.0871130547009296
1.0853134254180783
1.0834925965085884
1.0816508773613525
1.0797885756981207
1.0779059975501324
1.0760034472355595
1.0740812273377518
1.072139638684272
1.0701789803267172
1.068199549521299
1.0662016417102023
1.0641855505036732
1.0621515676628637
1.0600999830833897
1.0580310847796186
1.0559451588696582
1.0538424895610405
1.0517233591370978
1.0495880479440076
1.0474368343785083
1.0452699948762636
1.0430878039008729
1.0408905339335193
1.0386784554632293
1.036451836977757
1.0342109449550612
1.0319560438553792
1.0296873961138775
1.0274052621338736
1.0251099002806225
1.0228015668756463
1.0204805161916104
1.018147000447722
1.0158012698056544
1.0134435723659767
1.0110741541650858
1.0086932591726239
1.006301129289381
1.0038980043456611
1.0014841221001123
0.9990597182390077
0.996625026375963
0.9941802780520894
0.9917257027365671
0.9892615278276295
0.9867879786539517
0.9843052784764333
0.981813648490367
0.9793133078279779
0.9768044735613378
0.974287360705628
0.9717621822227573
0.9692291490253229
0.9666884699808924
0.9641403519166223
0.9615849996241814
0.9590226158649875
0.956453401375736
0.9538775548742262
0.9512952730654662
0.9487067506480489
0.9461121803208022
0.9435117527896915
0.9409056567749765
0.9382940790186144
0.9356772042918908
0.933055215403291
0.9304282932065835
0.9277966166091256
0.9251603625803728
0.9225197061605879
0.9198748204697502
0.9172258767166468
0.9145730442081447
0.9119164903586432
0.9092563806996863
0.9065928788897454
0.9039261467241488
0.9012563441451686
0.8985836292522474
0.8959081583123623
0.8932300857705245
0.8905495642604004
0.8878667446150594
0.8851817758778298
0.8824948053132734
0.8798059784182573
0.8771154389331312
0.8744233288529949
0.8717297884390593
0.8690349562300881
0.8663389690539256
0.8636419620390935
0.8609440686264613
0.8582454205809864
0.8555461480035096
0.8528463793426149
0.8501462414065382
0.8474458593751277
0.844745356811849
0.8420448556758334
0.8393444763339613
0.8366443375729797
0.8339445566116539
0.8312452491129412
0.8285465291961895
0.8258485094493582
0.8231513009412493
0.8204550132337602
0.8177597543941388
0.815065631007251
0.812372748187848
0.8096812095928382
0.8069911174335561
0.8043025724880248
0.8016156741132132
0.7989305202572823
0.7962472074718216
0.7935658309240642
0.7908864844090917
0.7882092603620148
0.785534249870133
0.7828615426850715
0.7801912272348873
0.7775233906361523
0.7748581187060019
0.7721954959741535
0.7695356056948865
0.7668785298589919
0.7642243492056793
0.7615731432344451
0.7589249902169
0.7562799672085537
0.7536381500605516
0.7509996134313704
0.7483644307984634
0.7457326744698538
0.7431044155956839
0.7404797241797081
0.7378586690907334
0.7352413180740069
0.7326277377625482
0.7300179936884232
0.7274121502939636
0.7248102709429229
0.7222124179315795
0.719618652499775
0.7170290348418897
0.7144436241177612
0.7118624784635347
0.7092856550024532
0.706713209855581
0.704145198152462
0.7015816740417132
0.6990226907015533
0.6964683003502574
0.6939185542565528
0.6913735027499391
0.6888331952309452
0.686297680181314
0.6837670051741171
0.6812412168838018
0.6787203610961654
0.6762044827182596
0.6736936257882262
0.6711878334850547
0.6686871481382762
0.6661916112375827
0.6637012634423691
0.6612161445912106
0.6587362937112633
0.6562617490275948
0.653792547972438
0.6513287271943756
0.6488703225674506
0.6464173692002053
0.6439699014446425
0.6415279529051211
0.639091556447172
0.6366607442062446
0.6342355475963792
0.6318159973188062
0.6294021233704741
0.6269939550525028
0.6245915209785657
0.6221948490831983
0.6198039666300341
0.6174189002199701
0.6150396757992584
0.6126663186675281
0.6102988534857303
0.6079373042840188
0.605581694469555
0.6032320468342418
