0.038208888033285156
0.039298069234463176
0.040411288240147974
0.041548810991744095
0.04271089741938056
0.043897801155131075
0.04510976924967613
0.046347041892866474
0.047609852138632155
0.04889842563467769
0.05021298035738995
0.05155372635237653
0.05292086548103231
0.054314591173531504
0.055735088188608985
0.05718253238049637
0.05865709047334729
0.060158919843480596
0.06168816830973846
0.06324497393225144
0.06482946481987036
0.06644175894651377
0.06808196397665273
0.06975017710013998
0.07144648487656202
0.07317096308928073
0.07492367660930031
0.07670467926908175
0.0785140137464033
0.08035171145834225
0.08221779246543945
0.08411226538607844
0.08603512732110201
0.08798636378866075
0.08996594866927486
0.09197384416107214
0.09401000074514314
0.09607435716094583
0.09816684039166626
0.10028736565943694
0.10243583643029179
0.10461214442872636
0.1068161696617222
0.10904778045207424
0.1113068334808585
0.11359317383886128
0.11590663508678156
0.11824703932401384
0.12061419726580593
0.12300790832858435
0.1254279607232284
0.1278741315560753
0.1303461869374272
0.1328438820973326
0.13536696150840957
0.13791515901547402
0.14048819797173853
0.1430857913813427
0.1457076420479767
0.1483534427293597
0.151022876297336
0.15371561590335076
0.1564313251490711
0.15916965826191906
0.16193026027528357
0.16471276721318526
0.16751680627916682
0.17034199604918476
0.1731879466682873
0.17605426005085892
0.1789405300842215
0.18184634283538337
0.18477127676073396
0.18771490291848072
0.1906767851836377
0.19365648046536943
0.19665353892650708
0.1996675042050519
0.20269791363748746
0.20574429848372977
0.20880618415353835
0.21188309043423087
0.21497453171953318
0.21808001723941056
0.22119905129072395
0.2243311334685632
0.2274757588981095
0.2306324184668858
0.23380059905725445
0.23697978377902743
0.24016945220205566
0.2433690805886692
0.24657814212584211
0.2497961071569549
0.2530224434130402
0.25625661624338925
0.25949808884540304
0.2627463224935813
0.2660007767675296
0.2692609097788866
0.2725261783970568
0.2757960384736512
0.2790699450655285
0.2823473526563433
0.28562771537649706
0.28891048722140145
0.2921951222679547
0.2954810748891414
0.29876779996666547
0.3020547531015252
0.3053413908224437
0.30862717079206764
0.31191155201085524
0.3151939950185627
0.3184739620932546
0.32175091744775614
0.32502432742347115
0.3282936606814867
0.33155838839089385
0.3348179844142484
0.3380719254901027
0.34131969141253793
0.3445607652076311
0.3477946333067882
0.3510207857168825
0.3542387161871343
0.3574479223726731
0.3606479059947228
0.36383817299735555
0.36701823370075987
0.3701876029509695
0.3733458002660071
0.37649234997839065
0.37962678137396233
0.382748628826993
0.38585743193152505
0.38895273562891397
0.3920340903315321
0.3951010520426065
0.39815318247215387
0.40119004914898915
0.4042112255287826
0.40721629109814095
0.41020483147469383
0.4131764385031697
0.416130710347444
0.41906725157855124
0.42198567325865316
0.42488559302095075
0.42776663514554625
0.43062843063124795
0.43347061726332387
0.43629283967721066
0.43909474941818283
0.4418760049969969
0.4446362719415239
0.44737522284438663
0.4500925374066217
0.4527879024773891
0.45546101208975603
0.45811156749257975
0.46073927717852475
0.4633438569082428
0.46592502973075733
0.4684825260000861
0.4710160833881457
0.473525446893981
0.4760103688493656
0.4784706089208223
0.4809059341081121
0.48331611873924646
0.4857009444620783
0.4880602002325264
0.4903936822994939
0.49270119418654135
0.494982546670377
0.4972375577562287
0.4994660526501633
0.5016678637284225
0.5038428305038409
0.5059907995894213
0.5081116246591356
0.5102051664060241
0.5122712924976704
0.5143098775291242
0.5163208029733475
0.5183039571292628
0.5202592350674806
0.5221865385737822
0.524085776090438
0.5259568626554405
0.5277997198397297
0.5296142756824915
0.5314004646246103
0.5331582274403499
0.534887511167349
0.5365882690350072
0.5382604603913415
0.53990405062839
0.5415190111062453
0.5431053190757935
0.5446629576002343
0.5461919154754615
0.547692187149383
0.5491637726402441
0.5506066774540445
0.5520209125011075
0.5534064940118859
0.5547634434520647
0.5560917874370425
0.5573915576458506
0.5586627907345826
0.5599055282494024
0.5611198165391916
0.5623057066679014
0.5634632543266743
0.5645925197457935
0.5656935676065202
0.5667664669528767
0.5678112911034325
0.5688281175631473
0.5698170279353251
0.5707781078337293
0.5717114467949094
0.5726171381907914
0.5734952791415706
0.5743459704289606
0.5751693164098352
0.5759654249303083
0.576734407240291
0.5774763779085652
0.5781914547384072
0.5788797586838009
0.5795414137662717
0.5801765469923705
0.5807852882718446
0.5813677703365165
0.5819241286599037
0.5824545013775999
0.5829590292084486
0.5834378553765219
0.5838911255339359
0.5843189876845134
0.584721592108318
0.5850990912870746
0.5854516398304885
0.5857793944034848
0.5860825136543718
0.5863611581439465
0.5866154902755503
0.5868456742260841
0.5870518758779902
0.5872342627522094
0.587393003942117
0.587528270048445
0.5876402331151934
0.5877290665665299
0.5877949451446876
0.5878380448488513
0.5878585428750455
0.587856617557009
0.5878324483080666
0.5877862155639884
0.5877181007268385
0.5876282861098047
0.5875169548830105
0.587384291020299
0.5872304792469879
0.5870557049885871
0.586860154320473
0.5866440139185131
0.5864074710106326
0.5861507133293173
0.5858739290650422
0.5855773068206169
0.5852610355664443
0.5849253045966754
0.5845703034862586
0.5841962220488685
0.5838032502957067
0.5833915783951629
0.5829613966333314
0.5825128953753625
0.582046265027649
0.5815616960008323
0.5810593786736142
0.5805395033573707
0.5800022602615522
0.57944783945986
0.578876430857188
0.578288224157322
0.577683408831379
0.5770621740869832
0.5764247088381622
0.575771201675955
0.5751018408397204
0.5744168141891351
0.5737163091768741
0.5730005128219532
0.5722696116837359
0.5715237918365856
0.5707632388451546
0.5699881377403009
0.5691986729956237
0.5683950285046021
0.5675773875583365
0.566745932823873
0.5659008463231081
0.5650423094122604
0.5641705027619043
0.5632856063375489
0.5623877993807627
0.5614772603908267
0.5605541671069117
0.5596186964907716
0.5586710247099378
0.5577113271214164
0.5567397782558723
0.5557565518022927
0.5547618205931263
0.5537557565898859
0.5527385308692088
0.5517103136093671
0.5506712740772204
0.5496215806156026
0.5485614006311372
0.5474909005824735
0.5464102459689345
0.5453196013195732
0.5442191301826295
0.5431089951153777
0.541989357674363
0.5408603784060176
0.5397222168376504
0.538575031468806
0.537418979762983
0.5362542181397092
0.5350809019669677
0.5338991855539645
0.5327092221442352
0.5315111639090856
0.530305161941357
0.5290913662495136
0.5278699257520459
0.5266409882721869
0.5254047005329289
0.5241612081523457
0.5229106556392055
0.5216531863888783
0.5203889426795231
0.519118065668561
0.5178406953894185
0.516556970748544
0.5152670295226904
0.513971008356457
0.5126690427600901
0.5113612671075319
0.5100478146347219
0.5087288174381366
0.50740440647357
0.5060747115551484
0.5047398613545734
0.5033999834005919
0.5020552040786876
0.5007056486309881
0.4993514411563862
0.49799270461086964
0.49662956080805604
0.4952621304199278
0.4938905329777649
0.49251488687326944
0.4911353093598798
0.48975191655426986
0.48836482343802934
0.48697414385952076
0.48557999053591183
0.48418247505537565
0.4827817078794594
0.4813777983456129
0.47997085466987965
0.4785609839497382
0.4771482921671013
0.47573288419145854
0.47431486378316595
0.47289433359687544
0.47147139518510484
0.4700461490019386
0.468618694406863
0.46718912966872794
0.46575755196983093
0.4643240574101266
0.46288874101155075
0.46145169672246056
0.46001301742218653
0.4585727949256912
0.45713111998833666
0.45568808231075064
0.45424377054379417
0.452798272293625
0.4513516741268536
0.4499040615757904
0.44845551914378046
0.44700613031062186
0.4455559775380679
0.44410514227540454
0.44265370496510886
0.4412017450485761
0.43974934097192275
0.4382965701918521
0.43684350918159
0.43539023343688066
0.4339368174820443
0.432483334876092
0.4310298582188964
0.4295764591574136
0.4281232083919586
0.42667017568252597
0.425217429855158
0.4237650388083552
0.4223130695195284
0.4208615880514911
0.4194106595589855
0.4179603482952462
0.4165107176185943
0.4150618299990629
0.41361374702505077
0.41216652941000054
0.41072023699910437
0.4092749287760294
0.4078306628696636
0.4063874965608814
0.40494548628932503
0.40350468766020126
0.4020651554510901
0.40062694361876566
0.39919010530602633
0.3977546928485338
0.39632075778165465
0.39488835084731183
0.39345752200083556
0.392028320417816
0.3906007945009576
0.3891749918869295
0.38775095945321525
0.3863287433249565
0.3849083888817925
0.38348994076469023
0.38207344288276746
0.3806589384201071
0.3792464698425583
0.3778360789045264
0.3764278066557494
0.3750216934480605
0.37361777894213344
0.3722161021142126
0.3708167012628228
0.36941961401546364
0.36802487733528033
0.36663252752771613
0.36524260024714084
0.3638551305034579
0.3624701526686871
0.36108770048352284
0.3597078070638655
0.3583305049073292
0.35695582589971964
0.3555838013214857
0.3542144618541415
0.35284783758665933
0.3514839580218329
0.35012285208260885
0.34876454811838725
0.3474090739112901
0.34605645668239743
0.3447067230979501
0.34335989927551697
0.3420160107901309
0.3406750826803867
0.3393371394545065
0.3380022050963667
0.33667030307149043
0.33534145633300183
0.33401568732754516
0.3326930180011637
0.33137346980514315
0.3300570637018154
0.3287438201703235
0.3274337592123487
0.326126900357797
0.32482326267044753
0.3235228647535599
0.3222257247554421
0.32093186037497745
0.3196412888671125
0.31835402704830257
0.31707009130191677
0.3157894975836031
0.3145122614266102
0.31323839794707015
0.3119679218492376
0.3107008474306889
