0.00003853514531499729
0.00001778959953872518
9.844219750282645e-6
5.975740578386523e-6
3.845454212229273e-6
2.5778825992334457e-6
1.7817533920400252e-6
1.2612003607804895e-6
9.100217191857548e-7
6.67086753517774e-7
4.955289513611615e-7
3.722655883062943e-7
2.823910632929169e-7
2.1602758494133353e-7
1.664832413458316e-7
1.2913738634029858e-7
1.0074620907430516e-7
7.899903040857193e-8
6.22284761740362e-8
4.9217438579588035e-8
3.90682583787331e-8
3.1112686730834004e-8
2.484904582084267e-8
1.989781262332347e-8
1.5969863385513274e-8
1.2843532128118017e-8
1.0347874032056963e-8
8.350349950097502e-9
6.7476894271763876e-9
5.45905988693959e-9
4.420926500206499e-9
3.5831560764996795e-9
2.9060492189798726e-9
2.358065440023031e-9
1.9140689008032605e-9
1.5539731811872367e-9
1.261684172827596e-9
1.0242769980295036e-9
8.313485910712392e-10
6.745093856177277e-10
5.469812816820053e-10
4.4327919135675416e-10
3.589575887494697e-10
2.9040926330759205e-10
2.347029956049587e-10
1.89455359434384e-10
1.5272604845775401e-10
1.2293435599670616e-10
9.879215043440472e-11
7.924905778387351e-11
6.344808572521523e-11
5.069019954250251e-11
4.040508695780172e-11
3.212743449252265e-11
2.5478060748491894e-11
2.0147336910844367e-11
1.588336444504425e-11
1.2480842075471668e-11
9.77287015170061e-12
7.623911891946195e-12
5.923637947582792e-12
4.582875303071514e-12
3.5293702015392765e-12
2.7047719932764053e-12
2.0619404532059714e-12
1.5631444109179354e-12
1.177850047937332e-12
8.818093847840001e-13
6.557296653574783e-13
4.839234667639922e-13
3.5423546860103885e-13
2.5710661307687665e-13
1.8486135113312816e-13
1.3164189727783056e-13
9.264063981444639e-14
6.450444239875635e-14
4.4235078229407055e-14
3.001825608084216e-14
1.997684271963356e-14
1.306088732042714e-14
8.405583153041897e-15
5.2623791570117526e-15
3.2777422519929493e-15
1.895494367656304e-15
1.1008539465610599e-15
6.177098267642141e-16
3.331423336711511e-16
1.7157992391991202e-16
8.370742097965356e-17
3.828077756364696e-17
1.6185888117373066e-17
6.2105696284061515e-18
2.1067254427805374e-18
6.080357492780564e-19
1.407005320142694e-19
2.3630501481044212e-20
2.38988793088647e-21
9.569285816169054e-23
3.975389295383079e-25
0.
3.7109234884570246e-25
8.340267239365491e-23
1.944989825667447e-21
1.7958653025553456e-20
9.985412110190277e-20
4.0296425081568455e-19
1.3037695848932372e-18
3.588885404858415e-18
8.733163282879218e-18
1.9283529855986045e-17
3.936377645534222e-17
7.531389755856862e-17
1.3647586269786464e-16
2.361359724698873e-16
3.9263224838166385e-16
6.306336749974205e-16
9.825965751125062e-16
1.4904019690052527e-15
2.3181987573282467e-15
3.3103202543953043e-15
4.659608872232549e-15
6.5767245079657976e-15
8.959635800884398e-15
1.2173514975464092e-14
1.6276498046150478e-14
2.146686441222073e-14
2.8086297285721612e-14
3.6290242822317724e-14
4.649558620178944e-14
5.894030505893335e-14
7.413145181210645e-14
9.25161248793499e-14
1.1459666849857868e-13
1.4093498393003871e-13
1.7226799087167853e-13
2.0917912176601065e-13
2.5254708850784713e-13
3.0321760351506925e-13
3.6211929472026445e-13
4.3049074185778466e-13
5.092194276720133e-13
5.997350891272069e-13
7.0323781636283e-13
8.213695184760684e-13
9.556642155905536e-13
1.1077755534843206e-12
1.2795933573020424e-12
1.4731381971127799e-12
1.6903449828020215e-12
1.9337347843300727e-12
2.2056434044407416e-12
2.5085602123390008e-12
2.845355988697399e-12
3.218955688596035e-12
3.632233274451792e-12
4.088794748814638e-12
4.5918738256558e-12
5.145226017040778e-12
5.7528014848432065e-12
6.418528921673375e-12
7.14676556919456e-12
7.942081102970984e-12
8.809152536850381e-12
9.75299218848004e-12
1.077884256924277e-11
1.1892182285029333e-11
1.3098620900546788e-11
1.4404348898388825e-11
1.5815366373530295e-11
1.7338266018407204e-11
1.8980016883319262e-11
2.074741504374956e-11
2.2647977529311807e-11
2.4689392932417285e-11
2.687952709614513e-11
2.922665081252753e-11
3.173955646254174e-11
3.4426786439971504e-11
3.729785993734602e-11
4.036227924489564e-11
4.362975725238753e-11
4.711077797398837e-11
5.081582476024827e-11
5.4755718686554464e-11
5.894195689378708e-11
6.338605167927814e-11
6.810009078300086e-11
7.309652046648317e-11
7.838803956185497e-11
8.398793755699295e-11
8.990965547053252e-11
9.616723485043471e-11
1.027751005830806e-10
1.0974795466826626e-10
1.1710089198168305e-10
1.248497380242462e-10
1.3301027639002772e-10
1.4159914150976845e-10
1.5063315702269973e-10
1.6012956226681578e-10
