0.6661670018835028
0.5942528458399748
0.5408757141188764
0.4985132808398705
0.4634002771333294
0.4334194105614348
0.4072659873669732
0.38408018195419047
0.36326569488809
0.34439208695797063
0.32713844130367276
0.31125903585814474
0.29656147053488785
0.2828922016428978
0.270126668765644
0.25816237135782794
0.24691389842123482
0.2363092860383828
0.2262872989301031
0.21679536840967575
0.20778800528018299
0.19922556211319795
0.19107325641299672
0.18330039124978528
0.17587972722539835
0.16878697173968005
0.16200036013449398
0.1555003095004256
0.14926913046589524
0.1432907856401762
0.13755068588666294
0.1320355174939125
0.12673309475352218
0.12163223356258775
0.11672264252829932
0.11199482872434184
0.10744001577802036
0.10305007238673763
0.09881744969746252
0.09473512625192385
0.0907965594176991
0.08699564240202647
0.08332666608949159
0.07978428506322734
0.07636348726702825
0.07305956684679969
0.06986809977722593
0.06678492193592925
0.06380610933474176
0.06092796025760341
0.05814697908834565
0.055459861640278704
0.05286348182390301
0.05035487950993846
0.04793124946276131
0.045589931234747014
0.04332839992531125
0.0411442577199709
0.03903522613475132
0.03699913890001068
0.035033935425388144
0.033137654794305894
0.03130843024238438
0.029544484079386882
0.027844123019004727
0.02620573388499696
0.024627779666019874
0.023108795894955212
0.02164738733177008
0.020242224931955093
0.018892043085474607
0.017595637113957313
0.01635186101665501
0.015159625458558857
0.014017895997074516
0.012925691546928918
0.01188208308665494
0.010886192614224003
0.009937192364412798
0.009034304306613746
0.008176799949417385
0.007364000488039343
0.006595277343359036
0.005870053158223439
0.005187803339609978
0.004548058267019712
0.003950406332527361
0.00339449804324045
0.0028800515142206767
0.0024068598291043493
0.001974800982261327
0.001583851506585523
0.0012341055654939022
0.0009258025213439223
0.0006593684137628368
0.00043548198533962444
0.0002551885324298672
0.00012012150552819157
0.00003303397910967438
0.
0.00003242625993787165
0.00011577873910261861
0.00024155359576538094
0.0004048745722778248
0.0006021709595405853
0.0008305923973053527
0.0010877555902896363
0.0013716091743264994
0.0016803522017351713
0.0020123807487578745
0.0023662507974568396
0.0027406512388521063
0.0031343835282166732
0.003546345908668253
0.003975520886250096
0.004420965089129695
0.004881800919424329
0.0053572095822310845
0.005846425192614384
0.006348729740171915
0.006863448745718146
0.007389947483698922
0.007927627672308058
0.008475924554226386
0.00903430430661375
0.009602261730938394
0.010179318182455897
0.010765019706328743
0.011358935353059211
0.011960655650415156
0.012569791212667897
0.013185971470895534
0.013808843510521576
0.014438071004228361
0.015073333230033124
0.015714324165684013
0.01636075165167876
0.017012336616183982
0.017668812355952676
0.018329923868045734
0.018995427227754835
0.01966508900865574
0.020338685741157828
0.02101600340630899
0.021696836961955023
0.02238098989864467
0.02306827382293729
0.023758508065989555
0.02445151931551164
0.025147141269349662
0.025845214309119378
0.026545585192453734
0.027248106762549962
0.02795263767382242
0.02865904213256055
0.029367189651588247
0.03007695481799992
0.030788217073121984
0.031500860503920175
0.03221477364512572
0.03292984929141642
0.03364598431903466
0.03436307951626982
0.035081039422275175
0.03579977217372773
0.036519189358873445
0.0372392058785327
0.03795973981366809
0.03868071229914863
0.039402047403362055
0.040123672013355816
0.04084551572520512
0.041567510739326255
0.042289591760472
0.04301169590216342
0.043733762595322925
0.04445573350089601
0.045177552426253105
0.045899165245182325
0.04662051982129308
0.047341565934658006
0.04806225521153572
0.04878254105702296
0.049502378590493896
0.05022172458369241
0.05094053740135149
0.05165877694421989
0.05237640459438222
0.0530933831627669
0.05380967683874021
0.05452525114169217
0.055240072874520874
0.055954110078932064
0.05666733199247221
0.05737970900721636
0.0580912126300399
0.05880181544440271
0.059511491073581724
0.06022021414528673
0.060927960257603234
