1.906800933091739e-9
2.178880448541229e-9
2.4882896564773567e-9
2.839925546512616e-9
3.2392955836943287e-9
3.69258848371715e-9
4.206753781702626e-9
4.789590258631898e-9
5.449842577073186e-9
6.197309544259522e-9
7.042962721411404e-9
7.999078730395365e-9
9.079383476832102e-9
1.0299213040240848e-8
1.167568964111066e-8
1.32279164181973e-8
1.4977190531915694e-8
1.6947238448415056e-8
1.916447427794079e-8
2.165828206581136e-8
2.4461327630467598e-8
2.760989748040952e-8
3.114427271804544e-8
3.510913546299861e-8
3.95540152788238e-8
4.453377495200144e-8
5.0109142501569065e-8
5.634728951610873e-8
6.332246235584128e-8
7.111666943991228e-8
7.982042841859606e-8
8.953357884272513e-8
1.0036616443648767e-7
1.1243939091625547e-7
1.2588666492632536e-7
1.40854719191889e-7
1.5750483152873618e-7
1.760141431267039e-7
1.9657708419836475e-7
2.194069137741626e-7
2.447373815690385e-7
2.7282452033480943e-7
3.039485781678725e-7
3.384160985322806e-7
3.76562158943655e-7
4.187527770143328e-7
4.653874970960573e-7
5.16902165197418e-7
5.737719068465964e-7
6.365143183561047e-7
7.056928847314557e-7
7.819206370349377e-7
8.658640644735226e-7
9.58247293054289e-7
1.0598565478837406e-6
1.1715449134240119e-6
1.2942374080245553e-6
1.428936388826575e-6
1.576727304905076e-6
1.7387848147170906e-6
1.9163792882207286e-6
2.1108837096491496e-6
2.3237810021830506e-6
2.55667179212013e-6
2.8112826343528205e-6
3.089474718376624e-6
3.3932530753171735e-6
3.724776308582097e-6
4.086366867383213e-6
4.4805218867422945e-6
4.909924615032659e-6
5.377456450382483e-6
5.8862096101516625e-6
6.439500452858472e-6
7.040883477584674e-6
7.694166020922415e-6
8.403423674709587e-6
9.173016445021477e-6
0.000010007605675692252
0.000010912171754811816
0.000011892032627053937
0.000012952863131017276
0.000014100715179653721
0.000015342038802985784
0.000016683704072114584
0.00001813302391744256
0.00001969777785927912
0.0000213862366643626
0.00002320718793918432
0.000025169962672014152
0.000027284462734859644
0.000029561189348809862
0.00003201127252196056
0.000034646501460972444
0.000037479355958031854
0.000040523038752691667
0.00004379150886319704
0.00004729951588191413
0.000051062635224793156
0.000055097304322117505
0.00005942085973630311
0.00006405157518536662
0.00006900870045262719
0.00007431250115361141
0.00007998429933286019
0.00008604651485631156
0.00009252270756035564
0.00009943762011889874
0.00010681722157903275
0.0001146887515186553
0.0001230807647679669
0.00013202317664029573
0.000141547308603083
0.00015168593432631562
0.0001624733260322515
0.00017394530106917838
0.00018613926862939077
0.0001990942765211777
0.00021285105790557165
0.00022745207790064495
0.0002429415799533516
0.00025936563187177626
0.00027677217141029075
0.00029521105129142974
0.00031473408354632546
0.0003353950830535212
0.0003572499101457547
0.00038035651215781414
0.00040477496378074716
0.0004305675060853525
0.0004577985840752229
0.00048653488262533556
0.000516845360664324
0.0005488012834495868
0.0005824762527873787
0.0006179462350488086
0.0006552895868270818
0.0006945870780871517
0.0007359219126524854
0.0007793797458779775
0.0008250486993572769
0.0008730193725129383
0.0009233848509220639
0.0009762407112275319
0.0010316850224949534
0.00108981834386809
0.0011507437183904989
0.0012145666628556975
0.0012813951535589818
0.0013513396078260029
0.0014245128612000268
0.0015010301401761834
0.0015810090303759073
0.0016645694400661466
0.0017518335589303306
0.0018429258120097036
0.0019379728087428403
0.0020371032870367773
0.0021404480523176794
0.002248139911513993
0.0023603136019390496
0.002477105715050638
0.0025986546150733054
0.0027251003524842066
0.002856584572373288
0.002993250417700971
0.0031352424274886923
0.0032827064299896383
0.0034357894309018826
0.003594639496695997
0.003759405633142792
0.0039302376591428085
0.004107286075965958
0.004290701932029144
0.004480636683347617
0.004677242049811407
0.004880669867448172
0.0050910719368485995
0.005308599867940375
0.005533404921309486
0.005765637846279282
0.006005448715967215
0.006252986759551389
0.006508400191988324
0.006771836041433021
0.007043439974620867
0.0073233561204816685
0.007611726892260382
0.007908692808430257
0.008214392312687049
0.008528961593322431
0.008852534402276898
0.009185241874178528
0.009527212345678302
0.009878571175393177
0.010239440564773161
0.010609939380207916
0.010990182976690339
0.01138028302335347
0.011780347331195887
0.012190479683311163
0.012610779667930097
0.013041342514584942
0.013482258933699032
0.013933614959898971
0.014395491799344438
0.0148679656813579
0.01535110771463677
0.015844983748316964
0.016349654238148534
0.016865174118039422
0.017391592677207336
0.017928953443172673
0.01847729407081388
0.01903664623769369
0.01960703554585493
0.02018848143026814
0.02078099707410453
0.02138458933099051
0.0219992586543895
0.022624999034239143
0.023261797940962215
0.02390963627694972
0.02456848833560351
0.025238321768011187
0.02591909755730751
0.026610770000765657
0.027313286699643446
0.028026588556797703
0.028750609782061058
0.029485277905365436
0.030230513797577113
0.030986231698999236
0.03175233925547606
0.03252873756202771
0.03331532121392547
0.03411197836510247
0.03491859079379034
0.035735033975248305
0.03656117716145097
0.037396883467577205
0.03824200996514496
0.03909640778161272
0.039959922206268816
0.04083239280221401
0.04171365352423655
0.04260353284236972
0.0435018538709127
0.044408434502693016
0.04532308754833398
0.046245620880294956
0.04717583758143504
0.04811353609785841
0.049058510395784544
0.05001055012218878
0.05096944076895687
0.05193496384028693
0.0529068970230829
0.05388501436006846
0.05486908642536166
0.055858880502243524
0.05685416076285549
0.05785468844956478
0.05886022205773396
0.059870517519635714
0.06088532838925654
0.06190440602773482
0.06292749978918236
0.06395435720664346
0.0649847241779503
0.0660183451512347
0.06705496330986599
0.06809432075658767
0.06913615869663117
0.07018021761959248
0.07122623747986133
0.07227395787540469
0.07332311822470351
0.07437345794166011
0.07542471660829231
0.07647663414504127
0.07752895097852706
0.07858140820659547
0.07963374776050194
0.0806857125640931
0.08173704668985116
0.08278749551167086
0.08383680585425554
0.0848847261390164
0.0859310065263755
0.08697539905437648
0.0880176577735145
0.08905753887770902
0.09009480083134465
0.09112920449231912
0.09216051323103888
0.09318849304531603
0.09421291267112329
0.09523354368917103
0.0962501606272828
0.09726254105854315
0.09827046569520657
0.09927371847835977
0.10027208666333225
0.10126536090086474
0.1022533353140398
0.10323580757099461
0.10421257895343564
0.1051834544209813
0.10614824267136287
0.10710675619652296
0.1080588113346489
0.10900422831818678
0.10994283131788685
0.11087444848293099
0.1117989119771985
0.11271605801173447
0.11362572687347658
0.11452776295031344
0.11542201475253966
0.11630833493077879
0.1171865802904506
0.11805661180285669
0.118918294612961
0.11977149804395035
0.12061609559864876
0.12145196495787458
0.1222789879758193
0.12309705067253851
0.1239060432236336
0.12470585994721725
0.12549639928824477
0.12627756380030317
0.12704926012493822
0.12781139896861674
0.1285638950774028
0.12930666720944065
0.1300396381053295
0.1307627344564761
0.13147588687151232
0.13217902984086338
0.13287210169955085
0.13355504458831216
0.13422780441312418
0.1348903308032095
0.1355425770676051
0.13618450015037725
0.13681606058455695
0.13743722244487516
0.13804795329937317
0.13864822415996253
0.13923800943200637
0.13981728686299622
0.14038603749039036
0.14094424558868532
0.1414918986157872
0.14202898715874374
0.14255550487890659
0.1430714484565816
0.1435768175352275
0.14407161466526489
0.14455584524754617
0.14502951747654794
0.14549264228333586
0.14594523327835246
0.14638730669408181
0.146818881327636
0.14723997848331086
0.14765062191515818
0.1480508377696132
0.1484406545282239
0.14882010295051773
0.14918921601704999
0.14954802887266308
0.14989657876999848
0.15023490501329312
0.15056304890248964
0.15088105367769777
0.1511889644640278
0.1514868282168323
0.151774693667376
0.15205261126896252
0.15232063314354188
0.15257881302881904
0.15282720622588467
0.15306586954739318
0.15329486126629796
0.15351424106516895
0.15372406998610547
0.15392441038125926
0.15411532586398305
0.15429688126061805
0.15446914256292923
0.15463217688120467
0.15478605239802246
0.15493083832270185
0.1550666048464388
0.15519342309813955
0.15531136510095522
0.15542050372952387
0.15552091266792695
0.15561266636835835
0.15569584001051684
0.15577050946171972
0.1558367512377402
0.15589464246437057
0.15594426083971308
0.15598568459719497
0.15601899246931084
0.15604426365208948
0.15606157777028348
0.15607101484328023
0.15607265525173172
0.1560665797048995
0.15605286920871209
0.1560316050345293
0.1560028686886137
0.15596674188229723
0.15592330650284622
0.15587264458501315
0.15581483828327258
0.15574996984473488
0.1556781215827326
0.15559937585106953
0.15551381501893038
0.15542152144644167
0.1553225774608768
0.15521706533349783
0.15510506725702888
0.15498666532374994
0.15486194150420618
0.154730977626524
0.15459385535632456
0.15445065617722875
0.15430146137194373
0.15414635200392415
0.15398540889959778
0.15381871263114874
0.15364634349984901
0.15346838151993034
0.15328490640298612
0.15309599754289743
0.152901734001272
0.15270219449338873
0.15249745737463738
0.15228760062745042
0.15207270184870753
0.15185283823761647
0.15162808658405158
0.1513985232573486
0.15116422419554132
0.15092526489503638
0.15068172040071384
0.15043366529644808
0.1501811736960384
0.14992431923454158
0.14966317505999974
0.1493978138255515
0.14912830768192253
0.1488547282702849
0.14857714671547576
0.14829563361957293
0.14801025905581244
0.1477210925628446
0.14742820313932153
0.14713165923880384
0.14683152876498462
0.1465278790672192
0.14622077693635416
0.14591028860085029
0.14559647972318912
0.1452794153965591
0.14495916014181184
0.14463577790468235
0.14430933205326826
0.1439798853757582
0.14364750007840338
0.14331223778373012
0.14297415952898013
0.14263332576477672
0.14228979635401018
0.1419436305709343
0.1415948871004708
0.14124362403771404
0.14088989888762754
0.1405337685649349
0.14017528939418897
0.13981451711002102
0.1394515068575641
0.13908631319303816
0.13871899008450336
0.13834959091276547
0.13797816847243569
0.13760477497313459
0.13722946204084133
0.13685228071937655
0.1364732814720204
0.136092514183257
0.13571002816064326
0.13532587213679614
0.1349400942714952
