0.038208888033285156
0.039298069234463176
0.040411288240147974
0.041548810991744095
0.04271089741938057
0.043897801155131075
0.04510976924967613
0.046347041892866474
0.047609852138632155
0.04889842563467769
0.05021298035738994
0.05155372635237653
0.05292086548103231
0.0543145911735315
0.05573508818860899
0.05718253238049637
0.05865709047334729
0.060158919843480596
0.06168816830973846
0.06324497393225144
0.06482946481987036
0.06644175894651376
0.06808196397665273
0.06975017710013998
0.07144648487656201
0.07317096308928073
0.07492367660930031
0.07670467926908175
0.0785140137464033
0.08035171145834225
0.08221779246543945
0.08411226538607844
0.08603512732110201
0.08798636378866075
0.08996594866927486
0.09197384416107214
0.09401000074514314
0.09607435716094583
0.09816684039166626
0.10028736565943694
0.10243583643029179
0.10461214442872636
0.1068161696617222
0.10904778045207422
0.1113068334808585
0.11359317383886128
0.11590663508678156
0.11824703932401386
0.12061419726580593
0.12300790832858435
0.1254279607232284
0.1278741315560753
0.13034618693742717
0.1328438820973326
0.13536696150840957
0.13791515901547405
0.14048819797173856
0.14308579138134273
0.14570764204797668
0.1483534427293597
0.151022876297336
0.15371561590335076
0.1564313251490711
0.15916965826191906
0.16193026027528368
0.16471276721318526
0.16751680627916682
0.17034199604918476
0.17318794666828727
0.17605426005085892
0.1789405300842215
0.18184634283538337
0.18477127676073396
0.18771490291848075
0.19067678518363768
0.1936564804653694
0.19665353892650708
0.1996675042050519
0.2026979136374875
0.20574429848372977
0.20880618415353835
0.21188309043423087
0.21497453171953318
0.21808001723941053
0.22119905129072395
0.2243311334685631
0.2274757588981095
0.2306324184668858
0.23380059905725445
0.23697978377902745
0.2401694522020556
0.2433690805886692
0.2465781421258421
0.2497961071569549
0.2530224434130402
0.25625661624338925
0.25949808884540304
0.2627463224935813
0.2660007767675296
0.2692609097788866
0.2725261783970568
0.2757960384736512
0.2790699450655285
0.2823473526563433
0.28562771537649706
0.28891048722140145
0.2921951222679547
0.2954810748891414
0.29876779996666547
0.3020547531015252
0.3053413908224437
0.30862717079206764
0.31191155201085524
0.3151939950185627
0.31847396209325457
0.32175091744775614
0.32502432742347115
0.3282936606814867
0.3315583883908939
0.3348179844142485
0.3380719254901027
0.34131969141253793
0.3445607652076311
0.3477946333067882
0.3510207857168825
0.3542387161871343
0.3574479223726731
0.36064790599472274
0.36383817299735555
0.36701823370075987
0.37018760295096953
0.373345800266007
0.37649234997839065
0.37962678137396233
0.382748628826993
0.38585743193152505
0.3889527356289139
0.3920340903315321
0.3951010520426065
0.39815318247215387
0.4011900491489891
0.4042112255287826
0.40721629109814095
0.4102048314746939
0.4131764385031697
0.416130710347444
0.41906725157855124
0.42198567325865316
0.42488559302095075
0.42776663514554625
0.43062843063124795
0.43347061726332387
0.43629283967721066
0.43909474941818283
0.4418760049969969
0.4446362719415239
0.44737522284438663
0.45009253740662175
0.4527879024773891
0.45546101208975603
0.45811156749257975
0.4607392771785248
0.4633438569082428
0.46592502973075733
0.4684825260000861
0.47101608338814566
0.473525446893981
0.4760103688493656
0.47847060892082244
0.4809059341081121
0.4833161187392464
0.4857009444620783
0.48806020023252633
0.490393682299494
0.4927011941865413
0.494982546670377
0.49723755775622874
0.4994660526501633
0.5016678637284225
0.5038428305038409
0.5059907995894213
0.5081116246591356
0.5102051664060241
0.5122712924976704
0.5143098775291242
0.5163208029733475
0.5183039571292628
0.5202592350674806
0.5221865385737822
0.524085776090438
0.5259568626554405
0.5277997198397297
0.5296142756824916
0.5314004646246103
0.5331582274403499
0.534887511167349
0.5365882690350072
0.5382604603913415
0.5399040506283899
0.5415190111062453
0.5431053190757935
0.5446629576002343
0.5461919154754615
0.547692187149383
0.549163772640244
0.5506066774540445
0.5520209125011075
0.5534064940118859
0.5547634434520649
0.5560917874370425
0.5573915576458506
0.5586627907345826
0.5599055282494023
0.5611198165391917
0.5623057066679015
0.5634632543266743
0.5645925197457935
0.5656935676065202
0.5667664669528767
0.5678112911034325
0.5688281175631473
0.5698170279353252
0.5707781078337293
0.5717114467949094
0.5726171381907913
0.5734952791415706
0.5743459704289606
0.5751693164098352
0.5759654249303083
0.576734407240291
0.5774763779085652
0.5781914547384073
0.5788797586838009
0.5795414137662717
0.5801765469923705
0.5807852882718446
0.5813677703365165
0.5819241286599037
0.5824545013775999
0.5829590292084486
0.5834378553765219
0.5838911255339359
0.5843189876845134
0.584721592108318
0.5850990912870745
0.5854516398304886
0.5857793944034849
0.5860825136543717
0.5863611581439465
0.5866154902755502
0.5868456742260842
0.5870518758779902
0.5872342627522092
0.587393003942117
0.587528270048445
0.5876402331151934
0.5877290665665299
0.5877949451446876
0.5878380448488513
0.5878585428750455
0.5878566175570091
0.5878324483080665
0.5877862155639884
0.5877181007268385
0.5876282861098047
0.5875169548830105
0.587384291020299
0.5872304792469879
0.587055704988587
0.586860154320473
0.5866440139185131
0.5864074710106325
0.5861507133293173
0.5858739290650423
0.5855773068206169
0.5852610355664443
0.5849253045966754
0.5845703034862586
0.5841962220488685
0.5838032502957067
0.583391578395163
0.5829613966333314
0.5825128953753625
0.582046265027649
0.5815616960008323
0.5810593786736142
0.5805395033573707
0.5800022602615522
0.57944783945986
0.578876430857188
0.578288224157322
0.577683408831379
0.5770621740869832
0.5764247088381622
0.575771201675955
0.5751018408397204
0.5744168141891351
0.5737163091768741
0.5730005128219532
0.5722696116837358
0.5715237918365855
0.5707632388451546
0.5699881377403009
0.5691986729956237
0.5683950285046021
0.5675773875583365
0.566745932823873
0.5659008463231082
0.5650423094122604
0.5641705027619043
0.5632856063375489
0.5623877993807627
0.5614772603908266
0.5605541671069117
0.5596186964907716
0.5586710247099377
0.5577113271214164
0.5567397782558723
0.5557565518022926
0.5547618205931263
0.5537557565898859
0.5527385308692088
0.5517103136093672
0.5506712740772204
0.5496215806156026
0.5485614006311372
0.5474909005824735
0.5464102459689345
0.5453196013195732
0.5442191301826294
0.5431089951153777
0.541989357674363
0.5408603784060176
0.5397222168376504
0.538575031468806
0.537418979762983
0.5362542181397092
0.5350809019669677
0.5338991855539645
0.5327092221442352
0.5315111639090856
0.530305161941357
0.5290913662495136
0.5278699257520459
0.5266409882721869
0.5254047005329289
0.5241612081523457
0.5229106556392055
0.5216531863888783
0.5203889426795231
0.519118065668561
0.5178406953894185
0.516556970748544
0.5152670295226903
0.513971008356457
0.5126690427600901
0.5113612671075319
0.5100478146347219
0.5087288174381367
0.50740440647357
0.5060747115551484
0.5047398613545734
0.5033999834005919
0.5020552040786876
0.5007056486309881
0.4993514411563862
0.49799270461086964
0.49662956080805604
0.4952621304199278
0.4938905329777649
0.4925148868732695
0.4911353093598798
0.48975191655426986
0.48836482343802934
0.48697414385952076
0.48557999053591183
0.4841824750553757
0.4827817078794594
0.4813777983456129
0.47997085466987965
0.4785609839497382
0.4771482921671013
0.47573288419145854
0.4743148637831659
0.47289433359687544
0.47147139518510484
0.4700461490019386
0.468618694406863
0.46718912966872794
0.46575755196983093
0.4643240574101266
0.46288874101155075
0.4614516967224606
0.46001301742218653
0.4585727949256912
0.45713111998833666
0.45568808231075064
0.45424377054379417
0.45279827229362507
0.45135167412685356
0.4499040615757904
0.44845551914378046
0.44700613031062186
0.4455559775380679
0.44410514227540454
0.44265370496510886
0.4412017450485761
0.43974934097192275
0.43829657019185203
0.43684350918159
0.43539023343688066
0.43393681748204427
0.432483334876092
0.4310298582188963
0.4295764591574137
0.42812320839195855
0.42667017568252597
0.42521742985515804
0.4237650388083552
0.4223130695195284
0.4208615880514911
0.4194106595589855
0.41796034829524625
0.4165107176185943
0.4150618299990629
0.41361374702505077
0.41216652941000054
0.4107202369991044
0.4092749287760294
0.4078306628696636
0.4063874965608814
0.40494548628932503
0.4035046876602013
0.4020651554510901
0.40062694361876566
0.3991901053060264
0.3977546928485338
0.3963207577816546
0.39488835084731183
0.39345752200083556
0.392028320417816
0.3906007945009576
0.38917499188692944
0.3877509594532153
0.3863287433249565
0.3849083888817925
0.3834899407646902
0.3820734428827675
0.3806589384201071
0.37924646984255844
0.3778360789045264
0.3764278066557495
0.3750216934480605
0.3736177789421335
0.3722161021142126
0.37081670126282285
0.36941961401546364
0.36802487733528033
0.36663252752771613
0.36524260024714084
0.3638551305034579
0.36247015266868715
0.36108770048352284
0.3597078070638655
0.3583305049073292
0.35695582589971964
0.3555838013214856
0.35421446185414146
0.35284783758665933
0.3514839580218329
0.35012285208260885
0.3487645481183872
0.3474090739112901
0.34605645668239743
0.3447067230979501
0.34335989927551697
0.3420160107901309
0.3406750826803867
0.3393371394545066
0.3380022050963667
0.33667030307149043
0.33534145633300194
0.33401568732754516
0.3326930180011637
0.3313734698051431
0.3300570637018154
0.3287438201703235
0.3274337592123487
0.326126900357797
0.32482326267044753
0.32352286475355996
0.3222257247554421
0.32093186037497745
0.31964128886711257
0.31835402704830257
0.31707009130191677
0.3157894975836031
0.3145122614266102
0.3132383979470701
0.3119679218492376
0.3107008474306889
