0.5424164514957606
0.4809534353854705
0.4333716116799135
0.39516568064051094
0.36344108522878155
0.3364380811646423
0.3130228728426083
0.2924243928497471
0.27409480647997686
0.25763095372067374
0.24272752555574337
0.22914777234581185
0.21670441888064534
0.20524679455472764
0.1946518963930039
0.1848180243613166
0.17566014796482804
0.16710646762059564
0.15909581891594263
0.15157568323238793
0.14450064225619788
0.1378311625609757
0.13153262912421526
0.1255745690084668
0.11993002202050482
0.11457502619166694
0.10948819384418593
0.10465035977434212
0.10004428733222438
0.09565442134481116
0.09146667921455369
0.08746827334021662
0.08364755939969629
0.07999390611306348
0.07649758294580176
0.07314966287412705
0.06994193785844437
0.06686684508886909
0.06391740240197338
0.06108715153843609
0.058370108130832384
0.05576071748990362
0.05325381540454787
0.050844593291780996
0.04852856713311189
0.04630154971705337
0.044159625777028415
0.04209912967221131
0.04011662530788241
0.0382088880332852
0.036372888290076184
0.03460577681429277
0.03290487122023171
0.03126764381641737
0.029691710522540733
0.02817482077236356
0.026714848301481114
0.02530978273088737
0.02395772186774278
0.02265686465386115
0.02140550470038622
0.020202024354104134
0.019044889246971987
0.01793264328583925
0.016863904044138785
0.015837358521567566
0.014851759241590516
0.013905920660013251
0.012998715860968655
0.012129073519487615
0.011295975112436926
0.010498452362050542
0.009735584898607945
0.00900649813107084
0.008310361316745327
0.007646385823327715
0.007013823579130001
0.006411965709930214
0.005840141363872576
0.00529771672935244
0.004784094255006711
0.004298712086167034
0.003841043738794807
0.003410598040654714
0.0030069193812106913
0.002629588327869908
0.0022782226889357248
0.0019524791365065936
0.0016520555513919685
0.001376694326887402
0.0011261869867204273
0.0009003806677742085
0.0006991873556030032
0.0005225973777585271
0.0003706998708018431
0.00024371553914318865
0.00014205334443919066
0.00006642108842420813
0.000018090951549244497
0.
0.00001775592396010536
0.00006400026906163938
0.0001343935271444076
0.00022641352279533398
0.00033819416284463355
0.00046823263844870185
0.0006152626073191638
0.0007781864676832882
0.0009560344553759206
0.0011479378133698558
0.0013531101084134933
0.0015708336169952405
0.0018004490451585028
0.0020413475394656954
0.0022929643300573024
0.0025547735715658994
0.0028262840856534935
0.003107035797035561
0.003396596712991611
0.003694560335834412
0.004000543425306373
0.004314184047431012
0.00463513986056459
0.004963086599873582
0.005297716729352443
0.005638738236481821
0.005985873549259632
0.006338858558942464
0.006697441734682628
0.007061383318517432
0.007430454590992075
0.007804437199176304
0.008183122540051928
0.00856631119323776
0.008953812397855166
0.009345443569021743
0.009741029850045015
0.010140403696879234
0.01054340449182009
0.010949878183776759
0.011359676952755339
0.011772658896460913
0.012188687737145064
0.012607632547028185
0.013029367490797613
0.013453771583830505
0.013880728464928611
0.01431012618246272
0.014741856992932807
0.015175817171038638
0.015611906830438406
0.016050029754444584
0.016490093235971975
0.016932007926109622
0.01737568769074255
0.017821049474694168
0.018268013172905086
0.018716501508196863
0.019166439915213974
0.01961775643015499
0.020070381585947903
0.0205242483125362
0.020979291841975944
0.02143544961806289
0.02189266121022455
0.02235086823143885
0.022810014259947716
0.023270044764557473
0.023730907033327198
0.02419255010546066
0.024654924706231124
0.02511798318477434
0.025581679454602796
0.0260459689366953
0.026510808505032908
0.026976156434453082
0.027441972350707423
0.027908217182610617
0.028374853116178527
0.028841843550656526
0.029309153056347147
0.029776747334149242
0.030244593176727213
0.030712658431234052
0.03118091196351213
0.03164932362370838
0.032117864213231095
0.03258650545299494
0.03305521995288855
0.03352398118241362
0.03399276344244281
0.034461541838045735
0.034930292252334155
0.035398991321288105
0.03586761640951155
0.03633614558688568
0.03680455760607596
0.037272831880858705
0.037740948465233126
0.038208888033285156
