0.0001939411589489672
0.00020619004784370619
0.00021914032149489908
0.00023282701332279877
0.0002472865749639169
0.00026255691456499855
0.00027867743514231217
0.00029568907295519627
0.00031363433584605255
0.000332557341491667
0.0003525038555169632
0.00037352132941558577
0.00039565893822274625
0.0004189676178850721
0.00044350010227067077
0.0004693109597634613
0.0004964566293823789
0.000524995456367002
0.0005549877271742701
0.000586495703821336
0.0006195836575193427
0.000654317901537427
0.0006907668232342322
0.000729000915200899
0.0007690928054517645
0.0008111172866039715
0.0008551513439847648
0.0009012741826082724
0.0009495672529587772
0.0010001142755228366
0.0010530012640088203
0.0011083165471968354
0.0011661507893559596
0.0012265970091741851
0.001289750597138931
0.0013557093313116587
0.001424573391439439
0.0014964453713430565
0.0015714302895280703
0.0016496355979592327
0.0017311711889450012
0.0018161494000723743
0.0019046850171418072
0.0019968952750425853
0.0020928998565175275
0.0021928208887621262
0.0022967829378054785
0.0024049130006191656
0.0025173404949038417
0.0026341972465010314
0.0027556174743792084
0.002881737773146777
0.003012697093038525
0.0031486367173326688
0.0032897002371448636
0.0034360335235593905
0.0035877846970476593
0.0037451040941312726
0.003908144231246763
0.004077059765770946
0.004252007454165623
0.004433146107203441
0.0046206365422382404
0.004814641532483497
0.005015325753268262
0.005222855725234329
0.005437399754452622
0.005659127869423665
0.005888211754945902
0.006124824682824518
0.0063691414394038545
0.006621338249909939
0.006881592699584568
0.007150083651609092
0.007426991161805738
0.007712496390118399
0.008006781508871
0.008310029607814502
0.008622424595966202
0.008944151100261309
0.009275394361031794
0.009616340124338423
0.009967174531185173
0.010328084003645722
0.010699255127947758
0.011080874534551793
0.011473128775281196
0.011876204197552963
0.01229028681577575
0.012715562179978109
0.01315221524174173
0.013600430217519747
0.014060390449422117
0.014532278263564045
0.015016274826069202
0.015512559996837271
0.016021312181181774
0.016542708179455558
0.017076923034786903
0.017624129879053926
0.0181844997772314
0.01875820157025255
0.01934540171652964
0.01994626413228676
0.02056095003086294
0.021189617761148503
0.021832422645321252
0.022489516816060328
0.023161049053411587
0.023847164621489548
0.024548005105204183
0.025263708247202456
0.02599440778522006
0.02674023329004284
0.027501310004279363
0.02827775868214952
0.029069695430496287
0.029877231551230142
0.03070047338541662
0.03153952215922169
0.03239447383192426
0.033265418946215104
0.03415244248099108
0.03505562370686238
0.03597503604458465
0.036910746926626256
0.03786281766208528
0.038831303305160526
0.03981625252738313
0.04081770749381548
0.04183570374341309
0.04287027007374595
0.04392142843027483
0.04498919380036478
0.04607357411222073
0.047174570138923115
0.04829217540773137
0.04942637611482224
0.050577151045621
0.05174447150087595
0.05292830122862038
0.05412859636215889
0.05534530536420626
0.056578368977297386
0.05782772018058422
0.059093284153116335
0.060374978243703775
0.061672711947445946
0.06298638688899887
0.06431589681264901
0.06566112757924844
0.0670219571700566
0.068398255697524
0.06978988542304392
0.07119670078168691
0.07261854841392203
0.07405526720432119
0.07550668832722864
0.07697263529937014
0.07845292403936664
0.07994736293410337
0.08145575291189884
0.08297788752240699
0.08451355302317608
0.08606252847277525
0.08762458583039642
0.08919949006182251
0.09078699925165015
0.09238686472164105
0.09399883115507023
0.09562263672693153
0.09725801323984982
0.09890468626554387
0.10056237529167453
0.1022307938739088
0.10390964979301817
0.10559864521682878
0.107297476866831
0.10900583618925021
0.1107234095303798
0.11244987831596356
0.11418491923442192
0.1159282044236974
0.11767940166150802
0.11943817455877799
0.12120418275602142
0.1229770821224509
0.1247565249575784
0.12654216019507494
0.12833363360865432
0.1301305880197483
0.1319326635067323
0.1337394976154711
0.13555072557094386
0.13736598048971643
0.1391848935930269
0.14100709442025022
0.14283221104251306
0.14465987027622862
0.14648969789632924
0.1483213188489674
0.15015435746347347
0.15198843766334677
0.15382318317607507
0.1556582177415659
0.1574931653189945
0.15932765029186488
0.1611612976710905
0.16299373329590972
0.1648245840324457
0.16665347796974386
0.1684800446131033
0.17030391507454906
0.17212472226027536
0.17394210105491462
0.17575568850248244
0.17756512398386012
0.17937004939068082
0.18117010929549615
0.18296495111809868
0.18475422528789687
0.18653758540222748
0.18831468838051657
0.19008519461419118
0.19184876811226168
0.19360507664249807
0.19535379186812904
0.19709458948000086
0.1988271493241421
0.20055115552468458
0.20226629660209733
0.20397226558670065
0.20566876012742846
0.20735548259581985
0.209032140185222
0.21069844500519633
0.21235411417112293
0.21399886988900899
0.21563243953550382
0.21725455573314462
0.21886495642083975
0.22046338491962814
0.22204958999373367
0.2236233259069587
0.22518435247445026
0.22673243510988753
0.22826734486813993
0.22978885848344663
0.23129675840317648
0.23279083281723204
0.23427087568315866
0.2357366867470297
0.2371880715601788
0.2386248414918562
0.2400468137378815
0.2414538113253809
0.24284566311368383
0.24422220379147117
0.24558327387025577
0.24692871967428995
0.2482583933269881
0.2495721527339548
0.2508698615627172
0.25215138921925184
0.25341661082140315
0.25466540716929187
0.25589766471280784
0.2571132755162867
0.2583121372204697
0.25949415300184
0.26065923152944265
0.2618072869192744
0.26293823868635463
0.2640520116945636
0.2651485361043516
0.2662277473184161
0.26728958592543645
0.268333997641969
0.2693609332525915
0.27037034854839065
0.2713622042638871
0.2723364660124867
0.27329310422054637
0.27423209406014526
0.27515341538064725
0.2760570526391389
0.27694299482982515
0.2778112354124711
0.27866177223996136
0.27949460748506255
0.2803097475664633
0.28110720307416537
0.2818869886943033
0.28264912313346013
0.2833936290425502
0.28412053294033873
0.28482986513665876
0.28552165965539844
0.2861959541573087
0.28685278986270296
0.28749221147410065
0.2881142670988705
0.28871900817193186
0.28930648937856335
0.28987676857737066
0.29042990672346164
0.29096596779187667
0.29148501870131716
0.29198712923821674
0.2924723719811985
0.2929408222259516
0.29339255791057295
0.29382765954140355
0.29424621011939706
0.2946482950670544
0.29503400215594977
0.2954034214348844
0.29575664515869204
0.29609376771772217
0.29641488556802853
0.29672009716228176
0.29700950288143246
0.297283204967144
0.29754130745500934
0.29778391610857907
0.298011138354207
0.29822308321673485
0.2984198612560287
0.2986015845043769
0.2987683664047669
0.2989203217500444
0.29905756662296934
0.29918021833717645
0.2992883953790437
0.29938221735048176
0.29946180491264257
0.2995272797305558
0.29957876441869813
0.2996163824874939
0.29964025829074953
0.29965051697402945
0.29964728442396515
0.299630687218501
0.29960085257807867
0.29955790831775414
0.2995019828002455
0.29943320488991376
0.29935170390766624
0.2992576095867841
0.299151052029666
0.29903216166548635
0.2989010692087607
0.29875790561881127
0.29860280206013107
0.29843588986363373
0.29825730048878907
0.2980671654866304
0.29786561646363113
0.2976527850464401
0.2974288028474687
0.2971938014313203
0.2969479122820541
0.2966912667712748
0.29642399612703807
0.29614623140356267
0.29585810345174224
0.29555974289044035
0.2952512800785697
0.2949328450879345
0.2946045676768343
0.29426657726441424
0.2939190029057535
0.29356197326768213
0.2931956166053142
0.29282006073928796
0.2924354330337036
0.29204186037474433
0.2916394691499752
0.2912283852283058
0.2908087339406064
0.29038064006096864
0.2899442277886001
0.28949962073033786
0.28904694188377966
0.2885863136210104
0.28811785767292447
0.2876416951141262
0.28715794634840014
0.286666731094744
0.28616816837394693
0.2856623764957112
0.28514947304629956
0.2846295748767046
0.2841027980913245
0.2835692580371402
0.2830290692933797
0.2824823456616634
0.2819292001566185
0.2813697449969525
0.28080409159697883
0.28023235055858325
0.27965463166362126
0.27907104386673837
0.27848169528860456
0.2778866932095515
0.27728614406360735
0.2766801534329154
0.2760688260425342
0.27545226575560233
0.2748305755688685
0.27420385760857
0.2735722131266588
0.27293574249735986
0.27229454521406
0.27164871988651507
0.27099836423836904
0.27034357510497786
0.26968444843153017
0.2690210792714547
0.2683535617851113
0.26768198923875774
0.26700645400377776
0.26632704755617675
0.26564386047632327
0.26495698244894195
0.26426650226334286
0.2635725078138847
0.26287508610066335
0.2621743232304219
0.26147030441767155
0.26076311398602187
0.260052835369711
0.25933955111533236
0.25862334288374716
0.2579042914521853
0.2571824767165197
0.25645797769371487
0.2557308725244415
0.255001238475853
0.25426915194451655
0.25353468845949617
0.2527979226855819
0.2520589284266573
0.2513177786292064
0.25057454538594764
0.24982929993959774
0.2490821126867546
0.2483330531818989
0.24758219014150742
0.2468295914482763
0.24607532415544645
0.2453194544912301
0.24456204786333413
0.2438031688635728
0.2430428812725713
0.24228124806455137
0.2415183314121995
0.2407541926916092
0.23998889248729938
0.23922249059730025
0.23845504603830683
0.23768661705089608
0.236917261104801
0.23614703490424402
0.2353759943933233
0.23460419476144828
0.23383169044882385
0.2330585351519788
0.2322847818293349
0.23151048270681732
0.23073568928349764
0.2299604523372751
0.22918482193058481
0.2284088474161367
0.22763257744268095
0.22685605996079458
0.2260793422286935
0.2253024708180596
0.22452549161988872
0.22374844985035058
0.22297139005666328
0.2221943561229777
0.22141739127627116
0.22064053809224887
0.21986383850124835
0.21908733379414974
0.21831106462828553
0.2175350710333516
0.21675939241731612
0.21598406757232438
0.2152091346805996
0.21443463132033735
0.2136605944715913
0.21288706052215012
0.2121140652734044
0.2113416439462004
0.21056983118668127
0.20979866107211376
0.20902816711669897
0.2082583822773671
0.2074893389595527
