1.0892279036843742
0.9925014972445279
0.9120050096202074
0.8445600737441195
0.7867591955354264
0.7362901376363287
0.6915762630117487
0.6515034104941602
0.6152562332998429
0.582219841229265
0.5519186299921286
0.5239767976132798
0.49809197132411387
0.4740170497563466
0.451547365169939
0.43051139355740387
0.41076389329686347
0.39218074507918654
0.37465500843103167
0.3580938644000993
0.34241621447422227
0.3275507727642974
0.313434533995739
0.30001153136235686
0.28723182047636253
0.27505064150079456
0.26342772304062545
0.2523266998046507
0.24171462231790503
0.23156154167273638
0.22184015587986108
0.21252550711857965
0.2035947213016706
0.1950267830201966
0.18680234022927672
0.17890353406146473
0.17131384997137897
0.16401798707057957
0.15700174304038866
0.1502519124395233
0.14375619657349784
0.1375031233800975
0.13148197602197192
0.12568272907350206
0.120095991352301
0.11471295458204134
0.1095253471875898
0.10452539261989692
0.09970577168937325
0.09505958845568561
0.09058033928064588
0.08626188470115971
0.08209842382223866
0.07808447096706969
0.07421483435309945
0.07048459659064617
0.06688909682450928
0.06342391435989331
0.060084853632087425
0.05686793039530079
0.05376935901997263
0.050785540800194845
0.04791305318373115
0.04514863984681891
0.042489201544448366
0.03993178767461224
0.03747358850190938
0.03511192799219347
0.032844257215827975
0.03066814828231175
0.028581288774284425
0.02658147665356034
0.024666615616633587
0.02283471088176197
0.021083865394603288
0.019412276444301657
0.017818232687649354
0.016300111585063788
0.014856377259322318
0.013485578796726924
0.012186349020871354
0.010957403782660871
0.009797541827443579
0.008705645323039997
0.0076806811632615934
0.006721703204237469
0.0058278556511434584
0.004998377900285755
0.004232611271443542
0.00353000826449426
0.0028901452899999652
0.0023127403439895237
0.0017976779966141759
0.0013450457094882635
0.0009551887250193337
0.0006287977100582292
0.00036706019021950394
0.000171955674318726
0.000046963963903584186
0
0.000046095876567270035
0.00016570282803184705
0.00034731864953991935
0.0005842838444010627
0.0008716852623839774
0.0012055755547939993
0.0015826352083232768
0.0019999921315152947
0.0024551127496874967
0.00294573061004688
0.0034697966985738123
0.004025443263234195
0.004610956516984404
0.005224755441320119
0.005865374933807977
0.006531452142536301
0.007221715198192839
0.007934973789424317
0.008670111181955667
0.009426077387256815
0.010201883259757016
0.010996595353702652
0.011809331408679406
0.012639256360692182
0.013485578796725937
0.014347547786626943
0.01522445003849099
0.01611560733334451
0.017020374202425748
0.01793813581653223
0.018868306061569813
0.019810325778590144
0.020763661149635713
0.02172780221345566
0.022702261497372565
0.023686572753309494
0.02468028978767952
0.02568298537597628
0.026694250254145444
0.027713692179702445
0.028740935056321325
0.029775618116434626
0.03081739515688891
0.03186593382322231
0.03292091493869105
0.03398203187442015
0.035048989957534346
0.036121505914363305
0.03719930734609672
0.0382821322345245
0.039369728475714516
0.0404618534396265
0.04155827355390311
0.04265876391014627
0.04376310789123794
0.04487109681825612
0.04598252961575444
0.04709721249420406
0.04821495864855975
0.04933558797191045
0.050458926783305304
0.05158480756890777
0.05271306873569322
0.05384355437692079
0.054976114048732184
0.05611060255721988
0.057246879755393665
0.058384810349460206
0.059524263713937944
0.060665113715099556
0.061807238542306776
0.06295052054680964
0.06409484608761856
0.06524010538407321
0.06638619237479461
0.06753300458261904
0.06868044298531485
0.06982841189169477
0.07097681882292022
0.07212557439870823
0.07327459222822269
0.07442378880539993
0.07557308340852542
0.07672239800383492
0.07787165715296482
0.07902078792406009
0.08016971980638765
0.08131838462828075
0.08246671647825721
0.08361465162919567
0.08476212846539688
0.08590908741242312
0.08705547086959957
0.08820122314503417
0.0893462903930739
0.09049062055407558
0.09163416329640246
0.09277686996054085
0.0939186935052529
0.09505958845568453
