0.0019190230391100379
0.0011947716681384023
0.0008295994065449504
0.0006089936552530719
0.00046297686041959623
0.00036068595443497264
0.0002861613000988692
0.00023027251439957744
0.0001874137460152703
0.0001539575698770779
0.0001274592378863084
0.00010621655093870753
0.00008901227810715157
0.00007495637284774425
0.00006338560871827121
0.00005379768286299934
0.000045806763487810085
0.00003911279363470747
0.00003347985696718077
0.000028720653506289793
0.000024685180318817734
0.00002125235943078994
0.00001832376549339896
0.0000158188716321399
0.000013671407743780666
0.00001182654390577421
0.000010238692619591989
8.869779934288166e-6
7.687875189805213e-6
6.666097432770315e-6
5.781737013802243e-6
5.0155457909205935e-6
4.351160372841299e-6
3.774631019501318e-6
3.2740349670186515e-6
2.83915759650197e-6
2.4612284147020935e-6
2.132701542101437e-6
1.8470725140078375e-6
1.5987248395382247e-6
1.3828010524549843e-6
1.1950940013031516e-6
1.0319549230431454e-6
8.902154929863683e-7
7.67121544837903e-7
6.602765725913944e-7
5.675934542774477e-7
4.872531069517307e-7
4.1766900237921177e-7
3.57456649123489e-7
3.0540729707760804e-7
2.604652376289019e-7
2.2170817409836875e-7
1.8833022096358804e-7
1.5962715485784652e-7
1.3498360305641007e-7
1.1386189731806449e-7
9.579236714131417e-8
8.036487296104179e-8
6.722141674788589e-8
5.604968161011452e-8
4.657738286307207e-8
3.8567319985651957e-8
3.181304290446435e-8
2.6135049985279274e-8
2.137745280908224e-8
1.7405048658606307e-8
1.4100746626629775e-8
1.1363308441397223e-8
9.105360552371948e-9
7.251646496441622e-9
5.7374908669001234e-9
4.507446641620642e-9
3.5141070388671712e-9
2.7170592088794177e-9
2.0819655271814372e-9
1.579755319836019e-9
1.18591465756299e-9
8.79863336817487e-10
6.444076831663034e-10
4.652608308272182e-10
3.3062323352003407e-10
2.308150312921634e-10
1.5795554609592402e-10
1.0568362737407353e-10
6.891404530077904e-11
4.36270904113907e-11
2.6685219902645453e-11
1.5675434350211697e-11
8.774536806327063e-12
4.632631336875791e-12
2.275159622936963e-12
1.019247615097295e-12
4.047952421908999e-13
1.3638694056812014e-13
3.616337060293281e-14
6.6230660864258405e-15
5.841965122673325e-16
9.849219403932436e-18
0.
9.356894998207277e-18
5.273872119617006e-16
5.602832237454597e-15
2.9451880715423735e-14
1.0572423941030766e-13
2.982380793410152e-13
7.135887390194579e-13
1.5140773969855091e-12
2.9303980414769452e-12
5.275596324997027e-12
8.958098145816314e-12
1.449420565894376e-11
2.2521383525427113e-11
3.380946905826963e-11
4.927229301523197e-11
6.997844252500438e-11
9.716146778584309e-11
1.3222873681721095e-10
1.7677037341541334e-10
2.325670573425498e-10
3.0159724888560106e-10
3.860436281378103e-10
4.882988766472241e-10
6.109709323511166e-10
7.568872960851841e-10
9.29098857959522e-10
1.1308834911271551e-9
1.365748551075906e-9
1.6374329733410245e-9
1.949908996552242e-9
2.3073834266056517e-9
2.7142984684706618e-9
3.1753313745205645e-9
3.695395377327427e-9
4.279638156917849e-9
4.933441752252288e-9
5.662420831455711e-9
6.472421674550673e-9
7.369520113721584e-9
8.360019561806273e-9
9.450448593460983e-9
1.064755909684041e-8
1.1958322571040308e-8
1.3389927916814166e-8
1.494977818302521e-8
1.6645487727241995e-8
1.848487791739368e-8
2.047597471864382e-8
2.2627004403445954e-8
2.4946390172309394e-8
2.744274836426697e-8
3.012488448966478e-8
3.300178920620183e-8
3.6082634802627234e-8
3.937677064446584e-8
4.2893719477268245e-8
4.664317315167241e-8
5.063498855448668e-8
5.487918364134337e-8
5.938593302191192e-8
6.416556421356141e-8
6.92285527923572e-8
7.458551911078429e-8
8.024722381111558e-8
8.622456380389075e-8
9.252856793815287e-8
9.917039325508796e-8
1.0616132082908133e-7
1.1351275208726555e-7
1.212362041669262e-7
1.293433068666958e-7
1.3784579808507706e-7
1.4675552052382196e-7
1.5608441743748168e-7
1.658445292070565e-7
1.7604798951788648e-7
1.8670702180914376e-7
1.9783393577397056e-7
2.094411235780884e-7
2.2154105624180173e-7
2.3414628107420204e-7
2.4726941727355566e-7
2.609231530249842e-7
2.75120242319412e-7
2.898735018270813e-7
3.0519580738171237e-7
3.211000911855961e-7
3.375993386253912e-7
3.547065854757006e-7
3.72434914602131e-7
3.9079745349589227e-7
4.098073713074098e-7
4.2947787593377137e-7
4.4982221160376007e-7
4.7085365573879255e-7
4.925855171988089e-7
5.150311328040181e-7
5.382038653515983e-7
5.621171014615723e-7
5.867842481410136e-7
