0.060927960257603234
0.062572594987542
0.06424963123513396
0.06595926498807383
0.06770167836903633
0.06947703929622918
0.07128550116085111
0.07312720252232967
0.07500226682216934
0.07691080211719513
0.07885290083293552
0.08082863953783746
0.08283807873895037
0.08488126269966842
0.08695821928005389
0.08906895980021354
0.09121347892712835
0.09339175458528019
0.0956037478913496
0.0978494031131941
0.100128647653245
0.10244139205639385
0.1047875300423718
0.10716693856255252
0.10957947788103929
0.11202499167983232
0.11450330718779902
0.11701423533310226
0.11955757091868081
0.12213309282030378
0.12474056420666507
0.12737973278091402
0.13005033104297017
0.13275207657190474
0.13548467232762265
0.13824780697102834
0.14104115520180593
0.14386437811291045
0.1467171235608123
0.14959902655051405
0.15250970963431568
0.1554487833232768
0.1584158465103022
0.161410486903753
0.16443228147046451
0.16748079688704673
0.17055558999832515
0.17365620828178022
0.17678219031683742
0.1799330662578689
0.18310835830976357
0.18630758120494786
0.18953024268073604
0.19277584395591987
0.19604388020552405
0.19933384103267499
0.202645210936562
0.20597746977550313
0.209330093224151
0.21270255322392514
0.2160943184257811
0.21950485462447963
0.22293362518355625
0.22638009145023472
0.22984371315958518
0.23332394882725982
0.23682025613020807
0.24033209227480076
0.24385891435187093
0.24740017967820616
0.2509553461240995
0.25452387242660224
0.25810521848819346
0.2616988456606142
0.2653042170136815
0.26892079758894605
0.2725480546380987
0.2761854578461007
0.2798324795390404
0.2834885948767855
0.287153282030534
0.2908260223454173
0.2945063004883604
0.2981936045814275
0.3018874263209393
0.30558726108268186
0.3092926080135554
0.3130029701100562
0.3167178542840129
0.32043677141602256
0.32415923639707345
0.32788476815885
0.3316128896932509
0.33534312806166994
0.33907501439459653
0.34280808388213
0.3465418757559912
0.35027593326364387
0.3540098036351399
0.35774303804330915
0.36147519155791974
0.3652058230944384
0.36893449535801415
0.37266077478331716
0.37638423147084665
0.38010443912032993
0.38382097496181206
0.38753341968503324
0.3912413573676868
0.3949443754031133
0.39864206442799993
0.4023340182506138
0.40601983378009804
0.4096991109573213
0.413371452687771
0.417036464776938
0.4206937558686396
0.42434293738667933
0.42798362348023844
0.4316154309733603
0.4352379793188527
0.4388508905569292
0.44245378927886125
0.44604630259589767
0.44962806011367573
0.45319869391232404
0.4567578385324263
0.4603051309669831
0.463840210659494
0.46736271950824054
0.47087230187682827
0.47436860461102703
0.47785127706190544
0.48131997111524816
0.4847743412272038
0.4882140444660946
0.4916387405602954
0.49504809195206056
0.49844176385716055
0.5018194243301666
0.5051807443351973
0.5085253978219307
0.5118530618066554
0.5151634164581257
0.5184561451879653
0.5217309347453475
0.5249874753156708
0.5282254606229283
0.5314445880354665
0.5346445586748081
0.5378250775272139
0.5409858535576418
0.5441265998257647
0.5472470336036889
0.5503468764950219
0.5534258545549317
0.5564836984108366
0.5595201433833581
0.5625349296071834
0.5655278021514707
0.568498511139442
0.5714468118668045
0.5743724649186533
0.5772752362845115
0.5801548974711634
0.5830112256129498
0.5858440035792114
0.5886530200785508
0.5914380697596199
0.5941989533081367
0.5969354775398424
0.5996474554891399
0.6023347064931439
0.6049970562709072
0.6076343369975865
0.610246387373334
0.6128330526867154
0.6153941848724604
0.6179296425633816
0.6204392911363037
0.6229230027518617
0.6253806563880479
0.6278121378673954
0.6302173398777148
0.6325961619863024
0.6349485106475644
0.6372742992040161
0.6395734478806288
0.6418458837725155
0.6440915408259607
0.6463103598128197
0.6485022882983168
0.6506672806023023
0.652805297754034
0.6549163074405582
0.6570002839487932
0.659057208101418
0.6610870671866959
0.6630898548823526
0.6650655711736709
0.6670142222659508
0.6689358204915042
0.6708303842113628
0.672697937711893
0.674538511096505
0.6763521401726729
0.678138866334471
0.679898736440854
0.681631802689901
0.6833381224892642
0.6850177583230576
0.6866707776154228
0.6882972525910307
0.6898972601327583
0.6914708816367985
0.6930182028654543
0.6945393137978787
0.6960343084790068
0.6975032848669481
0.6989463446790825
0.700363593237126
0.7017551393114116
0.7031210949646362
0.7044615753953221
0.7057766987812424
0.7070665861230397
0.708331361088284
0.7095711498561935
0.7107860809632526
0.7119762851499348
0.713141895208758
0.7142830458338709
0.7153998734723724
0.7164925161775633
0.7175611134643075
0.7186058061666912
0.7196267362981437
0.7206240469141842
0.7215978819779522
0.722548386228664
0.7234757050531335
0.7243799843604873
0.7252613704601927
0.72612000994351
0.7269560495684722
0.7277696361484834
0.728560916444624
0.7293300370617335
0.7300771443483408
0.7308023843005016
0.7315059024695864
0.732187843874065
0.7328483529153212
0.7334875732975142
0.734105647951511
0.7347027189628953
0.7352789275040472
0.7358344137703
0.7363693169201436
0.7368837750194662
0.737377924989798
0.7378519025605234
0.7383058422250243
0.7387398772007007
0.7391541393928207
0.739548759362138
0.739923866296213
0.7402795879843709
0.740616050796221
0.7409333796636574
0.7412316980662657
0.7415111280200396
0.7417717900693284
0.7420138032819148
0.7422372852471306
0.7424423520769159
0.7426291184097105
0.7427976974170881
0.7429482008130196
0.7430807388656618
0.7431954204115676
0.7432923528722047
0.7433716422726772
0.7434333932625388
0.743477709138592
0.7435046918695549
0.7435144421224968
0.7435070592909262
0.7434826415244237
0.743441285759717
0.7433830877530835
0.7433081421139826
0.7432165423398078
0.7431083808516613
0.742983749031043
0.7428427372573638
0.7426854349461754
0.7425119305880357
0.7423223117878974
0.7421166653049482
0.7418950770928042
0.7416576323399684
0.7414044155104785
0.74113551038466
0.7408510000999009
0.7405509671913838
0.7402354936326918
0.7399046608762254
0.7395585498933576
0.7391972412142724
0.7388208149674106
0.7384293509184807
0.7380229285089659
0.7376016268940833
0.7371655249801395
0.7367147014612382
0.7362492348552981
0.7357692035393312
0.7352746857839544
0.7347657597870862
0.7342425037068046
0.7337049956933314
0.733153313920114
0.7325875366139805
0.7320077420843464
0.7314140087514477
0.7308064151735876
0.7301850400733749
0.7295499623629469
0.7289012611681589
0.7282390158517352
0.7275633060353699
0.7268742116207785
0.7261718128096893
0.7254561901227787
0.7247274244175461
0.7239855969051323
0.7232307891660857
0.7224630831650796
0.7216825612645844
0.7208893062375097
0.7200834012788182
0.7192649300161231
0.718433976519285
0.7175906253090174
0.7167349613645125
0.7158670701301071
0.7149870375209987
0.7140949499280361
0.7131908942215915
0.7122749577545424
0.7113472283643733
0.7104077943744234
0.709456744594296
0.7084941683194522
0.707520155330009
0.7065347958887622
0.7055381807384574
0.7045304010983318
0.7035115486599438
0.7024817155823228
0.7014409944864489
0.7003894784490964
0.6993272609960595
0.6982544360947811
0.6971710981464114
0.6960773419773166
0.6949732628300623
0.6938589563538923
0.692734518594728
0.6916000459847087
0.690455635331295
0.6893013838059608
0.6881373889324908
0.6869637485749088
0.6857805609250575
0.6845879244898491
0.6833859380782097
0.6821747007877383
0.6809543119910977
0.6797248713221569
0.6784864786619133
0.6772392341241976
0.6759832380411973
0.6747185909488034
0.6734453935718068
0.6721637468089586
0.6708737517179099
0.669575509500053
0.668269121485271
0.6669546891166235
0.6656323139349735
0.6643020975635757
0.6629641416926388
0.661618548063876
0.6602654184550596
0.658904854664589
0.6575369584960864
0.6561618317430343
0.6547795761734628
0.6533902935147039
0.6519940854382162
0.6505910535444968
0.6491812993480888
0.6477649242626906
0.6463420295863836
0.644912716486979
0.6434770859874991
0.6420352389517954
0.6405872760703172
0.6391332978460301
0.637673404580503
0.636207696360156
0.6347362730426876
0.6332592342436808
0.6317766793233937
0.6302887073737441
0.6287954172054866
0.6272969073355924
0.625793275974832
0.6242846210155708
0.6227710400197685
0.6212526302072027
0.6197294884439062
0.6182017112308268
0.6166693946927108
0.6151326345672117
0.613591526194228
0.6120461645054712
0.6104966440142628
0.608943058805565
0.6073855025262449
0.605824068375574
0.6042588490959594
0.6026899369639139
0.6011174237812587
0.599541400866565
0.5979619590468261
0.5963791886493703
0.594793179494003
0.5932040208853867
0.5916118016056519
0.590016609907241
0.5884185335059832
0.5868176595743995
0.5852140747352347
0.5836078650552191
0.5819991160390527
0.5803879126236169
0.5787743391724031
0.5771584794701661
0.5755404167177927
0.5739202335273877
0.5722980119175736
0.5706738333090016
0.5690477785200694
0.5674199277628519
0.5657903606392308
0.5641591561372277
0.5625263926275386
0.5608921478602615
0.5592564989618222
0.5576195224320879
0.5559812941416712
0.5543418893294196
0.552701382600089
0.5510598479221958
0.5494173586260463
0.5477739874019436
0.5461298062985614
0.5444848867214895
0.5428392994319444
0.5411931145456417
0.5395464015318295
0.5378992292124797
0.5362516657616264
0.534603778704865
0.5329556349189913
0.5313073006317912
0.5296588414219654
0.5280103222192005
0.5263618073043715
0.5247133603098794
0.5230650442201165
0.521416921372062
0.5197690534560003
0.518121501516361
0.5164743259526771
0.5148275865206586
0.5131813423333821
0.5115356518625859
0.5098905729400758
0.5082461627592352
0.5066024778766336
0.504959574213741
0.5033175070587322
0.501676331068388
0.5000361002700884
0.49839686806389216
0.49675868722470584
0.4951216099045312
