0.0010707005129752872
0.000607848567533394
0.00039412753340867105
0.00027350539390129825
0.00019810517229184546
0.00014786442758450358
0.00011286926528992031
0.00008767819120827088
0.00006907614930395155
0.00005505632486603083
0.000044311444065235006
0.000035960263082325294
0.000029391780816742894
0.0000241722691237452
0.000019987609465210115
0.0000166063475376025
0.000013855356112729371
0.000011603413881720033
9.749890601214374e-6
8.216805066580057e-6
6.943158059140785e-6
5.880828625017812e-6
4.991562769495457e-6
4.244737079705959e-6
3.615679627846874e-6
3.084396650105944e-6
2.6345980661987594e-6
2.252945397914124e-6
1.928466799860825e-6
1.6520987858403943e-6
1.4163247942296286e-6
1.2148883590370552e-6
1.0425641551601327e-6
8.949742463457325e-7
7.684398619616667e-7
6.598612609542587e-7
5.666199177052728e-7
4.864985553939065e-7
4.1761549981024666e-7
3.583705929060359e-7
3.074004683188183e-7
2.6354144889611994e-7
2.257986623378028e-7
1.9332026331159564e-7
1.6537584930268401e-7
1.413383456112657e-7
1.2066875570380483e-7
1.0290329970748254e-7
8.76425358671125e-8
7.454214293014209e-8
6.330509229879464e-8
5.367498612248054e-8
4.543037840163042e-8
3.837992709697355e-8
3.235824232037456e-8
2.722233388444063e-8
2.2848559645276485e-8
1.9130003206517367e-8
1.597421909659482e-8
1.3301287884354708e-8
1.104213962273359e-8
9.137105573449947e-9
7.534665570161198e-9
6.190366028589845e-9
5.06587922136915e-9
4.128191429458837e-9
3.348896543766418e-9
2.7035828836613958e-9
2.1713022943656204e-9
1.7341060354684462e-9
1.3766438290017055e-9
1.0858134328473105e-9
8.504564677504086e-10
6.610940032999405e-10
5.096957232300787e-10
3.894789182489885e-10
2.9473544681476843e-10
2.206784028074606e-10
1.6331085839643747e-10
1.1931141514312822e-10
8.59340484546778e-11
6.09217746381336e-11
4.2432347375491466e-11
2.8972171019664604e-11
1.9341009826507477e-11
1.2584228611843795e-11
7.949210110726877e-12
4.851812926364206e-12
2.8439570110402086e-12
1.5883879060235454e-12
8.367552263384883e-13
4.100941786152512e-13
1.832998626662149e-13
7.25709272392926e-14
2.4400308716016284e-14
6.507201736440184e-15
1.1401824211126294e-15
1.0362309035775243e-16
1.7366225407203558e-18
0.
1.6497044538495814e-18
9.353084676131495e-17
9.779463793612703e-16
5.345070228588433e-15
1.882937364991911e-14
5.3509057838875744e-14
1.2829267786889393e-13
2.7255371107047404e-13
5.285117706875856e-13
9.534237276016148e-13
1.6217701610723866e-12
2.62874090126184e-12
4.091888998810935e-12
6.153378764978951e-12
8.982815230305192e-12
1.277953554655001e-11
1.7773467660294554e-11
2.4228770850912913e-11
3.24444825312373e-11
4.275638917975295e-11
5.553967751177124e-11
7.120881430998741e-11
9.022065199349278e-11
1.1307454512891634e-10
1.403136996268093e-10
1.7252731376137797e-10
2.1035018381132096e-10
2.5446444088923006e-10
3.056000920226662e-10
3.6453614562675527e-10
4.3210077084823453e-10
5.09172270905882e-10
5.966790977876435e-10
6.956009103509274e-10
8.069689030256741e-10
9.31865408575313e-10
1.0714247766615003e-9
1.2268333109937943e-9
1.3993302665710428e-9
1.5902061352369207e-9
1.8008042176094753e-9
2.0325205991330056e-9
2.2868027549028054e-9
2.565151226637557e-9
2.869118378958792e-9
3.2003084560710247e-9
3.5603776087083765e-9
3.9510334492814224e-9
4.374035025320714e-9
4.831192546898336e-9
5.324367091790362e-9
5.855469845916069e-9
6.426462434899337e-9
7.0393565718464725e-9
7.696213022707575e-9
8.399141666868515e-9
9.15030087783378e-9
9.951897779458123e-9
1.0806187158361552e-8
1.1715470809900572e-8
1.268209820683195e-8
1.3708464716810014e-8
1.4797011810457112e-8
1.5950226596267314e-8
1.717064157126987e-8
1.8460833477933803e-8
1.9823423044326095e-8
2.1261075164059282e-8
2.277649707411503e-8
2.437243941607137e-8
2.6051694186042292e-8
2.7817095346966117e-8
2.967151788484591e-8
3.161787752980841e-8
3.365912958806376e-8
3.579826910557915e-8
3.803833036540969e-8
4.0382385719012266e-8
4.283354575023847e-8
4.5394958551849936e-8
4.806980855890095e-8
5.0861317603771616e-8
5.377274241992048e-8
5.680737569999607e-8
5.996854449125486e-8
6.325961125754293e-8
6.668397094667344e-8
7.024505250105275e-8
7.394631815036298e-8
7.779126159666526e-8
8.178340886680501e-8
8.592631672520766e-8
9.022357397624677e-8
9.467879855085786e-8
9.929563859312965e-8
1.0407777199585206e-7
1.0902890527327475e-7
1.1415277332544644e-7
1.1945313853990325e-7
1.2493379189528445e-7
