1.2493379189528445e-7
1.384203424831674e-7
1.5330605847250302e-7
1.6972965066098322e-7
1.878428780019978e-7
2.078117011939779e-7
2.2981752868014306e-7
2.5405856859168383e-7
2.80751285030442e-7
3.101319743882055e-7
3.424584658549024e-7
3.7801195584072883e-7
4.17098986523405e-7
4.6005357901666294e-7
5.072395295189904e-7
5.590528811249765e-7
6.159245856609595e-7
6.783233620588102e-7
7.467587717147225e-7
8.217845170330568e-7
9.04001987102825e-7
9.940640571376355e-7
1.092679162541997e-6
1.2006156636205642e-6
1.3187065214428055e-6
1.4478542956762343e-6
1.5890364959358101e-6
1.7433112947575085e-6
1.9118236346149006e-6
2.0958117410864093e-6
2.2966140739451154e-6
2.515676734749116e-6
2.754561359190142e-6
3.0149535179265085e-6
3.298671654195935e-6
3.6076765879593386e-6
3.944081608890183e-6
4.310163197724028e-6
4.708372398025947e-6
5.141346875155439e-6
5.611923691922367e-6
6.123152838214623e-6
6.678311544976452e-6
7.280919418858785e-6
7.934754433322211e-6
8.643869815830524e-6
9.412611862141473e-6
0.000010245638721332851
0.000011147940187342073
0.000012124858535530914
0.000013182110445224518
0.00001432581004798281
0.000015562493137644175
0.000016899142591251014
0.000018343215027414115
0.00001990266875931183
0.000021585993063437256
0.000023402238821848593
0.000025361050565360855
0.000027472699960202007
0.0000297481207778483
0.000032198945384589615
0.00003483754278429764
0.00003767705825685699
0.000040731454618252474
0.00004401555514076489
0.000047545088163167345
0.000051336733418301146
0.00005540817010806973
0.00005977812674970979
0.00006446643281619096
0.00006949407219239365
0.00007488323846269476
0.00008065739204580337
0.00008684131919075307
0.00009346119283536579
0.00010054463534107269
0.00010812078309547443
0.00011622035298665824
0.00012487571073752367
0.00013412094109063557
0.00014399191982265893
0.00015452638757353361
0.00016576402545662508
0.00017774653242137975
0.0001905177043313981
0.00020412351470934474
0.00021861219710671268
0.00023403432903463235
0.00025044291739952595
0.00026789348536971556
0.0002864441606015177
0.0003061557647378307
0.0003270919040921492
0.00034931906141916387
0.0003729066886648308
0.00039792730058742275
0.00042445656912578077
0.0004525734183840985
0.00048236012010311884
0.0005139023894635796
0.0005472894810779392
0.0005826142849999184
0.0006199734225889175
0.0006594673420465703
0.0007012004134394171
0.0007452810230128602
0.0007918216665931685
0.0008409390418625671
0.0008927541392929511
0.000947392331505063
0.0010049834608172868
0.0010656619247457332
0.0011295667591975323
0.0011968417191037652
0.0012676353562276145
0.0013421010938726963
0.0014203972982158022
0.001502687345982708
0.0015891396881772078
0.001679927909570528
0.001775230783652579
0.0018752323227502078
0.0019801218230012714
0.0020900939038865558
0.002205348542008979
0.002326091098811588
0.002452532341931628
0.002584888459881531
0.002723381069751913
0.0028682372176384824
0.003019689371493974
0.0031779754061099447
0.003343338579949233
0.0035160275035400796
0.0036962960991665794
0.0038844035515926637
0.004080614249562544
0.0042851977178432555
0.004498428539574969
0.004720586268715772
0.0049519553323832035
0.005192824922904703
0.005443488879409674
0.005704245558814973
0.005975397696071733
0.0062572522535645865
0.006550120259568833
0.006854316635707133
0.007170160013348071
0.007497972538938858
0.007838079668266171
0.008190809949676386
0.008556494796310703
0.00893546824743742
0.009328066718984753
0.009734628743414906
0.010155494699098995
0.010591006529386725
0.011041507451587537
0.011507341656115081
0.01198885399606791
0.012486389667551596
0.013000293881077029
0.013530911524390706
0.014078586817128372
0.014643662957705965
0.015226481762884773
0.015827383300480596
0.016446705515704315
0.017084783851652387
0.01774195086447822
0.018418535833809733
0.01911486436898584
0.01983125801171764
0.020568033835782946
0.02132550404439601
0.022103975565889465
0.02290374964838287
0.02372512145409934
0.024568379654025033
0.025433806023593335
0.026321675040101297
0.027232253482559664
0.028165800034681308
0.029122564891721905
0.030102789371878817
0.03110670553295292
0.0321345357949794
0.03318649256951982
0.034262777896306856
0.03536358308791851
0.03648908838315125
0.03763946260974246
0.038814862857085616
0.040015434159560714
0.04124130919108145
0.04249260797144696
0.043769437585059204
0.045071891912551836
0.04640005137584251
0.04775398269710127
0.049133738672103376
0.05053935795839867
0.051970864878711553
0.05342826923994851
0.05491156616815734
0.05642073595976366
0.0579557439493623
0.05951654039432134
0.061103060376414255
0.0627152237206688
0.06435293493158525
0.06601608314684088
0.06770454210856643
0.06941817015224215
0.07115681021323762
0.07292028985096803
0.07470842129062528
0.07652100148239548
0.07835781217804798
0.08021862002475069
0.08210317667592744
0.08401121891895198
0.08594246881943658
0.08789663388184837
0.08987340722615184
0.09187246778016078
0.09389348048724327
0.09593609652900863
0.09799995356257442
0.10008467597199588
0.10218987513341174
0.10431514969344405
0.10646008586037167
0.10862425770757714
0.11080722748875
0.11300854596431932
0.11522775273856853
0.11746437660687932
0.1197179359125361
0.12198793891251533
0.12427388415167923
0.12657526084477827
0.12889154926567115
0.13122222114316198
0.13356674006285307
0.13592456187440735
0.13829513510362482
0.14067790136872296
0.1430722958002284
0.14547774746388065
0.14789367978596077
0.15031951098045884
0.15275465447750175
0.1551985193524737
0.1576505107552687
0.16011003033912496
0.1625764766885016
0.1650492457454668
0.16752773123408787
0.17001132508231634
0.17249941784088133
0.17499139909871655
0.17748665789446152
0.17998458312359888
0.18248456394079068
0.18498599015701406
0.18748825263109192
0.18999074365525215
0.19249285733434685
0.194993989958397
0.19749354036813385
0.19999091031323543
0.20248550480296712
0.20497673244895961
0.2074640057998699
0.20994674166769542
0.21242436144552387
0.21489629141652067
0.21736196305397798
0.21982081331225573
0.2222722849084841
0.22471582659488049
0.22715089342158845
0.22957694698993175
0.2319934556960121
0.23439989496458707
0.236795747473178
0.2391805033663824
0.2415536604603658
0.2439147244375424
0.24626320903143636
0.24859863620177242
0.2509205362998102
0.253228448223985
0.255521919565915
0.257800506746844
0.26006377514460227
0.26231129921119
0.2645426625810709
0.2667574581703054
0.268955288266635
0.27113576461065264
0.27329850846819603
0.27544315069411485
0.2775693317875533
0.27967670193892014
0.28176492106870554
0.28383365885830797
0.28588259477306205
0.2879114180776364
0.28991982784398346
0.29190753295203936
0.29387425208335777
0.2958197137078671
0.29774365606396247
0.29964582713210797
0.3015259846021717
0.3033838958346791
0.3052193378161903
0.30703209710900725
0.3088219697954092
0.31058876141661806
0.3123322869067041
0.31405237052161833
0.31574884576356776
0.3174215553009218
0.3190703508838524
0.32069509325590045
0.3222956520616707
0.32387190575083386
0.3254237414786392
0.3269510550031119
0.3284537505791346
0.32993174084957916
0.3313849467336771
0.3328132973128045
0.334216729713847
0.3355951889903193
0.33694862800140474
0.3382770072890751
0.33958029495344966
0.3408584665265462
0.34211150484458136
0.34333939991896056
0.3445421488061043
0.3457197554762497
0.34687223068136475
0.3479995918223032
0.3491018628153322
0.3501790739581522
0.35123126179553477
0.3522584689846878
0.35326074416046593
0.35423814180053154
0.3551907220905704
0.35611855078966326
0.3570216990959144
0.35790024351241906
0.3587542657136741
0.3595838524125015
0.3603890952275815
0.36117009055166377
0.3619269394205351
0.3626597473828164
0.3633686243706524
0.3640536845713648
0.3647150463001278
0.36535283187372164
0.36596716748542213
0.3665581830810778
0.36712601223642716
0.3676707920356927
0.368192662951505
0.36869176872619197
0.36916825625447375
0.3696222754675952
0.37005397921893357
0.3704635231711047
0.3708510656846041
0.37121676770799755
0.37156079266969644
0.37188330637132844
0.3721844768827279
0.37246447443856273
0.37272347133660794
0.3729616418376842
0.3731791620672704
0.37337620991879883
0.3735529649586378
0.3737096083327763
0.3738463226752049
0.37396329201800144
0.3740607017031207
0.3741387382958923
0.37419758950021603
0.37423744407546267
0.3742584917550697
0.37426092316682785
0.3742449297548568
0.3742107037032528
0.37415843786141256
0.374088325671016
0.3740005610946577
0.37389533854612145
0.373772852822281
0.37363329903661746
0.3734768725543385
0.37330376892908734
0.3731141838412246
0.3729083130376685
0.37268635227328145
0.3724484972537811
0.372194943580161
0.37192588669460763
0.3716415218278919
0.3713420439482178
0.3710276477115114
0.37069852741313025
0.3703548769409767
0.3699968897299928
0.36962475871801975
0.3692386763030009
0.36883883430150866
0.3684254239085794
0.36799863565882857
0.3675586593888331
0.3671056842007543
0.3666398984271919
0.36616148959723355
0.3656706444036918
0.3651675486715035
0.36465238732727034
0.36412534436992244
0.3635866028424823
0.3630363448049118
0.36247475130801776
0.36190200236840064
0.36131827694442387
0.360723752913181
0.36011860704844817
0.3595030149995937
0.35887715127143327
0.35824118920500014
0.35759530095922976
0.35693965749351336
0.3562744285511289
0.35559978264350817
0.3549158870353375
0.3542229077304623
0.3535210094585838
0.35281035566272867
0.3520911084874681
0.35136342876788207
0.35062747601922994
0.3498834084273361
0.3491313828396495
0.3483715547569765
0.3476040783258631
0.3468291063316108
0.34604679019191276
0.34525727995109246
0.34446072427492513
0.3436572704460361
0.3428470643598505
0.3420302505210872
0.34120697204077693
0.3403773706337908
0.3395415866168703
0.33869975890713533
0.3378520250210653
0.3369985210739347
0.3361393817796893
0.33527474045125355
0.3344047290012544
0.3335294779431454
0.3326491163927261
0.3317637720700366
0.33087357130162137
0.3299786390231456
0.32907909878235675
0.328175072742379
0.3272666816853265
0.3263540450162248
0.3254372807672391
0.3245165056021839
0.3235918348213126
0.3226633823663813
0.3217312608259628
0.3207955814410171
0.3198564541106969
0.31891398739838794
0.3179682885379652
0.3170194634402679
0.31606761669977296
0.31511285160146996
0.3141552701279175
0.31319497296648535
0.3122320595167606
0.31126662789812565
