3.2025912453363156e-10
3.682862228150496e-10
4.233169201586225e-10
4.8634099772016e-10
5.584838335220595e-10
6.410235351038807e-10
7.354115188668029e-10
8.432941218393003e-10
9.665386324320245e-10
1.1072607179417751e-9
1.2678580316670497e-9
1.4510434950901362e-9
1.6598873341857943e-9
1.8978607840696364e-9
2.168887303451319e-9
2.4773969795830583e-9
2.828391631021686e-9
3.227512191963082e-9
3.6811197933442965e-9
4.1963807153558774e-9
4.7813654524942695e-9
5.445155124564962e-9
6.197964329705962e-9
7.0512738761589725e-9
8.017980044889192e-9
9.112560498091584e-9
1.0351258415333838e-8
1.1752285474148215e-8
1.3336048445506518e-8
1.512539923665707e-8
1.714591083836609e-8
1.9426185160111016e-8
2.1998188733120932e-8
2.489762825209272e-8
2.8164360404807603e-8
3.184284712919104e-8
3.59826546136313e-8
4.063900397794082e-8
4.587337567041086e-8
5.1754174837247716e-8
5.8357461503142384e-8
6.576775022531555e-8
7.407888939298449e-8
8.339502233304565e-8
9.38316401614859e-8
1.0551673235594238e-7
1.1859204641281584e-7
1.3321445960051543e-7
1.4955747970057784e-7
1.6781287733703123e-7
1.8819246709737366e-7
2.1093004485564108e-7
2.362834938214005e-7
2.6453707431683335e-7
2.960039107951488e-7
3.310286888202898e-7
3.6999057685045535e-7
4.1330639603681384e-7
4.6143404610922525e-7
5.148762122834387e-7
5.741843692565539e-7
6.39963106834988e-7
7.128747926996194e-7
7.936446001122055e-7
8.830659233683716e-7
9.820062014869286e-7
1.0914131860902478e-6
1.2123216691600337e-6
1.3458607080602637e-6
1.4932613727392952e-6
1.655865049974765e-6
1.8351323343775395e-6
2.0326525384923506e-6
2.2501538631624547e-6
2.4895142554951316e-6
2.7527729998893835e-6
3.042143076157519e-6
3.360024324631874e-6
3.709017461307879e-6
4.09193898652767e-6
4.5118370226750145e-6
4.972008137350649e-6
5.47601518457812e-6
6.027706221228582e-6
6.631234536223797e-6
7.291079849440099e-6
8.012070720752827e-6
8.79940822105114e-6
9.658690919888891e-6
0.000010595941227389788
0.000011617633154806388
0.000012730721530594539
0.000013942672730243544
0.000015261496966680534
0.000016695782188682875
0.000018254729636058913
0.00001994819110348212
0.000021786707949369152
0.000023781551906444487
0.000025944767727158052
0.000028289217711377073
0.00003082862815536902
0.00003357763775465896
0.00003655184800020393
0.000039767875597267665
0.00004324340693427027
0.000046997254627606825
0.00005104941616332363
0.00005542113464869799
0.000060134961694846584
0.00006521482242330291
0.00007068608261320094
0.00007657561797714511
0.00008291188555385441
0.00008972499721448304
0.00009704679524252463
0.0001049109299756373
0.00011335293945726587
0.000122410331068026
0.00013212266507112863
0.00014253164002434648
0.00015368117997726204
0.00016561752338649626
0.00017838931365115246
0.00019204769118379728
0.0002066463868974616
0.00022224181700249303
0.00023889317897907356
0.00025666254859562114
0.0002756149778157209
0.00029581859344469545
0.00031734469633833736
0.00034026786100053633
0.0003646660353706421
0.0003906206406063563
0.0004182166706428787
0.00044754279130691175
0.00047869143874938155
0.0005117589169548014
0.0005468454940651208
0.0005840554972610829
0.0006234974059166683
0.0006652839427478917
0.000709532162660912
0.000756363538995297
0.0008059040468547458
0.000858284243206791
0.0009136393434256083
0.0009721092939549899
0.0010338388407442234
0.0010989775931303455
0.0011676800828158797
0.0012401058175963576
0.0013164193294975637
0.0013967902169651077
0.001481393180766956
0.0015704080532623157
0.0016640198206868703
0.0017624186381279623
0.0018657998368459127
0.00197436392361797
0.0020883165717890785
0.0022078686037136828
0.002333235964288839
0.002464639685297739
0.0026023058402797387
0.0027464654896681394
0.0028973546159539927
0.0030552140486434566
0.0032202893787976286
0.003392830862969341
0.003573093316357063
0.0037613359950377113
0.0039578224671444106
0.004162820472889025
0.004376601773356074
0.0045994419880115095
0.004831620420905938
0.005073419875571287
0.005325126458646243
0.0055870293722898355
0.005859420695466162
0.006142595154232012
0.0064368498811647155
0.006742484164115967
0.007059799184502279
0.007389097745370313
0.007730683989512521
0.008084863107928919
0.008451941038974037
0.008832224158542835
0.009226018961692556
0.009633631736115693
0.010055368227908453
0.010491533300115116
0.010942430584538644
0.011408362127347435
0.011889628029022785
0.012386526079217858
0.012899351387118492
0.013428396007917074
0.013973948566023587
0.014536293875666852
0.015115712559536776
0.015712480666146517
0.016326869286594207
0.016959144171421907
0.017609565348268505
0.018278386741027643
0.01896585579121606
0.01967221308227109
0.020397691967483467
0.021142518202279484
0.0219069095815566
0.022691075582774813
0.02349521701549174
0.024319525678028565
0.025164184021933954
0.02602936482490249
0.026915230872794172
0.027821934651371946
0.028749618048367384
0.029698412066463682
0.03066843654774554
0.03165979991017418
0.03267259889658731
0.03370691833672285
0.03476283092271893
0.035840396998536264
0.03693966436369115
0.03806066809168617
0.039203430363471264
0.040367960316251075
0.041554253907913535
0.04276229379732315
0.043992049240695025
0.04524347600421951
0.04651651629308819
0.047811098697024865
0.04912713815239883
0.050464535920961
0.05182317958521288
0.053202943060375575
0.054603686622907044
0.05602525695547182
0.05746748720823732
0.05893019707634923
0.060413192893387355
0.061916267740603215
0.06343920157167678
0.0649817613527327
0.06654370121731211
0.06812476263597421
0.06972467460017584
0.0713431538200621
0.07297990493576421
0.07463462074179109
0.0763069824240781
0.07799665980923993
0.07970331162554638
0.08142658577514704
0.08316611961702684
0.08492154026019182
0.0866924648665466
0.08847850096293336
0.09027924676178471
0.09209429148983476
0.09392321572433562
0.09576559173620626
0.0976209838395559
0.09948894874700738
0.10136903593025016
0.10326078798525845
0.10516374100160189
0.1070774249352869
0.10900136398456665
0.11093507696816883
0.11287807770538151
0.1148298753974714
0.11678997500988507
0.11875787765471907
0.12073308097293997
0.12271507951585464
0.12470336512533288
0.12669742731231284
0.1286967536331095
0.13070083006308622
0.13270914136724465
0.13472117146730853
0.13673640380489738
0.13875432170038962
0.14077440870710778
0.142796148960458
0.14481902752168063
0.14684253071588824
0.1488661464640764
0.15088936460881594
0.1529116772333504
0.15493257897383844
0.15695156732450222
0.15896814293545
0.16098180990297545
0.1629920760521347
0.16499845321142734
0.16700045747942946
0.16899760948323245
0.1709894346285637
0.17297546334148017
0.17495523130154336
0.17692827966639035
0.17889415528764543
0.18085241091811818
0.18280260541025542
0.1847443039058198
0.1866770780167986
0.18860050599753428
0.19051417290810269
0.19241767076896638
0.19431059870693926
0.1961925630925241
0.19806317766867038
0.19992206367104204
0.2017688499398641
0.20360317302344172
0.2054246772734609
0.20723301493216367
0.2090278462115278
0.2108088393645618
0.21257567074885708
0.214328024882523
0.21606559449265048
0.21778808055645568
0.21949519233525022
0.22118664740139407
0.2228621716584013
0.22452149935435062
0.22616437308877746
0.22779054381321895
0.229399770825577
0.23099182175848185
0.23256647256183355
0.23412350747969685
0.23566271902173053
0.23718390792932992
0.23868688313667116
0.24017146172682682
0.24163746888314214
0.2430847378360546
0.24451310980552576
0.2459224339392782
0.2473125672470052
0.2486833745307343
0.25003472831152346
0.2513665087526527
0.2526786035794964
0.2539709079962329
0.2552433245995676
0.2564957632896294
0.25772814117820636
0.2589403824944737
0.26013241848838
0.26130418733183636
0.2624556340178639
0.2635867102578507
0.2646973743770504
0.26578759120848094
0.2668573319853461
0.2679065742321208
0.2689353016544353
0.26994350402787837
0.2709311770858482
0.27189832240656775
0.27284494729939307
0.2737710646905108
0.27467669300815
0.27556185606740946
0.276426582954799
0.27727090791260817
0.27809487022318097
0.2788985140932033
0.27968188853808773
0.28044504726654
0.28118804856539015
0.281910955184776
0.28261383422373726
0.28329675701631524
0.28395979901820945
0.28460303969406864
0.2852265624054746
0.2858304542996819
0.2864148061991692
0.28697971249206095
0.28752527102346226
0.2880515829877683
0.288558752821983
0.2890468881001003
0.28951609942858136
0.2899665003429697
0.29039820720568366
0.2908113391050099
0.29120601775534494
0.29158236739869564
0.2919405147074784
0.29228058868864104
0.2926027205891217
0.29290704380267235
0.2931936937780661
0.2934628079287009
0.293714525543617
0.2939489876999418
0.29416633717677326
0.2943667183705089
0.29455027721163607
0.29471716108298296
0.294867518739437
0.2950015002291383
0.29511925681615037
0.2952209409046023
0.2953067059643127
0.29537670645788744
0.2954310977692916
0.2954700361338917
0.29549367856996483
0.2955021828116668
0.29549570724345625
0.2954744108359668
0.2954384530833181
0.29538799394185716
0.29532319377032124
0.2952442132714138
0.29515121343477746
0.2950443554813576
0.29492380080914465
0.2947897109402729
0.29464224746948003
0.2944815720138957
0.29430784616415573
0.2941212314368258
0.29392188922811613
0.29370998076887495
0.2934856670808446
0.2932491089341627
0.2930004668060943
0.2927399008409772
0.292467570811361
0.29218363608033426
0.2918882555650013
0.29158158770111553
0.29126379040883504
0.2909350210595885
0.29059543644403585
0.290245192741101
0.28988444548806364
0.2895133495516888
0.28913205910037837
0.28874072757732505
0.2883395076746522
0.28792855130852185
0.2875080095951913
0.2870780328280021
0.28663877045528185
0.286190371059147
0.2857329823351782
0.2852667510729585
0.284791823137462
0.28430834345125916
0.2838164559775382
0.28331630370391725
0.28280802862703097
0.28229177173787495
0.28176767300789607
0.28123587137580397
0.280696504735093
0.28014970992225874
0.2795956227056887
0.27903437777521717
0.27846610873231953
0.27789094808094794
0.2773090272189678
0.276720476430204
0.2761254248770685
0.27552400059375565
0.27491633047999736
0.27430254029535667
0.2736827546540476
0.2730570970202706
0.2724256897040472
0.27178865385753687
0.27114610947183404
0.2704981753742148
0.2698449692258401
0.2691866075198851
0.2685232055800972
0.2678548775597572
0.2671817364410414
0.26650389403476926
0.26582146098052245
0.265134546747129
0.26444325963349863
0.2637477067697962
0.2630479941189474
