0.19011917691136906
0.19542646068145375
0.20084535247990803
0.20637681120889567
0.21202175536794593
0.2177810615971461
0.22365556325282362
0.22964604901852587
0.23575326155419357
0.24197789618634205
0.24832059964185943
0.2547819688281232
0.2613625496618961
0.2680628359494575
0.27488326832025994
0.2818242332162621
0.288886061939088
0.29606902975686755
0.30337335507258645
0.3107991986555823
0.318346662937742
0.3260157913756718
0.33380656788012375
0.3417189163136672
0.34975270005751435
0.3579077216482328
0.3661837224848539
0.3745803826068502
0.3830973205431568
0.39173409323232744
0.4004901960137536
0.40936506268969164
0.4183580656576901
0.42746851611287184
0.43669566431938067
0.4460386999501319
0.4554967524938738
0.4650688917284658
0.4747541282591081
0.48455141412012587
0.49445964343886234
0.5044776531600393
0.5146042238288799
0.5248380804312073
0.5351778932885904
0.5456222790065901
0.556169801474002
0.5668189729110092
0.5775682549640229
0.5884160598449928
0.5993607515128316
0.6104006468947355
0.6215340171449094
0.6327590889383642
0.6440740457973878
0.6554770294482272
0.6669661412055795
0.678539443382451
0.6901949607229683
0.7019306818557062
0.713744560765225
0.725634518279309
0.7375984435697284
0.7496341956640992
0.7617396049666373
0.7739124747855822
0.7861505828651015
0.7984516829195482
0.810813506168033
0.8232337628672717
0.8357101438407624
0.8482403220024113
0.8608219538727832
0.873452681086204
0.8861301318870591
0.8988519226136165
0.9116156591678845
0.92441893846999
0.937259349895689
0.9501344766956625
0.9630418973953594
0.975979187174187
0.9889439192229499
1.0019336660784743
1.0149460009344644
1.0279784989276912
1.0410287383986951
1.0540943021262001
1.0671727785346106
1.0802617628739073
1.093358858371409
1.1064616773549047
1.1195678423466957
1.1326749871282165
1.1457807577748256
1.1588828136606215
1.1719788284329833
1.1850664909567035
1.1981435062276367
1.2112075962557625
1.2242565009176587
1.2372879787784723
1.2502998078833656
1.263289786518632
1.2762557339426053
1.2891954910865375
1.3021069212257024
1.3149879106209408
1.3278363691309618
1.3406502307957
1.353427454391078
1.3661660239555127
1.3788639492886046
1.3915192664223626
1.4041300380654052
1.416694354020637
1.4292103315767801
1.441676115874288
1.4540898802461197
1.4664498265338768
1.478754185379809
1.491001216495206
1.5031892089057215
1.5153164811741264
1.5273813816010715
1.5393822884043897
1.5513176098774526
1.5631857845271677
1.57498528119217
1.586714599141708
1.5983722681558217
1.6099568485873283
1.6214669314061951
1.6329011382267846
1.6442581213185696
1.6555365636007988
1.6667351786216866
1.677852710522613
1.6888879339878726
1.6998396541804608
1.7107067066644335
1.7214879573142912
1.732182302211926
1.7427886675315523
1.7533060094131634
1.7637333138248903
1.7740695964148214
1.7843139023526222
1.7944653061614646
1.804522911540679
1.8144858511794961
1.824353286562383
1.834124407766267
1.8437984332501174
1.853374609637211
1.862852211490488
1.872230541081339
1.8815089281521655
1.8906867296730843
1.899763329593081
1.908738138585942
1.9176105937912844
1.9263801585509748
1.9350463221412473
1.9436085995007795
1.952066530955054
1.960419681937187
1.968667642705594
1.9768100280586292
1.9848464770465308
1.9927766526808521
2.0006002416416284
2.008316953982484
2.0159265228338983
2.023428704104834
2.03082327618291
2.038110039633315
2.0452888168966554
2.052359451985883
2.059321810182482
2.0661757777321
2.0729212615397286
2.079558188864625
2.0860865070150845
2.0925061830432368
2.0988172034399577
2.1050195738300297
2.111113318667699
2.11709848093272
2.1229751218269888
2.1287433204718815
2.1344031736064153
2.1399547952862936
2.145398316583943
2.150733885289643
2.155961665613794
2.16108183789045
2.1660945982821542
2.1710001584861587
2.1757987454421106
2.180490601041248
2.185075981837184
2.1895551587583384
2.193928416822046
2.198196054850432
2.202358385188078
2.206415733421542
2.210368438100758
2.214216850462381
2.2179613341551025
2.2216022649669713
2.2251400305547757
2.228575030175501
2.231907674419898
2.235138384948202
2.2382675942280175
2.2412957452744133
2.2442232913922293
2.2470506959206427
2.2497784319799896
2.252406982220901
2.25493683857572
2.2573685020122727
2.2597024822899687
2.2619392977182593
2.2640794749174944
2.2661235485821325
2.2680720612463845
2.2699255630522486
2.2716846115199774
2.273349771320969
2.274921614053115
2.2764007180185777
2.2777876680040396
2.279083055063402
2.280287476302961
2.281401534669056
2.2824258387381855
2.28336100250961
2.2842076452004427
2.2849663910432194
2.2856378690859533
2.286222712994682
2.2867215608585063
2.287135054997112
2.287463841770781
2.2877085713928937
2.287869897744912
2.2879484781938473
2.2879449734122095
2.2878600472004402
2.2876943663118077
2.2874486002797827
2.287123421247882
2.28671950380196
2.2862375248049758
2.2856781632341963
2.28504210002085
2.2843300178922172
2.283542601216158
2.282680535848055
2.281744508980177
2.2807352089934563
2.2796533253116613
2.2784995482579555
2.277274568913857
2.275979078980545
2.274613770642559
2.2731793364338246
2.271676469106038
2.2701058614993808
2.268468206415545
2.2667641964930825
2.264994524085032
2.2631598811388547
2.2612609590786215
2.2592984486894645
2.2572730400042857
2.2551854221926804
2.2530362834520967
2.250826310901185
2.2485561904753464
2.246226606824454
2.243838243212732
2.2413917814207847
2.2388879016497483
2.236327282427561
2.2337106005173326
2.2310385308277847
2.2283117463257645
2.225530917950805
2.2226967145317102
2.2198098027051536
2.2168708468362777
2.213880508941269
2.21083944861188
2.207748322941905
2.2046077864555818
2.2014184910378796
2.198181085866683
2.194896217346846
2.191564529046074
2.188186661632655
2.1847632528149794
2.1812949372828583
2.1777823466506026
2.174226109401859
2.170626850836157
2.166985193017177
2.1633017547227054
2.1595771513962414
2.1558119951002648
2.152006894471119
2.1481624546755036
2.144279277368544
2.1403579606534344
2.136399099042597
2.132403283420405
2.1283711010073465
2.1243031353257273
2.1201999661667794
2.116062169559237
2.111890317739317
2.1076849791220806
2.1034467182741956
2.0991760958880152
2.0948736687570166
2.090539989752527
2.0861756078017457
2.0817810678670385
2.0773569109264587
2.072903673955514
2.0684218899101223
2.0639120877107584
2.059374792227755
2.0548105242677472
2.0502198005612446
2.0456031337512934
2.040961032383221
2.036294000895444
2.031602539611309
2.0268871447319534
2.022148308330172
2.0173865183452477
2.012602258578762
2.0077960086913222
2.002968244200225
1.9981194364780157
1.9932500527519255
1.9883605561041788
1.9834514054731343
1.978523055655259
1.973575957307903
1.968610556952867
1.963627296980734
1.9586266156559562
1.9536089471226756
1.9485747214112557
1.9435243644455147
1.9384582980506457
1.9333769399617848
1.9282807038332446
1.9231699992483628
1.918045231729975
1.912906802751472
1.9077551097484524
1.9025905461309325
1.8974135012960978
1.8922243606416045
1.887023505579383
1.881811313549953
1.8765881580372288
1.8713544085837814
1.866110430806582
1.860856586413167
1.8555932332182516
1.8503207251607456
1.8450394123211757
1.8397496409395009
1.8344517534332931
1.8291460884162893
1.823832980717286
1.8185127613993726
1.8131857577794908
1.8078522934482975
1.8025126882903373
1.7971672585044947
1.7918163166247245
1.786460171541049
1.7810991285208009
1.7757334892301189
1.7703635517556595
1.7649896106265468
1.7596119568365145
1.7542308778662623
1.74884665770599
1.7434595768781187
1.7380699124601762
1.7326779381078514
1.727283924078187
1.7218881372529224
1.716490841161973
1.7110922960070187
1.7056927586852302
1.7002924828130763
1.6948917187502552
1.6894907136236978
1.6840897113516666
1.6786889526679225
1.6732886751459597
1.6678891132233078
1.6624904982258821
1.6570930583923793
1.6516970188987166
1.6463026018824989
1.6409100264675205
1.6355195087882777
1.630131262014502
1.624745496375696
1.6193624191856766
1.6139822348671125
1.6086051449760497
1.6032313482264264
1.5978610405145646
1.5924944149436433
1.5871316618481284
1.5817729688181834
1.5764185207240295
1.571068499740266
1.565723085370143
1.5603824544697746
1.5550467812723046
1.5497162374120037
1.544390991948307
1.539071211389773
1.5337570597179835
1.5284486984113588
1.5231462864688903
1.5178499804338
1.512559934417107
1.5072763001211031
1.501999226862741
1.4967288615969268
1.4914653489397076
1.4862088311913677
1.4809594483594157
1.4757173381814668
1.4704826361480139
1.4652554755250966
1.4600359873768467
1.4548243005879269
1.4496205418858459
1.444424835863159
1.43923730499955
1.4340580696837795
1.4288872482355224
1.4237249569270694
1.4185713100049064
1.4134264197111621
1.408290396304924
1.4031633480834265
1.3980453814031064
1.392936600700515
1.3878371085131056
1.3827470054998783
1.3776663904618904
1.372595360362628
1.3675340103482343
1.3624824337676036
1.3574407221923304
1.3524089654365192
1.3473872515764524
1.3423756669701095
1.337374296276553
1.3323832224751655
1.3274025268847383
1.3224322891824207
1.3174725874225264
1.3125234980551896
1.307585095944876
1.3026574543887512
1.2977406451349012
1.2928347384004106
1.2879398028892848
1.2830559058102422
1.2781831128943437
1.2733214884124893
1.2684710951927585
1.2636319946376124
1.2588042467409482
1.2539879101050055
1.2491830419571315
1.2443896981663962
1.2396079332600682
1.2348378004399403
1.230079351598517
1.2253326373350564
1.2205977069714606
1.2158746085680376
1.21116338893911
1.2064640936684836
