1.3323340037670055
1.1885056916799497
1.0817514282377527
0.997026561679741
0.9268005542666587
0.8668388211228696
0.8145319747339465
0.7681603639083809
0.72653138977618
0.6887841739159413
0.6542768826073455
0.6225180717162895
0.5931229410697757
0.5657844032857956
0.540253337531288
0.5163247427156559
0.49382779684246964
0.4726185720767656
0.4525745978602062
0.4335907368193515
0.41557601056036597
0.3984511242263959
0.38214651282599343
0.36660078249957057
0.3517594544507967
0.3375739434793601
0.32400072026898796
0.3110006190008512
0.2985382609317905
0.2865815712803524
0.2751013717733259
0.264071034987825
0.25346618950704436
0.2432644671251755
0.23344528505659864
0.22398965744868368
0.2148800315560407
0.20610014477347527
0.19763489939492504
0.1894702525038477
0.1815931188353982
0.17399128480405293
0.16665333217898318
0.15956857012645467
0.1527269745340565
0.14611913369359938
0.13973619955445185
0.1335698438718585
0.12761221866948352
0.12185592051520681
0.1162939581766913
0.11091972328055741
0.10572696364780602
0.10070975901987692
0.09586249892552262
0.09117986246949403
0.0866567998506225
0.0822885154399418
0.07807045226950264
0.07399827780002136
0.07006787085077629
0.06627530958861179
0.06261686048476876
0.059088968158773764
0.055688246038009453
0.05241146776999392
0.04925555933203975
0.046217591789910424
0.04329477466354016
0.040484449863910185
0.037784086170949215
0.035191274227914626
0.03270372203331002
0.030319250917117714
0.02803579199414903
0.025851383093857837
0.02376416617330988
0.021772385228448005
0.019874384728825596
0.018068608613227493
0.01635359989883477
0.014728000976078686
0.013190554686718071
0.011740106316446878
0.010375606679219955
0.009096116534039423
0.007900812665054721
0.0067889960864809
0.005760103028441353
0.004813719658208699
0.003949601964522654
0.003167703013171046
0.0024682111309878045
0.0018516050426878447
0.0013187368275256737
0.0008709639706792489
0.0005103770648597343
0.00024024301105638314
0.00006606795821934876
0.
0.0000648525198757433
0.00023155747820523723
0.0004831071915307619
0.0008097491445556496
0.0012043419190811706
0.0016611847946107054
0.0021755111805792727
0.002743218348652999
0.0033607044034703426
0.004024761497515749
0.004732501594913679
0.0054813024777042125
0.0062687670564333465
0.007092691817336506
0.007951041772500191
0.00884193017825939
0.009763601838848657
0.010714419164462169
0.011692850385228768
0.01269745948034383
0.013726897491436293
0.014779894967397844
0.015855255344616116
0.016951849108452773
0.0180686086132275
0.019204523461876788
0.020358636364911795
0.021530039412657485
0.022717870706118422
0.023921311300830313
0.025139582425335795
0.026371942941791068
0.027617687021043152
0.028876142008456722
0.030146666460066248
0.03142864833136803
0.03272150330335752
0.034024673232367963
0.03533762471190535
0.03665984773609147
0.03799085445550967
0.03933017801731148
0.040677371482315657
0.04203200681261798
0.043393673923910046
0.04476197979728934
0.04613654764587458
0.04751701613197911
0.04890303863102328
0.050294282538699324
0.051690428618238755
0.05309117038490747
0.054496213525099924
0.05590527534764484
0.0573180842651211
0.058734379303176494
0.06015390963599984
0.06157643414624397
0.06300172100784035
0.06442954729025144
0.06585969858283285
0.06729196863806931
0.06872615903253965
0.07016207884455035
0.07159954434745545
0.07303837871774689
0.0744784117570654
0.07591947962733618
0.07736142459829726
0.07880409480672411
0.08024734402671163
0.08169103145041023
0.08313502147865251
0.084579183520944
0.08602339180432685
0.08746752519064585
0.08891146700179202
0.09035510485250621
0.09179833049036465
0.09324103964258616
0.09468313186931601
0.09612451042307144
0.09756508211404592
0.09900475718098779
0.10044344916738482
0.10188107480270298
0.10331755388843979
0.10475280918876444
0.1061867663255338
0.10761935367748042
0.10905050228338434
0.11048014574904175
0.11190822015786413
0.11333466398494442
0.11475941801443272
0.1161824252600798
0.11760363088880542
0.11902298214716345
0.12044042829057346
0.12185592051520647
