1.0848329029915211
0.961906870770941
0.866743223359827
0.7903313612810219
0.7268821704575631
0.6728761623292846
0.6260457456852166
0.5848487856994942
0.5481896129599537
0.5152619074413475
0.48545505111148674
0.4582955446916237
0.4334088377612907
0.41049358910945527
0.3893037927860078
0.3696360487226332
0.3513202959296561
0.3342129352411913
0.31819163783188525
0.30315136646477586
0.28900128451239576
0.2756623251219514
0.2630652582484305
0.2511491380169336
0.23986004404100963
0.22915005238333389
0.21897638768837185
0.20930071954868423
0.20008857466444877
0.1913088426896223
0.18293335842910738
0.17493654668043324
0.16729511879939257
0.15998781222612696
0.15299516589160353
0.1462993257482541
0.13988387571688873
0.13373369017773817
0.12783480480394677
0.12217430307687217
0.11674021626166477
0.11152143497980724
0.10650763080909574
0.10168918658356199
0.09705713426622378
0.09260309943410674
0.08831925155405683
0.08419825934442263
0.08023325061576482
0.0764177760665704
0.07274577658015237
0.06921155362858554
0.06580974244046342
0.06253528763283474
0.059383421045081465
0.05634964154472712
0.05342969660296223
0.05061956546177474
0.04791544373548556
0.0453137293077223
0.04281100940077244
0.04040404870820827
0.038089778493943974
0.0358652865716785
0.03372780808827757
0.03167471704313513
0.02970351848318103
0.027811841320026502
0.02599743172193731
0.02425814703897523
0.02259195022487385
0.020996904724101085
0.01947116979721589
0.01801299626214168
0.016620722633490653
0.01529277164665543
0.014027647158260001
0.012823931419860428
0.011680282727745152
0.01059543345870488
0.009568188510013422
0.008597424172334068
0.007682087477589614
0.006821196081309428
0.006013838762421383
0.005259176655739816
0.0045564453778714495
0.003904958273013187
0.003304111102783937
0.002753388653774804
0.0022523739734408546
0.001800761335548417
0.0013983747112060064
0.0010451947555170542
0.0007413997416036862
0.0004874310782863773
0.0002841066888783813
0.00013284217684841627
0.000036181903098488995
0.
0.00003551184792021072
0.00012800053812327876
0.0002687870542888152
0.00045282704559066795
0.0006763883256892671
0.0009364652768974037
0.0012305252146383276
0.0015563729353665764
0.0019120689107518412
0.0022958756267397115
0.0027062202168269866
0.003141667233990481
0.0036008980903170056
0.004082695078931391
0.004585928660114605
0.005109547143131799
0.005652568171306987
0.006214071594071122
0.006793193425983222
0.007389120671668824
0.008001086850612746
0.008628368094862024
0.00927027972112918
0.009926173199747163
0.010595433458704886
0.011277476472963642
0.011971747098519264
0.012677717117884927
0.013394883469365257
0.014122766637034864
0.01486090918198415
0.015608874398352608
0.016366245080103856
0.01713262238647552
0.01790762479571033
0.018690887138043486
0.01948205970009003
0.020280807393758468
0.02108680898364018
0.021899756367553518
0.022719353905510678
0.023545317792921825
0.024377375474290128
0.02521526509405637
0.026058734981595225
0.02690754316766101
0.027761456929857223
0.02862025236492544
0.029483713985865613
0.030351634342077275
0.03122381366087681
0.03210005950888917
0.03298018647194395
0.033864015852219244
0.0347513753814851
0.035642098949388336
0.03653602634581017
0.037433003016393726
0.03833287983042795
0.03923551286030998
0.040140763171895806
0.0410484966250724
0.04195858368395189
0.04287089923612578
0.0437853224204491
0.0447017364628777
0.04562002851989543
0.046540089529114946
0.047461814066654395
0.04838510021092132
0.04930984941246225
0.05023596636954868
0.05116335890920559
0.0520919378733906
0.053021617010065816
0.053952312868906165
0.05488394470141485
0.05581643436522123
0.056749706232357054
0.05768368710131305
0.05861830611269429
0.059553494668298484
0.060489186353454426
0.061425316862468105
0.06236182392702426
0.06329864724741675
0.06423572842646219
0.06517301090598988
0.0661104399057771
0.06704796236482724
0.06798552688488561
0.06892308367609147
0.06986058450466831
0.07079798264257621
0.0717352328190231
0.07267229117377136
0.07360911521215192
0.07454566376171741
0.07548189693046625
0.07641777606657031
