0.00007707029062999458
0.00003557919907745036
0.00001968843950056529
0.000011951481156773046
7.690908424458547e-6
5.155765198466891e-6
3.5635067840800504e-6
2.522400721560979e-6
1.8200434383715097e-6
1.334173507035548e-6
9.91057902722323e-7
7.445311766125886e-7
5.647821265858338e-7
4.3205516988266706e-7
3.329664826916632e-7
2.5827477268059716e-7
2.014924181486103e-7
1.5799806081714387e-7
1.244569523480724e-7
9.843487715917607e-8
7.81365167574662e-8
6.222537346166801e-8
4.969809164168534e-8
3.979562524664694e-8
3.193972677102655e-8
2.5687064256236034e-8
2.0695748064113927e-8
1.6700699900195003e-8
1.3495378854352775e-8
1.091811977387918e-8
8.841853000412998e-9
7.166312152999359e-9
5.812098437959745e-9
4.716130880046062e-9
3.828137801606521e-9
3.1079463623744734e-9
2.523368345655192e-9
2.048553996059007e-9
1.6626971821424783e-9
1.3490187712354553e-9
1.0939625633640106e-9
8.865583827135083e-10
7.179151774989394e-10
5.808185266151841e-10
4.694059912099173e-10
3.78910718868768e-10
3.0545209691550803e-10
2.458687119934123e-10
1.9758430086880944e-10
1.5849811556774702e-10
1.2689617145043046e-10
1.0138039908500502e-10
8.081017391560343e-11
6.42548689850453e-11
5.095612149698379e-11
4.0294673821688734e-11
3.17667288900885e-11
2.4961684150943336e-11
1.954574030340122e-11
1.524782378389239e-11
1.1847275895165584e-11
9.165750606143028e-12
7.058740403078553e-12
5.409543986552811e-12
4.123880906411943e-12
3.1262888218358707e-12
2.355700095874664e-12
1.7636187695680002e-12
1.3114593307149567e-12
9.678469335279843e-13
7.084709372020777e-13
5.142132261537533e-13
3.6972270226625633e-13
2.6328379455566113e-13
1.8528127962889279e-13
1.290088847975127e-13
8.847015645881411e-14
6.003651216168432e-14
3.995368543926712e-14
2.612177464085428e-14
1.6811166306083794e-14
1.0524758314023505e-14
6.5554845039858986e-15
3.790988735312608e-15
2.2017078931221198e-15
1.2354196535284282e-15
6.662846673423022e-16
3.4315984783982404e-16
1.6741484195930713e-16
7.656155512729392e-17
3.237177623474613e-17
1.2421139256812303e-17
4.213450885561075e-18
1.2160714985561129e-18
2.814010640285388e-19
4.7261002962088424e-20
4.77977586177294e-21
1.9138571632338107e-22
7.950778590766158e-25
0.
7.421846976914049e-25
1.6680534478730981e-22
3.889979651334894e-21
3.591730605110691e-20
1.9970824220380554e-19
8.059285016313691e-19
2.6075391697864745e-18
7.17777080971683e-18
1.7466326565758435e-17
3.856705971197209e-17
7.872755291068443e-17
1.5062779511713724e-16
2.729517253957293e-16
4.722719449397746e-16
7.852644967633277e-16
1.261267349994841e-15
1.9651931502250124e-15
2.9808039380105053e-15
4.6363975146564935e-15
6.6206405087906085e-15
9.319217744465098e-15
1.3153449015931595e-14
1.7919271601768796e-14
2.4347029950928185e-14
3.2552996092300955e-14
4.293372882444146e-14
5.6172594571443224e-14
7.258048564463545e-14
9.299117240357889e-14
1.178806101178667e-13
1.482629036242129e-13
1.850322497586998e-13
2.2919333699715735e-13
2.8186996786007743e-13
3.4453598174335706e-13
4.183582435320213e-13
5.050941770156943e-13
6.064352070301385e-13
7.242385894405289e-13
8.609814837155693e-13
1.0184388553440266e-12
1.1994701782544137e-12
1.40647563272566e-12
1.6427390369521368e-12
1.911328431181107e-12
2.2155511069686412e-12
2.5591867146040848e-12
2.9462763942255598e-12
3.380689965604043e-12
3.867469568660145e-12
4.411286808881483e-12
5.0171204246780015e-12
5.690711977394798e-12
6.43791137719207e-12
7.264466548903584e-12
8.177589497629277e-12
9.1837476513116e-12
1.0290452034081555e-11
1.1505602969686413e-11
1.283705784334675e-11
1.429353113838912e-11
1.5884162205941968e-11
1.7618305073700762e-11
1.950598437696008e-11
2.155768513848554e-11
2.3784364570058666e-11
2.6197241801093576e-11
2.880869779677765e-11
3.163073274706059e-11
3.467653203681441e-11
3.7960033766638524e-11
4.149483008749912e-11
4.5295955058623614e-11
4.937878586483457e-11
5.375905419229026e-11
5.845330162505506e-11
6.347911292508348e-11
6.885357287994301e-11
7.459571987469204e-11
8.072455848979128e-11
8.725951450477506e-11
9.422155594797674e-11
1.0163164952049654e-10
1.0951143737310893e-10
1.1788391378757416e-10
1.2677210335855627e-10
1.3620018156600172e-10
1.4619304093296635e-10
1.5677607912370995e-10
1.679758751139859e-10
1.7981931094106504e-10
1.9233446970086942e-10
2.055502011661612e-10
2.1949590933653251e-10
2.342017839633661e-10
2.496994760484924e-10
2.6602055278005545e-10
2.831982830195369e-10
3.0126631404539946e-10
3.2025912453363156e-10
