0.0003878823178979344
0.00041238009568741237
0.00043828064298979816
0.00046565402664559754
0.0004945731499278338
0.0005251138291299971
0.0005573548702846243
0.0005913781459103925
0.0006272686716921051
0.000665114682983334
0.0007050077110339264
0.0007470426588311715
0.0007913178764454925
0.0008379352357701442
0.0008870002045413415
0.0009386219195269226
0.0009929132587647579
0.001049990912734004
0.0011099754543485402
0.001172991407642672
0.0012391673150386855
0.001308635803074854
0.0013815336464684644
0.001458001830401798
0.001538185610903529
0.001622234573207943
0.0017103026879695296
0.001802548365216545
0.0018991345059175544
0.0020002285510456732
0.0021060025280176405
0.002216633094393671
0.0023323015787119193
0.0024531940183483703
0.002579501194277862
0.0027114186626233175
0.002849146782878878
0.002992890742686113
0.0031428605790561406
0.0032992711959184654
0.0034623423778900025
0.0036322988001447486
0.0038093700342836144
0.003993790550085171
0.004185799713035055
0.0043856417775242525
0.004593565875610957
0.004809826001238331
0.0050346809898076834
0.005268394493002063
0.005511234948758417
0.005763475546293554
0.00602539418607705
0.0062972734346653375
0.006579400474289727
0.006872067047118781
0.007175569394095319
0.007490208188262545
0.007816288462493525
0.008154119531541892
0.008504014908331246
0.008866292214406882
0.009241273084476481
0.009629283064966994
0.010030651506536524
0.010445711450468659
0.010874799508905244
0.01131825573884733
0.011776423509891804
0.012249649365649037
0.012738282878807709
0.013242676499819878
0.013763185399169136
0.014300167303218184
0.014853982323611476
0.015424992780236797
0.016013563017742
0.016620059215629004
0.017244849191932404
0.017888302200522618
0.018550788722063588
0.019232680248676845
0.019934349062370346
0.020656168007291444
0.021398510255895516
0.022161749069103585
0.022946257550562392
0.023752408395105926
0.0245805736315515
0.025431124359956217
0.02630443048348346
0.027200860435039494
0.028120780898844233
0.02906455652712809
0.030032549652138404
0.031025119993674542
0.03204262436236355
0.033085416358911116
0.03415384606957381
0.03524825975810785
0.0363689995544628
0.0375164031405051
0.03869080343305928
0.03989252826457352
0.04112190006172588
0.042379235522297005
0.043664845290642504
0.044979033632120656
0.046322098106823174
0.047694329242979096
0.04909601021040837
0.05052741649440491
0.05198881557044012
0.05348046658008568
0.055002620008558725
0.05655551736429904
0.058139390860992575
0.059754463102460284
0.06140094677083324
0.06307904431844338
0.06478894766384852
0.06653083789243021
0.06830488496198216
0.07011124741372476
0.0719500720891693
0.07382149385325251
0.07572563532417056
0.07766260661032105
0.07963250505476625
0.08163541498763097
0.08367140748682618
0.0857405401474919
0.08784285686054966
0.08997838760072956
0.09214714822444146
0.09434914027784623
0.09658435081546274
0.09885275222964449
0.101154302091242
0.1034889430017519
0.10585660245724075
0.10825719272431777
0.11069061072841252
0.11315673795459477
0.11565544036116844
0.11818656830623267
0.12074995648740755
0.12334542389489189
0.12597277377799773
0.12863179362529803
0.13132225515849688
0.1340439143401132
0.136796511395048
0.13957977084608783
0.14239340156337382
0.14523709682784405
0.14811053440864239
0.15101337665445727
0.15394527059874027
0.15690584807873328
0.15989472586820674
0.16291150582379768
0.16595577504481399
0.16902710604635215
0.1721250569455505
0.17524917166079285
0.17839898012364502
0.1815739985033003
0.1847737294432821
0.18799766231014045
0.19124527345386305
0.19451602647969965
0.19780937253108774
0.20112475058334905
0.2044615877478176
0.20781929958603634
0.21119729043365756
0.214594953733662
0.21801167237850042
0.2214468190607596
0.22489975663192713
0.22836983846884384
0.2318564088473948
0.23535880332301604
0.23887634911755598
0.24240836551204284
0.2459541642449018
0.2495130499151568
0.2530843203901499
0.25666726721730865
0.2602611760394966
0.2638653270134646
0.2674789952309422
0.2711014511418877
0.27473196097943287
0.2783697871860538
0.28201418884050045
0.2856644220850261
0.28931974055245724
0.29297939579265847
0.2966426376979348
0.30030871492694694
0.30397687532669354
0.30764636635215015
0.3113164354831318
0.314986330637989
0.31865530058372976
0.322322595342181
0.32598746659181943
0.3296491680648914
0.3333069559394877
0.3369600892262066
0.3406078301490981
0.34424944452055073
0.34788420210982923
0.3515113770049649
0.35513024796772025
0.35874009878136165
0.3623402185909923
0.36592990223619737
0.36950845057579373
0.37307517080445496
0.37662937676103314
0.38017038922838237
0.38369753622452335
0.38721015328499614
0.3907075837362581
0.3941891789600017
0.3976542986482842
0.40110231104936916
0.40453259320419466
0.4079445311734013
0.4113375202548569
0.4147109651916397
0.418064280370444
0.42139689001039266
0.42470822834224586
0.42799773977801797
0.43126487907100763
0.43450911146628923
0.4377299128416795
0.44092676983925627
0.44409917998746734
0.4472466518139174
0.4503687049489005
0.45346487021977505
0.45653468973627986
0.45957771696689326
0.46259351680635297
0.46558166563446407
0.4685417513663173
0.4714733734940594
0.4743761431203576
0.4772496829837124
0.480093627475763
0.4829076226507618
0.48569132622736766
0.48844440758294233
0.49116654774051155
0.4938574393485799
0.4965167866539762
0.4991443054679096
0.5017397231254344
0.5043027784385037
0.5068332216428063
0.5093308143385837
0.5117953294256157
0.5142265510325734
0.5166242744409394
0.51898830600368
0.5213184630588853
0.5236145738385488
0.5258764773727093
0.5281040233891272
0.5302970722087031
0.5324554946368322
0.5345791718508729
0.536667995283938
0.538721866505183
0.5407406970967813
0.5427244085277741
0.5446729320249734
0.5465862084410927
0.5484641881202905
0.5503068307612945
0.5521141052782778
0.5538859896596503
0.5556224708249422
0.5573235444799227
0.5589892149701251
0.5606194951329266
0.5622144061483307
0.5637739773886066
0.5652982462669203
0.5667872580851004
0.5682410658806775
0.5696597302733175
0.5710433193107969
0.5723919083146174
0.5737055797254059
0.5749844229482013
0.576228534197741
0.5774380163438637
0.5786129787571267
0.5797535371547413
0.5808598134469233
0.5819319355837533
0.5829700374026343
0.5839742584764335
0.584944743962397
0.5858816444519032
0.5867851158211459
0.5876553190828071
0.5884924202387941
0.5892965901341088
0.5900680043118995
0.5908068428697688
0.5915132903173841
0.5921875354354443
0.5928297711360571
0.5934401943245635
0.5940190057628649
0.594566409934288
0.5950826149100187
0.5955678322171581
0.596022276708414
0.5964461664334697
0.5968397225120574
0.5972031690087538
0.5975367328095338
0.5978406435000888
0.5981151332459387
0.5983604366743529
0.5985767907580875
0.5987644347009635
0.5989236098252851
0.5990545594611116
0.5991575288373963
0.5992327649749878
0.5992805165814991
0.5993010339480589
0.5992945688479303
0.599261374437002
0.5992017051561573
0.5991158166355083
0.599003965600491
0.5988664097798275
0.5987034078153325
0.5985152191735682
0.598302104059332
0.5980643233309727
0.5978021384175214
0.5975158112376225
0.5972056041202621
0.5968717797272675
0.5965146009775781
0.5961343309732609
0.5957312329272623
0.5953055700928802
0.5948576056949374
0.5943876028626406
0.5938958245641082
0.5933825335425496
0.5928479922540761
0.5922924628071253
0.5917162069034845
0.5911194857808807
0.5905025601571394
0.589865690175869
0.5892091353536686
0.5885331545288285
0.587838005811507
0.5871239465353643
0.5863912332106284
0.5856401214785759
0.5848708660674072
0.5840837207494887
0.5832789382999504
0.5824567704566116
0.5816174678812128
0.5807612801219373
0.5798884555772001
0.5789992414606757
0.5780938837675593
0.5771726272420208
0.5762357153458489
0.5752833902282524
0.5743158926968003
0.573333462189488
0.5723363367478939
0.5713247529914224
0.5702989460925991
0.5692591497534092
0.568205596182649
0.5671385160742805
0.5660581385867594
0.5649646913233268
0.563858400313237
0.562739489993905
0.5616081831939577
0.5604647011171665
0.5593092633272425
0.5581420877334767
0.5569633905772091
0.555773386419103
0.5545722881272147
0.5533603068658308
0.5521376520850684
0.5509045315112047
0.549661151137737
0.54840771521714
0.5471444262533176
0.5458714849947197
0.54458909042812
0.5432974397730301
0.5419967284767381
0.5406871502099557
0.5393688968630603
0.5380421585429094
0.5367071235702227
0.5353639784775155
0.5340129080075555
0.5326540951123535
0.5312877209526465
0.5299139648978839
0.5285330045266857
0.5271450156277694
0.5257501722013267
0.5243486464608438
0.5229406088353431
0.5215262279720437
0.520105670739422
0.5186791022306647
0.5172466857674943
0.5158085829043706
0.5143649534330395
0.5129159553874297
0.511461745048883
0.510002476951706
0.5085383038890331
0.5070693769189923
0.5055958453711638
0.5041178568533146
0.5026355572584128
0.5011490907718953
0.4996585998791955
0.4981642253735092
0.4966661063637978
0.49516438028301485
0.4936591828965526
0.4921506483108929
0.4906389089824602
0.48912409572666826
0.4876063377271456
0.4860857625451426
0.48456249612910274
0.483036662824399
0.4815083853832184
0.47997778497459875
0.4784449811946005
0.47691009207661367
0.47537323410179216
0.473834522209602
0.47229406980848804
0.4707519887866466
0.46920838952289656
0.4676633808976477
0.4661170703039576
0.4645695636586698
0.46302096541363463
0.46147137856699527
0.4599209046745502
0.45836964386116963
0.4568176948322734
0.4552651548853619
0.45371211992158916
0.452158684457387
0.4506049416361192
0.44905098323977743
0.44749689970070117
0.44594278011332655
0.4443887122459554
0.4428347825525423
0.44128107618449774
0.4397276770024967
0.4381746675882995
0.43662212925657107
0.4350701420667032
0.43351878483463224
0.43196813514464877
0.4304182693611992
0.4288692626406747
0.4273211889431826
0.42577412104430024
0.4242281305468088
0.4226832878924008
0.42113966237336253
0.4195973221442275
0.41805633423339794
0.4165167645547342
0.4149786779191054
