0.00028468546639210583
0.00014516892277900587
0.00008658516783620103
0.00005594028660491944
0.000038006144772219984
0.00002674596291802797
0.00001932174022077482
0.000014245879788675922
0.000010676651550799737
8.109798076256881e-6
6.2295094444041205e-6
4.830818919937346e-6
3.7767441994182366e-6
2.973464779407333e-6
2.355368364045403e-6
1.8757389933347305e-6
1.500791782548135e-6
1.2057567395762186e-6
9.722521535385668e-7
7.864893337129099e-7
6.380248119292379e-7
5.188799576624973e-7
4.229113822434244e-7
3.4535516976490777e-7
2.8249326513965516e-7
2.3140680107862223e-7
1.8979201295295222e-7
1.558216923531258e-7
1.2804009321316732e-7
1.0528264003977628e-7
8.661417150085398e-8
7.128114569750122e-8
5.867444104867005e-8
4.8300243990271774e-8
3.9757155919644155e-8
3.2718103917789334e-8
2.6915988585750676e-8
2.21322467292295e-8
1.8187707045591065e-8
1.4935248279686187e-8
1.2253890141291433e-8
1.0044018320718823e-8
8.223518396246848e-9
6.72463419872703e-9
5.491410205007024e-9
4.4776050136883166e-9
3.6449832981554747e-9
2.9619173204196086e-9
2.4022371906255527e-9
1.944287906257253e-9
1.5701481083151485e-9
1.2649906586812003e-9
1.016550104311676e-9
8.146859586931483e-10
6.510177805431754e-10
5.186259382498675e-10
4.118006775476548e-10
3.2583638929345006e-10
2.5685815050159804e-10
2.0168126966588603e-10
1.5769024591414966e-10
1.2274191154038955e-10
9.508309994415413e-11
7.328239274250953e-11
5.617395598509679e-11
4.2810518108667067e-11
3.2424406396216896e-11
2.439603712144973e-11
1.8225470205388058e-11
1.3512363417939634e-11
9.936484946189803e-12
7.242833344639564e-12
5.229520124785076e-12
3.737320932540401e-12
2.641426117560164e-12
1.8444260858870525e-12
1.27117035274267e-12
8.635158224885491e-13
5.774551335194859e-13
3.7959359476945255e-13
2.446302905581999e-13
1.5440889857542822e-13
9.512387170542242e-14
5.705335563848042e-14
3.320846516665286e-14
1.8627538120676237e-14
1.0053890095824235e-14
5.29845023966005e-15
2.4826422022334956e-15
1.1380788022523327e-15
4.823443326704415e-16
1.8551416049026711e-16
6.307907442401105e-17
1.824987393867303e-17
4.233730474501586e-18
7.129754948580719e-19
7.232540392510571e-20
2.9064770372991558e-21
1.2135656997934866e-23
0.
1.1328964810397967e-23
2.5335474592932327e-21
5.887620592774234e-20
5.420545560646493e-19
3.0062954155378368e-18
1.2103744144166879e-17
3.9075106711799104e-17
1.0733554320001328e-16
2.606546907384998e-16
5.7438986874268e-16
1.1701810248797236e-15
2.2344595950063575e-15
4.041064591801155e-15
7.200244942321932e-15
1.1801957627072971e-14
1.900629808235232e-14
2.975206433042207e-14
4.502437218159167e-14
6.634903669044141e-14
9.606957541270767e-14
1.3651856607737027e-13
1.9030368623728728e-13
2.610421570886126e-13
3.532111581063822e-13
4.713360731760147e-13
6.214029492171545e-13
8.098320197740952e-13
1.0446750102199743e-12
1.334151016433984e-12
1.6885159298855729e-12
2.1188258815863507e-12
2.6377014959767014e-12
3.2596502299342898e-12
3.999836341753087e-12
4.875961197867767e-12
5.907480532866621e-12
7.115267067585876e-12
8.522606449800551e-12
1.0155083819317478e-11
1.2040471019802828e-11
1.4208614263888778e-11
1.669221024405048e-11
1.952625006502935e-11
2.2749239451984352e-11
2.6401532135372853e-11
3.0526993507208527e-11
3.5172665331896314e-11
4.038842977474018e-11
4.6227782840663673e-11
5.2747274609721216e-11
6.00077247786951e-11
6.807277250892915e-11
7.701031159496365e-11
8.689170383457861e-11
9.779298936103745e-11
1.097932088761261e-10
1.2297672109302136e-10
1.3743107762639263e-10
1.5324933705225076e-10
1.7052793629730092e-10
1.893687790467964e-10
2.0987776956428615e-10
2.3216600913174506e-10
2.5634921418224327e-10
2.8254779858457614e-10
3.1088784209754065e-10
3.4150028043562207e-10
3.745205373732166e-10
4.1009037522875586e-10
4.4835641260168473e-10
4.894701943349587e-10
5.335898136973782e-10
5.808777577125442e-10
6.315031912848114e-10
6.856402424297854e-10
7.434691719970098e-10
8.051757649552891e-10
8.709520518744477e-10
9.409956960792624e-10
1.0155104889794565e-9
1.0947061772333722e-9
1.1787987319846638e-9
1.2680103940558867e-9
1.3625690510287154e-9
1.4627091666770304e-9
1.5686720423282129e-9
1.6807040779073404e-9
1.7990592499364768e-9
1.923997146773546e-9
2.0557843326769543e-9
2.194693267561755e-9
2.3410032233655088e-9
2.495000088426223e-9
2.6569766142118524e-9
2.8272308839825472e-9
3.0060689986183696e-9
3.1938030978564276e-9
3.3907516003483032e-9
3.5972405523440334e-9
3.813601866183478e-9
