0.07641777606657031
0.07859613846892635
0.08082257648029595
0.08309762198348819
0.08542179483876114
0.08779560231026215
0.09021953849935226
0.09269408378573295
0.09521970427726431
0.09779685126935538
0.10042596071477988
0.10310745270475306
0.10584173096206462
0.108629182347063
0.11147017637721798
0.11436506476099274
0.11731418094669457
0.12031783968696119
0.12337633661947692
0.12648994786450288
0.1296589296397407
0.13288351789302752
0.13616392795330545
0.13950035420027995
0.14289296975312402
0.14634192617856145
0.14984735321860063
0.1534093585381635
0.1570280274928066
0.1607034229166845
0.1644355849308789
0.16822453077215688
0.17207025464220402
0.1759727275773215
0.17993189733854972
0.18394768832214428
0.18802000149028628
0.19214871432189165
0.19633368078333252
0.20057473131887388
0.20487167286058358
0.20922428885745273
0.2136323393234444
0.21809556090414844
0.222613666961717
0.22718634767772256
0.23181327017356312
0.2364940786480277
0.24122839453161185
0.2460158166571687
0.2508559214464568
0.2557482631121506
0.26069237387485433
0.2656877641946652
0.27073392301681914
0.2758303180309481
0.2809763959434771
0.28617158276268545
0.29141528409595335
0.2967068854587194
0.302045752594672
0.3074312318067015
0.3128626502981422
0.3183393165238381
0.32386052055056735
0.3294255344263705
0.33503361255833364
0.3406839920983695
0.34637589333657454
0.35210852010171784
0.357881060168443
0.36369268567076674
0.3695425535214679
0.3754298058369615
0.38135357036727535
0.3873129609307388
0.39330707785301416
0.3993350084101038
0.405395827274975
0.41148859696745954
0.4176123683070767
0.42376618086846174
0.42994906343906636
0.43616003447882107
0.4423981025814479
0.4486622669371262
0.454951517796219
0.4612648369337716
0.4676011981145089
0.4739595675580549
0.4803389044041112
0.4867381611773384
0.4931562842516842
0.4995922143139098
0.5060448868260804
0.5125132324867785
0.5189961776908061
0.5254926449871626
0.5320015535350592
0.5385218195577732
0.5450523567941136
0.5515920769473024
0.558139890131057
0.5646947053126866
0.5712554307529941
0.5778209744428029
0.5843902445359094
0.5909621497782828
0.5975355999333309
0.6041095062030504
0.6106827816448874
0.6172543415841353
0.6238231040217105
0.6303879900371254
0.6369479241865091
0.6435018348955123
0.6500486548469423
0.6565873213629734
0.6631167767817878
0.669635968828497
0.6761438509802054
0.6826393828250759
0.6891215304152623
0.6955892666135765
0.702041571433765
0.7084774323742686
0.7148958447453462
0.7212958119894455
0.7276763459947111
0.7340364674015197
0.7403752059019391
0.746691600532014
0.7529846999567813
0.7592535627479247
0.765497257653986
0.7717148638630501
0.7779054712578278
0.7840681806630642
0.790202104085213
0.7963063649443077
0.8023800982979782
0.8084224510575652
0.8144325821962819
0.8204096629493878
0.8263528770063394
0.832261420694888
0.8381345031571025
0.8439713465173063
0.8497711860419015
0.8555332702910925
0.8612568612624959
0.8669412345266477
0.8725856793544213
0.8781894988363657
0.8837520099939938
0.8892725438830478
0.8947504456887733
0.9001850748132435
0.9055758049547782
0.9109220241795121
0.9162231349851595
0.9214785543570496
0.9266877138164856
0.9318500594615147
0.9369650520001722
0.9420321667762913
0.947050893787962
0.9520207376987312
0.9569412178416449
0.9618118682162242
0.9666322374784928
0.9714018889241566
0.9761204004650527
0.980787364598988
0.9854023883730826
0.989965093340754
0.9944751155124575
0.9989321053003266
1.003335727456845
1.0076856610076819
1.0119815991788426
1.0162232493182712
1.0204103328120482
1.024542584995341
1.0286197550582483
1.032641605946695
1.0366079142585256
1.0405184701349612
1.0443730771475643
1.048171552180876
1.051913725310881
1.0555994396794595
1.0592285513649833
1.0628009292492206
1.0663164548806998
1.069775022334698
1.0731765380700145
1.076520920782683
1.0798081012567797
1.0830380222124907
1.086210638151587
1.0893259152004686
1.092383830950923
1.095384374298766
1.098327545280488
1.101213354908089
1.104041825002215
1.1068129880237718
1.1095268869041297
1.112183574874085
1.1147831152917012
1.1173255814691652
1.1198110564988046
1.1222396330783835
1.124611413335803
1.1269265086533486
1.129185039491587
1.1313871352130405
1.1335329339057534
1.135622582206865
1.1376562351262947
1.1396340558706504
1.1415562156674586
1.1434228935898187
1.1452342763815826
1.1469905582831412
1.1486919408579213
1.1503386328196703
1.1519308498606167
1.153468814480582
1.1549527558171304
1.1563829094768145
1.1577595173676019
1.1590828275325433
1.160353093984741
1.1615705765436892
1.162735540673033
1.1638482573198075
1.1649090027551998
1.165918058416897
1.1668757107530439
1.1677822510678717
1.1686379753690268
1.169443184216636
1.170198182574149
1.1709032796609773
1.1715587888069698
1.1721650273087434
1.172722316287893
1.1732309805511003
1.1736913484521685
1.1741037517559805
1.1744685255044185
1.174786007884234
1.17505654009689
1.1752804662303868
1.1754581331330598
1.175589890289375
1.1756760896977025
1.175717085750091
1.1757132351140183
1.175664896616133
1.1755724311279767
1.175436201453677
1.1752565722196093
1.175033909766021
1.174768582040598
1.1744609584939758
1.174111409977174
1.173720308640946
1.1732880278370261
1.172814942021265
1.1723014266586347
1.1717478581300846
1.1711546136412339
1.1705220711328885
1.1698506091933507
1.1691406069725172
1.168392444097737
1.1676065005914134
1.166783156790326
1.1659227932666627
1.165025790750725
1.164092530055298
1.1631233920016646
1.1621187573472285
1.1610790067147414
1.1600045205231044
1.15889567891972
1.157752861714376
1.156576448314644
1.155366817662758
1.1541243481739665
1.1528494176763244
1.15154240335191
1.1502036816794408
1.1488336283782703
1.1474326183537482
1.1460010256439064
1.1445392233674716
1.143047583673171
1.1415264776903091
1.1399762754806018
1.1383973459912473
1.1367900570092042
1.135154775116673
1.133491865647746
1.1318016926462164
1.1300846188245208
1.1283410055238086
1.1265712126750977
1.1247755987615253
1.1229545207816531
1.1211083342138235
1.1192373929815431
1.1173420494198754
1.1154226542428327
1.1134795565117446
1.111513103604585
1.1095236411862526
1.1075115131797717
1.1054770617384175
1.1034206272187344
1.1013425481544408
1.0992431612312052
1.0971228012622745
1.094981801164947
1.092820491937869
1.0906392026391465
1.0884382603652587
1.0862179902307554
1.083978715348726
1.0817207568120353
1.0794444336753009
1.077150062937612
1.074837959525966
1.0725084362794184
1.0701618039339353
1.067798371107929
1.0654184442884704
1.0630223278181712
1.060610323882714
1.0581827324990272
1.0557398515040919
1.0532819765443737
1.0508094010658577
1.0483224163046914
1.045821311278411
1.0433063727777565
1.0407778853590461
1.038236131337122
1.035681390778837
1.033113941497088
1.0305340590453806
1.027942016712914
1.0253380855201801
1.0227225342150639
1.0200956292694439
1.0174576348762734
1.01480881294714
1.0121494231102968
1.0094797227091468
1.0067999668011838
1.0041104081573753
1.0014112972619762
0.9987028823127724
0.9959854092217393
0.9932591216161121
0.9905242608398556
0.9877810659555298
0.985029773746539
0.9822706187197596
0.9795038331085397
0.9767296468760587
0.9739482877190415
0.9711599810718237
0.9683649501107514
0.9655634157589188
0.9627555966912258
0.9599417093397593
0.9571219678994763
0.9542965843342026
0.9514657683829171
0.9486297275663318
0.9457886671937509
0.9429427903702097
0.9400922980038772
0.937237388813726
0.9343782593374559
0.9315151039396619
0.9286481148202532
0.9257774820231015
0.9229033934449212
0.9200260348443731
0.9171455898513824
0.9142622399766733
0.9113761646215013
0.9084875410875883
0.9055965445872501
0.9027033482537071
0.8998081231515808
0.8969110382875609
0.8940122606212437
0.8911119550761358
0.8882102845508091
0.8853074099302177
0.8824034900971522
0.8794986819438455
0.8765931403837041
0.87368701836318
0.8707804668737613
0.8678736349640885
0.864966669752184
0.8620597164377926
0.8591529183148274
0.8562464167839171
0.8533403513650519
0.8504348597103161
0.8475300776167104
0.8446261390390568
0.8417231761029822
0.838821319117971
0.8359206965904925
0.8330214352371886
0.8301236599981258
0.8272274940501015
0.8243330588200011
0.8214404739982089
0.8185498575520588
0.8156613257393271
0.8127749931217628
0.8098909725786501
0.8070093753204026
0.8041303109021802
0.8012538872375313
0.7983802106120528
0.7955093856970676
0.7926415155633092
0.7897767016946237
0.7869150440016711
0.784056640835632
0.7812015890019152
0.7783499837738589
0.7755019189064306
0.772657486649913
0.769816777763585
0.7669798815293803
0.764146885765535
0.7613178768402142
0.7584929396851169
0.7556721578090528
0.752855613311499
0.750043386896121
0.747235557884267
0.7444322042284252
0.7416334025256457
0.7388392280309273
0.7360497546705607
0.7332650550554323
0.7304852004942817
0.7277102610069158
0.7249403053373743
0.7221754009670457
0.719415614127731
0.7166610098146584
0.7139116517994393
0.7111676026429712
0.7084289237082829
0.7056956751733187
0.7029679160436658
0.7002457041652177
0.6975290962367744
0.6948181478225802
0.6921129133647949
0.6894134461959002
0.6867197985510339
0.6840320215802618
0.6813501653607734
0.6786742789090132
0.6760044101927334
0.6733406061429809
0.6706829126660039
0.6680313746550903
0.6653860360023274
0.6627469396102862
0.6601141274036308
0.657487640340647
0.6548675184246974
0.652253800715594
0.6496465253408951
0.6470457295071199
0.6444514495108842
0.6418637207499549
0.6392825777342251
0.6367080540966051
0.6341401826038335
0.6315789951672062
0.6290245228532204
0.6264767958941402
0.6239358436984752
0.6214016948613778
