0.12185592051520647
0.125145189975084
0.1284992624702679
0.13191852997614767
0.13540335673807266
0.13895407859245837
0.14257100232170222
0.14625440504465934
0.1500045336443387
0.15382160423439026
0.15770580166587103
0.16165727907567493
0.16567615747790074
0.16976252539933684
0.17391643856010777
0.17813791960042707
0.1824269578542567
0.18678350917056039
0.1912074957826992
0.1956988062263882
0.20025729530649
0.2048827841127877
0.2095750600847436
0.21433387712510504
0.21915895576207858
0.22404998335966464
0.22900661437559805
0.23402847066620452
0.23911514183736163
0.24426618564060756
0.24948112841333014
0.25475946556182805
0.26010066208594035
0.2655041531438095
0.2709693446552453
0.2764956139420567
0.28208231040361187
0.2877287562258209
0.2934342471216246
0.2991980531010281
0.30501941926863135
0.3108975666465536
0.3168316930206044
0.322820973807506
0.32886456294092903
0.33496159377409346
0.3411111799966503
0.34731241656356043
0.35356438063367485
0.3598661325157378
0.36621671661952715
0.37261516240989573
0.3790604853614721
0.38555168791183975
0.3920877604110481
0.39866768206534997
0.405290421873124
0.41195493955100626
0.418660186448302
0.4254051064478503
0.4321886368515622
0.43900970924895927
0.4458672503671125
0.45276018290046943
0.45968742631917037
0.46664789765451964
0.47364051226041615
0.4806641845496015
0.48771782870374186
0.4948003593564123
0.501910692248199
0.5090477448532045
0.5162104369763869
0.5233976913212284
0.530608434027363
0.5378415951778921
0.5450961092761974
0.5523709156922014
0.5596649590780808
0.566977189753571
0.574306564061068
0.5816520446908346
0.5890126009767208
0.596387209162855
0.6037748526418786
0.6111745221653637
0.6185852160271108
0.6260059402201124
0.6334357085680258
0.6408735428320451
0.6483184727941469
0.6557695363177
0.6632257793865018
0.6706862561233399
0.6781500287891931
0.68561616776426
0.6930837515119824
0.7005518665272877
0.7080196072702798
0.7154860760866183
0.7229503831158395
0.7304116461888768
0.7378689907160283
0.7453215495666343
0.7527684629416933
0.7602088782406599
0.7676419499236241
0.7750668393700665
0.7824827147353736
0.7898887508062266
0.7972841288559999
0.8046680365012276
0.8120396675601961
0.8193982219146426
0.826742905375542
0.834072929553876
0.8413875117372792
0.8486858747733587
0.8559672469604769
0.8632308619467206
0.8704759586377054
0.8777017811138584
0.8849075785577225
0.8920926051917953
0.8992561202273515
0.9063973878246481
0.9135156770648526
0.9206102619339662
0.927680421318988
0.9347254390164811
0.9417446037536565
0.9487372092220541
0.9557025541238109
0.9626399422304963
0.9695486824544076
0.9764280889321892
0.9832774811205908
0.9900961839041211
0.9968835277143211
1.0036388486603331
1.0103614886703947
1.0170507956438615
1.0237061236133107
1.0303268329162514
1.0369122903759307
1.043461869490695
1.0499749506313416
1.0564509212458566
1.062889176070933
1.0692891173496162
1.0756501550544277
1.0819717071152837
1.0882531996515294
1.0944940672073777
1.1006937529900438
1.1068517091098633
1.1129673968216731
1.1190402867667162
1.1250698592143669
1.1310556043029414
1.136997022278884
1.142893623733609
1.1487449298373067
1.154550472569023
1.1603097949423269
1.1660224512258996
1.1716880071584228
1.1773060401571016
1.1828761395192398
1.1883979066162733
1.1938709550796849
1.1992949109782798
1.2046694129862878
1.2099941125418143
1.215268673995173
1.220492774746668
1.2256661053734308
1.230788369744921
1.2358592851267631
1.2408785822726074
1.2458460055037235
1.2507613127760957
1.2556242757347909
1.2604346797554296
1.2651923239726048
1.2698970212951288
1.2745485984080323
1.2791468957612575
1.283691767545031
1.2881830816519213
1.2926207196256394
1.2970045765966336
1.3013345612046046
1.305610595508068
1.3098326148811164
1.3140005678975863
1.318114416202836
1.3221741343733917
1.3261797097647052
1.3301311423473419
1.3340284445319015
1.3378716409830085
1.3416607684227255
1.345395875423786
1.34907702219301
1.3527042803453457
1.356277732668942
1.359797472881708
1.363263605379802
1.3666762449785284
1.3700355166461151
1.3733415552308457
1.3765945051820614
1.3797945202655166
1.382941763273597
1.3860364057309087
1.3890786275957574
1.3920686169580136
1.3950065697338963
1.397892689358165
1.400727186474252
1.4035102786228233
1.4062421899292723
1.4089231507906441
1.4115533975624848
1.4141331722460795
1.416662722176568
1.419142299712387
1.4215721619265052
1.4239525702998697
1.426283790417516
1.4285660916677418
1.4307997469447449
1.4329850323551265
1.435122226928615
1.4372116123333825
1.4392534725962873
1.4412480938283685
1.4431957639559043
1.445096772457328
1.446951410106267
1.4487599687209747
1.4505227409203854
1.45224001988702
1.4539120991369443
1.455539272296967
1.457121832889248
1.458660074123467
1.4601542886966816
1.4616047686010032
1.4630118049391727
1.46437568774813
1.4656967058306425
1.4669751465950285
1.468211295903022
1.4694054379257906
1.4705578550080944
1.4716688275406
1.4727386338402872
1.4737675500389325
1.474755849979596
1.4757038051210467
1.4766116844500485
1.4774797544014013
1.4783082787856414
1.479097518724276
1.479847732592426
1.4805591759687418
1.481232101592442
1.4818667593273147
1.4824633961325313
1.4830222560400792
1.4835435801386567
1.4840276065638296
1.4844745704942612
1.4848847041538318
1.485258236819421
1.4855953948341762
1.4858964016260392
1.4861614777313237
1.4863908408231352
1.4865847057444095
1.4867432845453543
1.4868667865250775
1.486955418277184
1.4870093837391098
1.4870288842449937
1.4870141185818524
1.4869652830488473
1.486882571519434
1.486766175506167
1.486616284227965
1.4864330846796157
1.4862167617033226
1.485967498062086
1.4856854745147277
1.485370869892351
1.4850238611760713
1.4846446235757949
1.4842333306098965
1.4837901541856084
1.4833152646799368
1.482808831020957
1.48227102076932
1.4817020001998018
1.4811019343827676
1.4804709872653836
1.4798093217524508
1.4791170997867151
1.4783944824285449
1.4776416299348212
1.4768587018369614
1.4760458570179318
1.4752032537881665
1.474331049960279
1.4734294029224764
1.4724984697105963
1.4715384070786623
1.4705493715679088
1.4695315195741725
1.468485007413609
1.4674099913866627
1.466306627840228
1.465175073227961
1.4640154841686928
1.4628280175028954
1.4616128303471752
1.4603700801467498
1.4590999247258938
1.4578025223363178
1.4564780317034705
1.4551266120707398
1.453748423241557
1.4523436256193787
1.4509123802455575
1.4494548488350922
1.4479711938102646
1.4464615783321715
1.4449261663301591
1.4433651225291688
1.4417786124750194
1.4401668025576364
1.4385298600322463
1.43686795303857
1.4351812506180348
1.433469922729025
1.4317341402602142
1.4299740750419974
1.4281898998560723
1.426381788443183
1.4245499155090848
1.4226944567287465
1.4208155887488467
1.418913489188592
1.4169883366389044
1.415040310660018
1.4130695917775244
1.4110763614769148
1.4090608021966635
1.4070230973198876
1.4049634311646455
1.4028819889728978
1.4007789568981928
1.398654521992119
1.3965088721895622
1.3943421962928229
1.3921546839546333
1.3899465256601247
1.3877179127077846
1.385469037189456
1.3832000919694174
1.38091127066259
1.3786027676119217
1.3762747778649815
1.3739274971498177
1.371561121850115
1.3691758489796981
1.3667718761564194
1.3643494015754767
1.3619086239821954
1.3594497426443137
1.3569729573238265
1.3544784682483952
1.3519664760823946
1.3494371818976068
1.3468907871436135
1.3443274936179173
1.3417475034358197
1.339151019000106
1.336538242970542
1.333909378233247
1.331264627869947
1.3286041951271514
1.3259282833852777
1.323237096127752
1.3205308369101192
1.317809709329178
1.3150739169921728
1.3123236634860687
1.3095591523469257
1.3067805870294078
1.3039881708764325
1.3011821070889935
1.2983625986961775
1.2955298485253812
1.2926840591727673
1.289825432973958
1.2869541719749982
1.2840704779035907
1.2811745521406344
1.2782665956920602
1.275346809161006
1.272415392720312
1.2694725460853753
1.2665184684873616
1.2635533586467873
1.2605774147474882
1.2575908344109732
1.2545938146711848
1.251586551949664
1.2485692420311416
1.245542080039537
1.2425052604144053
1.2394589768878124
1.2364034224616536
1.2333387893854215
1.2302652691344234
1.227183052388456
1.2240923290109424
1.2209932880285257
1.21788611761113
1.2147710050524898
1.211648136751148
1.2085176981919188
1.2053798739278279
1.2022348475625173
1.19908280173313
1.1959239180936523
1.1927583772987407
1.189586358988006
1.1864080417707734
1.1832236032113037
1.180033219814482
1.1768370670119663
1.173635319148799
1.1704281494704694
1.1672157301104382
1.1639982320781055
1.1607758252472338
1.1575486783448061
1.1543169589403321
1.1510808334355853
1.1478404670547755
1.1445960238351471
1.1413476666180031
1.1380955570401388
1.1348398555257038
1.1315807212784617
1.1283183122744553
1.1250527852550771
1.121784295720523
1.1185129979236443
1.1152390448641758
1.1119625882833424
1.1086837786588393
1.105402765200178
1.1021196958443915
1.0988347172520927
1.0955479748038872
1.092259612597123
1.088969773442979
1.0856785988638888
1.0823862290912833
1.079092803063659
1.0757984584249594
1.0725033315232528
1.06920755740973
1.0659112698379827
1.0626146012635824
1.0593176828439308
1.056020644438401
1.052723614608743
1.0494267206197587
1.046130088440233
1.042833842744124
1.0395381069120007
1.036243003032722
1.0329486519053541
1.0296551730413173
1.0263626846667642
1.0230713037251717
1.0197811458801516
1.0164923255184704
1.0132049557532672
1.009919148427482
1.0066350141174645
1.003352662136776
1.0000722005401768
0.9967937361277843
0.9935173744494117
0.9902432198090624
