0.29504331092854025
0.18806111562051758
0.13394826345521318
0.10120327754682351
0.07938517784294305
0.0639260081722573
0.05249032617195597
0.043755623596214786
0.036916276905720816
0.03145373138481162
0.02701946492786236
0.023370913348568653
0.02033431886638706
0.017782157794149524
0.015618881886277641
0.013771609630905086
0.012183874765294879
0.01081132353578481
0.009618688719902572
0.008577620587824046
0.00766510546814712
0.006862295009479775
0.006153627464288007
0.005526159862557948
0.004969054647900906
0.004473180913373224
0.00403080167153363
0.003635326418983748
0.0032811137547389415
0.002963312727271372
0.002677734407195931
0.0024207472398207436
0.002189191247337342
0.001980307277933393
0.0017916783456794138
0.0016211807461720296
0.0014669431224056215
0.001327312031913438
0.001200822858001596
0.0010861751355453603
0.000982211540531669
0.0008878999337165125
0.0008023179609389233
0.0007246398022454363
0.0006541247339325075
0.0005901072256987493
0.0005319883421878184
0.0004792282565645221
0.0004313397151469135
0.00038788231789793506
0.0003484575008420561
0.00031270412407089995
0.0002802945836303725
0.00025093137777484984
0.00022434406827607999
0.00020028658603655429
0.00017853483746931847
0.0001588845741894304
0.00014114949372396354
0.00012515954332126952
0.00011075940267297369
0.00009780712454192322
0.00008617291502033523
0.00007573803747066672
0.00006639382622220399
0.000058040797825408806
0.00005058784915973755
0.00004395153299526443
0.00003805540272175672
0.000032829418949288984
0.00002820941152226069
0.000024136591245390297
0.00002055710625496517
0.000017421638551665948
0.000014685036703110441
0.000012305981157887433
0.00001024667901642762
8.472585421904912e-6
6.952149058604114e-6
5.656579491579234e-6
4.559634334810864e-6
3.6374244323629894e-6
2.8682354333248134e-6
2.2323643058555054e-6
1.7119694827278697e-6
1.2909334755821818e-6
9.547369014382236e-7
6.903430002973388e-7
4.860918047447321e-7
3.316032343981095e-7
2.1768847731057656e-7
1.36269121413188e-7
8.030359696630582e-8
4.372061122933525e-8
2.1359414425459755e-8
8.916940965610511e-9
2.9022368097002473e-9
5.992514277230646e-10
4.061506652300203e-11
0.
3.9076429633164956e-11
5.548637302161173e-10
2.5865624999663923e-9
7.650012863540108e-9
1.7641024878201162e-8
3.476424476630671e-8
6.147678533765631e-8
1.0044196000414442e-7
1.5449053272590075e-7
2.2658783652584153e-7
3.19805627691249e-7
4.3729784223635357e-7
5.822796293463014e-7
7.580091580772358e-7
9.677718089687623e-7
1.2148664144301036e-6
1.5025932849450766e-6
1.8342437875956677e-6
2.2130912885802305e-6
2.6423832903289127e-6
3.125334624235742e-6
3.6651215706181498e-6
4.2648768043948035e-6
4.927685068337144e-6
5.6565794915792405e-6
6.454538482630049e-6
7.324483130138051e-6
8.269275059327254e-6
9.29171468465822e-6
0.00001039453982575779
0.0000115804246355075
0.000012851978813976436
0.00001421174706799033
0.000015662208795780064
0.000017205777965902184
0.000018844803169254047
0.000020581567825693808
0.00002241829052322252
0.000024357125476346053
0.00002640016308960083
0.000028549430607432314
0.00003080689284753457
0.000033174452997916364
0.000035653953474735966
0.00003824717682754535
0.0000409558466900562
0.00004378162876151877
0.000046726131820891794
0.00004979090876148854
0.00005297745764563687
0.00005628722277272143
0.00005972159575618986
0.0000632819166083709
0.00006696947482788638
0.00007078551048652018
0.00007473121531514203
0.00007880773378366226
0.00008301616417688375
0.00008735755966034081
0.00009183292933683859
0.00009644323929258832
0.00010118941362997878
0.00010607233549017068
0.00011109284805704757
0.00011625175555060874
0.00012154982420267053
0.00012698778321736435
0.0001325663257154825
0.000138286109661538
0.00014414775877471324
0.00015015186342204093
0.00015629898149331512
0.00016258963926194761
0.00016902433222336973
0.00017560352592126672
0.00018232765675264083
0.00018919713275628104
0.00019621233438613816
0.00020337361526510502
0.0002106813029220946
0.000218135699514827
0.00022573708253257664
0.00023348570548534082
0.0002413817985759043
0.000249425569354619
0.0002576172033616155
0.00026595686475094476
0.00027444469690048365
0.00028308082300699367
0.0002918653466668566
0.0003007983524432032
0.00030987990641528706
0.0003191100567199371
0.00032848883407428635
0.0003380162522886933
0.00034769230876484163
0.00035751698498195304
0.0003674902469704857
0.00037761204577384976
0.0003878823178979344
