0.4884114706543004
0.2671129806880067
0.17035254355443552
0.11781401487773197
0.08577746715245081
0.06473996114716223
0.05018770500826968
0.039723628267176556
0.03196912328051408
0.02608213253041506
0.02152344052813235
0.017934321819019442
0.01506847788924
0.012752253770297062
0.010860406419145461
0.009300821610341032
0.008004581680787336
0.006919340569164284
0.006004802837178102
0.0052295755252985245
0.00456893613063202
0.004003224325901574
0.0035166660824200997
0.0030965024824483834
0.0027323364330346647
0.0024156373362592405
0.0021393616902295695
0.0018976597526125295
0.0016856467701208673
0.0014992231215623588
0.001334931853878718
0.0011898450462874152
0.001061472575264007
0.0009476884149040352
0.0008466707592569111
0.0007568531106521914
0.0006768841215692619
0.0006055944644313994
0.0005419693747442386
0.00048512579778424507
0.0004342932890859848
0.00038879799006842636
0.00034804913397703895
0.00031152764260267097
0.0002787764575053089
0.0002493923156868164
0.0002230187325368933
0.00019933999734504486
0.00017807602090325202
0.00015897790243877145
0.00014182410566817823
0.00012641715215110124
0.00011258075521236122
0.00010015733008561124
0.00008900582617402973
0.0000789998357915424
0.0000700259407830129
0.00006198226428935898
0.00005477719982400289
0.00004832829392628475
0.00004256126213037918
0.00003740912086719554
0.000032811420405454076
0.000028713566000839863
0.000025066216194399
0.000021824748714794776
0.00001894878570893546
0.000016401771135228756
0.000014150594085783619
0.000012165252616047416
0.000010418553353947717
8.885842755379753e-6
7.544766392972276e-6
6.375053119748942e-6
5.358321316065972e-6
4.4779047906349805e-6
3.718696179366441e-6
3.0670059515907675e-6
2.510435351881701e-6
2.0377617995421098e-6
1.6388354434924245e-6
1.304485713597729e-6
1.0264368441725536e-6
7.972314625501172e-7
6.10161435733291e-7
4.5920525911424246e-7
3.389713543045157e-7
2.4464671182176335e-7
1.7195038221224908e-7
1.17091378752934e-7
7.673060731744964e-8
4.79464937152401e-8
2.820403337055058e-8
1.5327035538812074e-8
7.47341013631027e-9
3.1134206380242338e-9
1.010962147783655e-9
2.0815213320000318e-10
1.4051774537558933e-11
0.
1.3518827919757132e-11
1.9270923934097034e-10
9.007992101968104e-10
2.6701529332053418e-9
6.169421035404175e-9
1.217934640259623e-8
2.1573596094759874e-8
3.530305298226373e-8
5.438267308390498e-8
7.988035398766103e-8
1.1290741885008513e-7
1.5461043166932491e-7
2.0616412259897798e-7
2.6876525495530857e-7
3.436272947353749e-7
4.3197576852281116e-7
5.350442173190085e-7
6.540706684749207e-7
7.902945590720075e-7
9.449540505707389e-7
1.1192836948295936e-6
1.3145123983383123e-6
1.5318616567076991e-6
1.7725440260486813e-6
2.0377617995398224e-6
2.328705871681767e-6
2.6465547618165185e-6
2.9924737858214155e-6
3.3676143512450392e-6
3.773113368762975e-6
4.210092762225093e-6
4.679659068742368e-6
5.1829031154961635e-6
5.720899767472282e-6
6.294707738164469e-6
6.905369451244835e-6
7.553910953929104e-6
8.241341869875607e-6
8.96865539224865e-6
9.73682830721094e-6
0.000010546821047894071
0.00001139957777330523
0.000012296026468990825
0.000013237079066818748
0.000014223631582197846
0.000015256564264419797
0.000016336741761813458
0.00001746501329316697
0.000018642212832602395
0.000019869159298594073
0.00002114665675151568
0.000022475494593352297
0.000023856447774427837
0.000025290277001452686
0.00002677772894772477
0.00002831953646595761
0.000029916418800068636
0.000031569081800318406
0.00003327821813448679
0.00003504450750203494
0.000036868616844930596
0.000038751200557513416
0.00004069290069582247
0.00004269434718417372
0.00004475615801880817
0.00004687893947245675
0.00004906328629102859
0.000051309781894315515
0.00005361899856774262
0.00005599149765553434
0.000058427829750361066
0.00006092853487720345
0.00006349414267873863
0.00006612517259379411
0.00006882213403463882
0.00007158552656177904
0.00007441584005382835
0.00007731355487602437
0.00008027914204452082
0.00008331306338960215
0.00008641577171162497
0.0000895877109401632
0.00009282931628551614
0.00009614101438750451
0.0000995232234653711
0.00010297635345951075
0.00010650080617462025
0.00011009697541743576
0.00011376524713421022
0.00011750599954265788
0.00012131960326329721
0.00012520642144824384
0.00012916680990706205
0.00013320111722884062
0.00013730968490453089
0.00014149284744383424
0.0001457509324935712
0.0001500842609500221
0.0001544931470706323
0.0001589778985835627
