0.0038380460782200757
0.0023895433362768046
0.0016591988130899007
0.0012179873105061438
0.0009259537208391925
0.0007213719088699453
0.0005723226001977384
0.0004605450287991549
0.0003748274920305406
0.0003079151397541558
0.0002549184757726168
0.00021243310187741505
0.00017802455621430315
0.0001499127456954885
0.00012677121743654243
0.00010759536572599868
0.00009161352697562017
0.00007822558726941495
0.00006695971393436153
0.000057441307012579585
0.00004937036063763547
0.00004250471886157988
0.00003664753098679792
0.0000316377432642798
0.000027342815487561332
0.00002365308781154842
0.000020477385239183978
0.000017739559868576332
0.000015375750379610425
0.00001333219486554063
0.000011563474027604486
0.000010031091581841187
8.702320745682598e-6
7.549262039002636e-6
6.548069934037303e-6
5.67831519300394e-6
4.922456829404187e-6
4.265403084202874e-6
3.694145028015675e-6
3.1974496790764494e-6
2.7656021049099686e-6
2.390188002606303e-6
2.063909846086291e-6
1.7804309859727366e-6
1.534243089675806e-6
1.3205531451827887e-6
1.1351869085548954e-6
9.745062139034614e-7
8.353380047584235e-7
7.14913298246978e-7
6.108145941552161e-7
5.209304752578038e-7
4.434163481967375e-7
3.766604419271761e-7
3.1925430971569304e-7
2.6996720611282013e-7
2.2772379463612897e-7
1.9158473428262834e-7
1.6072974592208357e-7
1.3444283349577178e-7
1.1209936322022904e-7
9.315476572614414e-8
7.713463997130391e-8
6.36260858089287e-8
5.227009997055855e-8
4.275490561816448e-8
3.4810097317212614e-8
2.820149325325955e-8
2.2726616882794446e-8
1.8210721104743896e-8
1.4503292992883244e-8
1.1474981733800247e-8
9.014893283241283e-9
7.0282140777343424e-9
5.4341184177588354e-9
4.1639310543628744e-9
3.159510639672038e-9
2.37182931512598e-9
1.759726673634974e-9
1.2888153663326068e-9
9.305216616544364e-10
6.612464670400681e-10
4.616300625843268e-10
3.1591109219184803e-10
2.1136725474814707e-10
1.3782809060155808e-10
8.72541808227814e-11
5.3370439805290907e-11
3.1350868700423395e-11
1.7549073612654127e-11
9.265262673751581e-12
4.550319245873926e-12
2.03849523019459e-12
8.095904843817998e-13
2.727738811362403e-13
7.232674120586562e-14
1.3246132172851681e-14
1.168393024534665e-15
1.9698438807864872e-17
0.
1.8713789996414555e-17
1.0547744239234013e-15
1.1205664474909193e-14
5.890376143084747e-14
2.1144847882061533e-13
5.964761586820304e-13
1.4271774780389157e-12
3.0281547939710183e-12
5.8607960829538905e-12
1.0551192649994053e-11
1.7916196291632628e-11
2.898841131788752e-11
4.5042767050854225e-11
6.761893811653926e-11
9.854458603046394e-11
1.3995688505000876e-10
1.9432293557168619e-10
2.644574736344219e-10
3.535407468308267e-10
4.651341146850996e-10
6.031944977712021e-10
7.720872562756206e-10
9.765977532944482e-10
1.2219418647022331e-9
1.5137745921703683e-9
1.858197715919044e-9
2.2617669822543103e-9
2.731497102151812e-9
3.274865946682049e-9
3.899817993104484e-9
4.614766853211303e-9
5.4285969369413236e-9
6.350662749041129e-9
7.390790754654854e-9
8.559276313835699e-9
9.866883504504577e-9
1.1324841662911421e-8
1.2944843349101346e-8
1.4739040227443168e-8
1.6720039123612547e-8
1.8900897186921965e-8
2.129511819368082e-8
2.3916645142080616e-8
2.6779855833628332e-8
2.989955636605042e-8
3.329097545448399e-8
3.696975583478736e-8
4.095194943728764e-8
4.525400880689191e-8
4.989278034461879e-8
5.488549672853394e-8
6.024976897932956e-8
6.600357841240366e-8
7.216526960525447e-8
7.875354128893168e-8
8.578743895453649e-8
9.328634630334482e-8
1.0126997710897336e-7
1.0975836728268674e-7
1.1877186604382383e-7
1.2833112842712282e-7
1.384571055847144e-7
1.4917103822156858e-7
1.6049444762223116e-7
1.724491276077815e-7
1.8505713587630574e-7
1.9834078651017592e-7
2.1232264165816266e-7
2.270255041745311e-7
2.424724083338524e-7
2.586866137333916e-7
2.756915961701541e-7
2.935110410476439e-7
3.1216883487496336e-7
3.31689058414113e-7
3.5209597903577296e-7
3.734140436182875e-7
3.956678715479411e-7
4.188822471561768e-7
4.4308211248360346e-7
4.682925621484041e-7
4.945388345471113e-7
5.218463060499684e-7
5.50240484638824e-7
5.797470036541626e-7
6.103916147634247e-7
6.422001823711922e-7
6.751986772507824e-7
7.094131709514012e-7
7.44869829204262e-7
7.815949069917845e-7
8.196147426148196e-7
8.589557518675427e-7
8.996444232075201e-7
9.417073114775851e-7
9.851710343976179e-7
1.0300622656080362e-6
1.0764077307031967e-6
1.1242342029231445e-6
1.1735684962820272e-6
