2.1784558073687483
1.9850029944890557
1.8240100192404147
1.689120147488239
1.5735183910708528
1.4725802752726573
1.3831525260234974
1.3030068209883203
1.2305124665996858
1.16443968245853
1.1038372599842572
1.0479535952265595
0.9961839426482277
0.9480340995126932
0.903094730339878
0.8610227871148077
0.8215277865937269
0.7843614901583731
0.7493100168620633
0.7161877288001987
0.6848324289484445
0.6551015455285948
0.626869067991478
0.6000230627247137
0.5744636409527251
0.5501012830015891
0.5268554460812509
0.5046533996093014
0.48342924463581005
0.46312308334547275
0.44368031175972217
0.4250510142371593
0.4071894426033412
0.3900535660403932
0.37360468045855344
0.35780706812292945
0.34262769994275794
0.32803597414115915
0.3140034860807773
0.3005038248790466
0.28751239314699567
0.275006246760195
0.26296395204394385
0.2513654581470041
0.240191982704602
0.22942590916408268
0.2190506943751796
0.20905078523979384
0.1994115433787465
0.19011917691137123
0.18116067856129175
0.17252376940231942
0.1641968476444773
0.15616894193413938
0.1484296687061989
0.14096919318129233
0.13377819364901855
0.12684782871978662
0.12016970726417485
0.11373586079060158
0.10753871803994526
0.10157108160038969
0.0958261063674623
0.09029727969363782
0.08497840308889673
0.07986357534922447
0.07494717700381875
0.07022385598438693
0.06568851443165595
0.0613362965646235
0.05716257754856885
0.05316295330712068
0.049333231233267175
0.04566942176352394
0.042167730789206576
0.038824552888603314
0.03563646537529871
0.032600223170127576
0.029712754518644635
0.026971157593453848
0.024372698041742708
0.021914807565321742
0.019595083654887158
0.017411290646079994
0.015361362326523187
0.013443406408474938
0.011655711302286917
0.00999675580057151
0.008465222542887084
0.00706001652898852
0.0057802905799999305
0.004625480687979047
0.0035953559932283517
0.002690091418976527
0.0019103774500386674
0.0012575954201164584
0.0007341203804390079
0.000343911348637452
0.00009392792780716837
-1.9806567896022073*^-15+5.052275658999789*^-15*I
0.00009219175313454007
0.0003314056560636941
0.0006946372990798387
0.0011685676888021255
0.0017433705247679547
0.0024111511095879987
0.0031652704166465536
0.003999984263030589
0.0049102254993749934
0.00589146122009376
0.006939593397147625
0.00805088652646839
0.009221913033968809
0.010449510882640237
0.011730749867615953
0.013062904285072603
0.014443430396385678
0.015869947578848635
0.017340222363911334
0.01885215477451363
0.020403766519514033
0.021993190707405304
0.02361866281735881
0.025278512721384365
0.026971157593451874
0.028695095573253886
0.03044890007698198
0.03223121466668902
0.034040748404851495
0.03587627163306446
0.037736612123139626
0.03962065155718029
0.041527322299271426
0.04345560442691132
0.04540452299474513
0.04737314550661899
0.04936057957535904
0.05136597075195256
0.05338850050829089
0.05542738435940489
0.05748187011264265
0.05955123623286925
0.06163479031377782
0.06373186764644462
0.0658418298773821
0.0679640637488403
0.07009797991506869
0.07224301182872661
0.07439861469219344
0.076564264469049
0.07873945695142903
0.080923706879253
0.08311654710780622
0.08531752782029255
0.08752621578247588
0.08974219363651224
0.09196505923150888
0.09419442498840812
0.0964299172971195
0.0986711759438209
0.10091785356661061
0.10316961513781554
0.10542613747138645
0.10768710875384158
0.10995222809746437
0.11222120511443975
0.11449375951078733
0.11676962069892041
0.11904852742787589
0.12133022743019911
0.12361447708461355
0.12590104109361927
0.12818969217523712
0.13048021076814642
0.13277238474958922
0.1350660091652381
0.1373608859706297
0.13965682378338953
0.14195363764584043
0.14425114879741646
0.14654918445644538
0.14884757761079986
0.15114616681705084
0.15344479600766983
0.15574331430592964
0.15804157584812017
0.1603394396127753
0.1626367692565615
0.16493343295651441
0.16722930325839133
0.16952425693079376
0.17181817482484624
0.17411094173919914
0.17640244629006835
0.1786925807861478
0.18098124110815117
0.18326832659280493
0.1855537399210817
0.1878373870105058
0.19011917691136906
