0.04463969411679829
0.045905191688941534
0.04719821649344727
0.048519045991979474
0.04986794914141425
0.05124518603220661
0.05265100753330755
0.05408565494440043
0.05554935965621521
0.05704234281967243
0.058564815024591564
0.06011697598868896
0.061699014257569296
0.06331110691639462
0.06495341931389641
0.06662610479936505
0.06832930447323356
0.0700631469518306
0.0718277481468613
0.07362321106012892
0.07544962559398301
0.07730706837793926
0.07919560261187913
0.08111527792620034
0.08306613025924023
0.08504818175226374
0.08706144066225067
0.089105901292686
0.09118154394250177
0.09328833487328034
0.09542622629477916
0.09759515636879126
0.09979504923131656
0.10202581503295963
0.10428734999743831
0.10657953649803394
0.10890224315176904
0.11125532493106288
0.11363862329255939
0.1160519663227943
0.11849516890031528
0.1209680328738403
0.1234703472559919
0.1260018884321171
0.12856242038366478
0.13115169492555706
0.13376945195696566
0.13641541972487514
0.1390893150997789
0.14179084386284618
0.1445197010038583
0.14727557102920755
0.1500581282792208
0.15286703725406683
0.1557019529474836
0.1585625211875586
0.16144837898377887
0.16435915487957223
0.1672944693095464
0.17025393496063826
0.17323715713638688
0.17624373412354355
0.17927325756023876
0.18232531280493827
0.18539947930542294
0.18849533096704546
0.19161243651952775
0.19475035988158018
0.19790866052263967
0.20108689382104508
0.20428461141799262
0.20750136156662422
0.21073668947564886
0.21399013764689262
0.21726124620623094
0.22054955322736033
0.22385459504791122
0.2271759065774246
0.2305130215967534
0.23386547304847471
0.2372327933179359
0.24061451450458965
0.2440101686833053
0.24741928815537628
0.2508414056889834
0.2542760547488978
0.2577227697152538
0.26118108609124024
0.26465054069961064
0.26813067186793016
0.271621019602517
0.2751211257510738
0.2786305341540215
0.28214879078459953
0.2856754438778039
0.2892100440482898
0.29275214439736796
0.29630130060927545
0.2998570710369092
0.3034190167772547
0.3069867017367454
0.31055969268683536
0.31413755931007065
0.31771987423697867
0.3213062130741025
0.3248961544235426
0.3284892798943651
0.33208517410626703
0.33568342468589835
0.33928362225624514
0.3428853604195082
0.3464882357338949
0.3500918476847833
0.35369579865068923
0.3572996938644992
0.36090314137042523
0.364505751977141
0.3681071392075557
0.37170691924569604
0.37530471088114564
0.3789001354515031
0.3824928167833114
0.386082381131901
0.38966845712059045
0.3932506756796711
0.3968286699856063
0.4004020754008474
0.40397052941467504
0.407533671585452
0.41109114348466175
0.4146425886430925
0.4181876524995195
0.42172598235220743
0.42525722731355103
0.42878103826814995
0.4322970678345938
0.43580497033122134
0.4393044017460902
0.4427950197113821
0.4462764834824445
0.44974845392164825
0.4532105934872238
0.4566625662272219
0.460104037778706
0.46353467537229254
0.4669541478421009
0.4703621256411852
0.4737582808624768
0.47714228726525476
0.4805138203071472
0.48387255718163313
0.4872181768610059
0.4905503601447374
0.49386878971315695
0.49717315018635466
0.5004631281881818
0.5037384124152264
0.5069986937106005
0.5102436651423853
0.5134730220865452
0.5166864623141147
0.5198836860824512
0.5230643962303311
0.5262282982766493
0.5293751005224857
0.5325045141562681
0.5356162533617763
0.5387100354287109
0.541785580865538
0.5448426135143256
0.5478808606672725
0.5509000531846321
0.553899925613724
0.5568802163087238
0.559840667550925
0.5627810256691559
0.5657010411600445
0.568600468807813
0.5714790678033016
0.5743366018618971
0.5771728393400805
0.5799875533502765
0.5827805218737139
0.5855515278710085
0.5883003593901789
0.5910268096718168
0.5937306772511461
0.5964117660567057
0.5990698855053987
0.6017048505936762
0.6043164819846047
0.6069046060906162
0.6094690551517072
0.6120096673089052
0.6145262866728005
0.6170187633869805
0.6194869536861942
0.6219307199491036
0.6243499307454823
0.6267444608777413
0.6291141914166709
0.6314590097313086
0.6337788095128474
0.6360734907925196
0.6383429599534037
0.6405871297361198
0.6428059192383784
0.6449992539083897
0.6471670655321167
0.6493092922144057
0.6514258783540177
0.6535167746126019
0.6555819378776765
0.6576213312196795
0.6596349238431731
0.6616226910322951
0.663584614090569
0.6655206802751793
0.6674308827258476
0.6693152203884453
0.6711736979334904
0.6730063256696854
0.6748131194526656
0.676594100589127
0.6783492957365236
0.6800787367985155
0.6817824608163751
0.6834605098565417
0.6851129308945452
0.6867397756955036
0.6883411006914165
0.6899169668554778
0.6914674395736264
0.6929925885135734
0.6944924874915248
0.695967214336839
0.697416850754852
0.6988414821880967
0.7002411976761587
0.7016160897143952
0.70296625411175
0.7042917898478965
0.7055927989299341
0.706869386248864
0.7081216594360663
0.7093497287199992
0.7105537067833323
0.7117337086207239
0.712889851397451
0.7140222543090892
0.7151310384424392
0.7162163266378905
0.717278243353398
0.7183169145302584
0.7193324674608499
0.7203250306584975
0.7212947337296237
0.7222417072483299
0.7231660826335499
0.7240679920289117
0.7249475681854277
0.7258049443471357
0.7266402541397982
0.7274536314627621
0.7282452103840711
0.7290151250389177
0.7297635095315125
0.7304904978404363
0.7311962237275403
0.7318808206504464
0.7325444216786923
0.7331871594135565
0.7338091659115987
0.7344105726119321
0.7349915102672451
0.7355521088785775
0.7360924976338579
0.7366128048501839
0.7371131579198446
0.7375936832600577
0.738054506266395
0.7384957512698689
0.7389175414976358
0.7393199990372791
0.7397032448046145
0.7400673985149723
0.7404125786578906
0.7407389024751574
0.7410464859421383
0.7413354437523082
0.7416058893049222
0.7418579346957352
0.7420916907106971
0.7423072668225321
0.7425047711901132
0.7426843106605453
0.7428459907738609
0.7429899157702333
0.7431161885996102
0.7432249109336715
0.7433161831800099
0.7433901044984359
0.743446772819301
0.7434862848637479
0.7435087361657718
0.7435142210960048
0.7435028328871105
0.7434746636606961
0.7434298044556329
0.7433683452576928
0.7432903750303971
0.7431959817469771
0.7430852524233594
0.7429582731520658
0.7428151291369486
0.7426559047286564
0.7424806834607489
0.7422895480863668
0.7420825806153701
0.7418598623518641
0.7416214739320266
0.7413674953621578
0.7410980060568745
0.7408130848773731
0.7405128101696895
0.7401972598028851
0.739866511207088
0.7395206414113291
0.7391597270811077
0.7387838445556252
0.7383930698846326
0.7379874788648345
0.7375671470757997
0.7371321499153283
0.7366825626342256
0.7362184603704458
0.735739918182556
0.7352470110824882
0.7347398140675395
0.734218402151586
0.7336828503954838
0.7331332339366262
0.7325696280176268
0.7319921080141102
0.7314007494615873
0.7307956280813963
0.7301768198056884
0.7295444008014494
0.7288984474935416
0.7282390365867522
0.7275662450868491
0.7268801503206227
0.7261808299549256
0.725468362014692
0.7247428248999466
0.7240042974017967
0.7232528587174122
0.7224885884639971
0.7217115666917554
0.7209218738958614
0.7201195910274363
0.7193047995035483
0.7184775812162364
0.7176380185405795
0.7167861943418137
0.7159221919815177
0.7150460953228793
0.7141579887350541
0.7132579570966402
0.7123460857982759
0.7114224607443873
0.7104871683540985
0.7095402955613224
0.7085819298140577
0.7076121590729019
0.7066310718088107
0.7056387570001178
0.7046353041288392
0.7036208031762795
0.7025953446179672
0.7015590194179361
0.7005119190223759
0.699454135352676
0.6983857607978812
0.6973068882065828
0.6962176108782702
0.6951180225541572
0.6940082174075156
0.6928882900335308
0.6917583354386992
0.6906184490298002
0.6894687266024506
0.6883092643292724
0.6871401587476916
0.6859615067473888
0.684773405557424
0.6835759527330523
0.6823692461422546
0.6811533839520025
0.6799284646142729
0.6786945868518375
0.6774518496438404
0.6762003522111865
0.6749401940017542
0.6736714746754568
0.672394294089162
0.6711087522814906
0.6698149494575145
0.6685129859733601
0.6672029623207416
0.665884979111439
0.6645591370617262
0.6632255369767782
0.6618842797350586
0.660535466272706
0.6591791975679366
0.6578155746254667
0.6564446984609734
0.6550666700856072
0.6536815904905595
0.6522895606317042
0.6508906814143239
0.6494850536779216
0.6480727781811381
0.646653955586782
0.6452286864469745
0.6437970711884279
0.6423592100978592
0.6409152033075469
0.6394651507810413
0.6380091522990343
0.6365473074453929
0.635079715593368
0.6336064758919783
0.6321276872525796
0.6306434483356227
0.6291538575376067
0.6276590129782269
0.6261590124877323
0.6246539535944842
0.6231439335127283
0.6216290491305816
0.6201093969982348
0.6185850733163778
0.6170561739248437
0.6155227942914845
0.6139850295012664
0.6124429742456023
0.6108967228119078
0.6093463690733957
0.6077920064790983
0.6062337280441283
0.6046716263401737
0.6031057934862243
0.6015363211395417
0.5999633004868563
0.598386822235809
0.5968069766066206
0.5952238533240035
0.5936375416093024
0.5920481301728729
0.5904557072066926
0.5888603603772016
0.5872621768183792
0.5856612431250443
0.5840576453463895
0.5824514689797408
0.5808427989645383
0.5792317196765474
0.5776183149222864
0.5760026679336764
0.5743848613629078
0.5727649772775243
0.5711430971557162
0.5695193018818329
0.5678936717420938
0.5662662864205146
0.5646372249950332
0.5630065659338386
0.5613743870918972
0.5597407657076786
0.5581057784000705
0.5564695011654894
0.5548320093751768
0.5531933777726786
0.5515536804715139
0.5499129909530168
0.5482713820643582
0.5466289260167402
0.5449856943837643
0.5433417580999649
0.54169718745951
0.5400520521150601
0.5384064210767942
0.5367603627115826
0.5351139447423233
0.5334672342474182
0.531820297660405
0.5301732007697306
0.5285260087186646
0.5268787860053541
