6.246689594764223e-8
6.92101712415837e-8
7.665302923625151e-8
8.486482533049161e-8
9.39214390009989e-8
1.0390585059698896e-7
1.1490876434007153e-7
1.2702928429584192e-7
1.40375642515221e-7
1.5506598719410276e-7
1.712292329274512e-7
1.8900597792036442e-7
2.085494932617025e-7
2.3002678950833147e-7
2.536197647594952e-7
2.7952644056248824e-7
3.0796229283047977e-7
3.391616810294051e-7
3.7337938585736126e-7
4.108922585165284e-7
4.520009935514125e-7
4.970320285688178e-7
5.463395812709985e-7
6.003078318102821e-7
6.593532607214028e-7
7.239271478381172e-7
7.945182479679051e-7
8.716556473787543e-7
9.559118173074503e-7
1.0479058705432046e-6
1.1483070369725577e-6
1.257838367374558e-6
1.377280679595071e-6
1.5074767589632543e-6
1.6493358270979675e-6
1.8038382939796693e-6
1.9720408044450914e-6
2.155081598862014e-6
2.3541861990129734e-6
2.5706734375777196e-6
2.8059618459611836e-6
3.0615764191073116e-6
3.339155772488226e-6
3.6404597094293923e-6
3.967377216661106e-6
4.321934907915262e-6
4.706305931070736e-6
5.1228193606664254e-6
5.573970093671037e-6
6.062429267765457e-6
6.591055222612259e-6
7.162905023991405e-6
7.781246568822087e-6
8.449571295625507e-6
9.171607513707057e-6
9.951334379655915e-6
0.000010792996531718628
0.000011701119410924296
0.000012680525282680427
0.000013736349980101003
0.00001487406038892415
0.000016099472692294808
0.00001741877139214882
0.000018838529128428496
0.000020365727309126237
0.000022007777570382446
0.000023772544081583673
0.000025668366709150573
0.000027704085054034865
0.000029889063374854895
0.00003223321640809548
0.00003474703609619682
0.00003744161923134738
0.000040328696022901685
0.000043420659595376535
0.000046730596417682895
0.00005027231767053634
0.00005406039154773721
0.00005811017649332912
0.00006243785536876184
0.00006706047054531778
0.00007199595991132946
0.00007726319378676681
0.00008288201272831254
0.00008887326621068987
0.00009525885216569905
0.00010206175735467237
0.00010930609855335634
0.00011701716451731617
0.00012522145869976297
0.00013394674268485778
0.00014322208030075886
0.00015307788236891535
0.0001635459520460746
0.00017465953070958194
0.0001864533443324154
0.00019896365029371138
0.00021222828456289038
0.00022628670919204924
0.00024118006005155942
0.0002569511947317898
0.0002736447405389696
0.0002913071424999592
0.00030998671129445877
0.00032973367102328514
0.00035060020671970853
0.0003726405115064301
0.00039591083329658426
0.00042046952093128354
0.00044637706964647557
0.0004736961657525315
0.0005024917304086434
0.0005328309623728666
0.0005647833795987662
0.0005984208595518826
0.0006338176781138072
0.0006710505469363482
0.0007101986491079011
0.000751343672991354
0.0007945698440886039
0.000839963954785264
0.0008876153918262895
0.0009376161613751039
0.0009900609115006357
0.0010450469519432779
0.0011026742710044896
0.001163045549405794
0.001226266170965814
0.0012924442299407654
0.0013616905348759565
0.0014341186088192412
0.001509844685746987
0.0015889877030549724
0.0016716692899746166
0.0017580137517700398
0.0018481480495832897
0.0019422017757963319
0.002040307124781272
0.0021425988589216277
0.0022492142697874847
0.002360293134357886
0.0024759776661916017
0.0025964124614523514
0.002721744439704837
0.0028521227794074864
0.0029876988480358664
0.0031286261267822932
0.0032750601297844165
0.0034271583178535664
0.0035850800066740355
0.003748986269469429
0.0039190398341330855
0.004095404974838193
0.004278247398155351
0.00446773412371871
0.0046640333594923766
0.004867314371707453
0.0050777473495494975
0.005295503264693363
0.005520753725793769
0.005753670828057541
0.005994426998033955
0.006243194833775798
0.006500146940538514
0.006765455762195353
0.007039293408564186
0.0073218314788529824
0.007613240881442386
0.007913691650240298
0.008223352757852158
0.008542391925826193
0.00887097543223911
0.009209267916904866
0.00955743218449292
0.00991562900585882
0.010284016917891473
0.010662752022198005
0.011051987782944733
0.011451874824191435
0.01186256072704967
0.012284189827012517
0.012716903011796668
0.013160837520050648
0.013616126741279832
0.014082900017340654
0.014561282445860952
0.015051394685939409
0.01555335276647646
0.0160672678974897
0.01659324628475991
0.017131388948153428
0.017681791543959255
0.018244544191575625
0.01881973130487123
0.019407431428542808
0.020007717079780357
0.020620654595540727
0.02124630398572348
0.021884718792529602
0.022535945956275918
0.023200025687921254
0.023876991348550636
0.024566869336051688
0.025269678979199336
0.025985432439355777
0.026714134619974256
0.02745578308407867
0.02821036797988183
0.02897787197468115
0.02975827019716067
0.030551530188207127
0.0313576118603344
0.03217646746579263
0.03300804157342044
0.03385227105428321
0.034709085076121075
0.03557840510661881
0.036460144925484016
0.03735421064531264
0.03826050074119774
0.03917890608902399
0.040109310012375346
0.04105158833796372
0.04200560945947599
0.04297123440971829
0.04394831694092419
0.04493670361307592
0.04593623389008039
0.04694674024362164
0.047968048264504314
0.04899997678128721
0.05004233798599794
0.05109493756670587
0.052157574846722024
0.053230042930185836
0.05431212885378857
0.055403613744375
0.05650427298215966
0.057613876369284264
0.05873218830343966
0.05985896795626805
0.060993969456257666
0.06213694207583961
0.06328763042238914
0.06444577463283557
0.06561111057158099
0.06678337003142654
0.06796228093720368
0.06914756755181241
0.07033895068436148
0.0715361479001142
0.07273887373194032
0.07394683989298038
0.07515975549022942
0.07637732723875088
0.07759925967623685
0.07882525537763435
0.08005501516956248
0.0812882383442508
0.0825246228727334
0.08376386561704394
0.08500566254115817
0.08624970892044066
0.08749569954935828
0.08874332894723076
0.08999229156179944
0.09124228197039534
0.09249299507850703
0.09374412631554596
0.09499537182762607
0.09624642866717342
0.0974969949791985
0.09874677018406693
0.09999545515661772
0.10124275240148356
0.10248836622447981
0.10373200289993495
0.10497337083384771
0.10621218072276194
0.10744814570826033
0.10868098152698899
0.10991040665612786
0.11113614245424205
0.11235791329744024
0.11357544671079423
0.11478847349496588
0.11599672784800605
0.11719994748229354
0.118397873736589
0.1195902516831912
0.1207768302301829
0.1219573622187712
0.12313160451571818
0.12429931810088621
0.1254602681499051
0.1266142241119925
0.1277609597829575
0.128900253373422
0.13003188757230114
0.131155649605595
0.13227133129053545
0.1333787290851527
0.1344776441333175
0.13556788230532632
0.13664925423409802
0.13772157534705742
0.13878466589377664
0.13983835096946007
0.14088246053435277
0.14191682942915398
0.14294129738653102
0.1439557090388182
0.14495991392199173
0.14595376647601968
0.14693712604167888
0.14790985685393354
0.14887182803198123
0.14982291356605398
0.15076299230108586
0.15169194791733956
0.15260966890809516
0.15351604855450363
0.1544109848977046
0.15529438070830903
0.15616614345335206
0.15702618526080916
0.15787442288178388
0.1587107776504609
0.1595351754419262
0.16034754662795023
0.16114782603083536
0.16193595287541693
0.1627118707393196
0.16347552750155595
0.1642268752895673
0.16496587042478958
0.16569247336683854
0.16640664865640226
0.1671083648569235
0.16779759449515966
0.16847431400070237
0.16913850364453756
0.16979014747672483
0.1704292332632731
0.17105575242229068
0.17166969995948028
0.17227107440305214
0.17285987773812486
0.17343611534068237
0.1739997959111516
0.1745509314076661
0.1750895369790761
0.17561563089776738
0.1761292344923439
0.17663037208023297
0.17711907090026577
0.1775953610452852
0.17805927539483163
0.1785108495479572
0.17895012175620953
0.17937713285683704
0.17979192620625076
0.18019454761379075
0.18058504527583188
0.18096346971026755
0.1813298736914082
0.1816843121853262
0.1820268422856824
0.1823575231500639
0.18267641593686082
0.18298358374271106
0.1832790915405389
0.18356300611821358
0.18383539601784635
0.1840963314757525
0.18434588436309599
0.18458412812723687
0.1848111377337976
0.18502698960946679
0.18523176158555235
0.18542553284230204
0.18560838385399878
0.18578039633484822
0.18594165318566422
0.18609223844136394
0.18623223721928137
0.18636173566830397
0.1864808209188421
0.1865895810336352
0.18668810495939941
0.1867764824793189
0.18685480416638814
0.18692316133760245
0.18698164600900072
0.18703035085156036
0.18706936914794614
0.18709879475010802
0.18711872203773133
0.18712924587753485
0.18713046158341393
0.1871224648774284
0.1871053518516264
0.18707921893070628
0.187044162835508
0.18700028054732884
0.18694766927306072
0.1868864264111405
0.18681664951830873
0.18673843627716924
0.18665188446454367
0.1865570919206123
0.18645415651883426
0.18634317613664073
0.18622424862689055
0.1860974717900805
0.18596294334730382
0.18582076091394595
0.1856710219741089
0.1855138238557557
0.18534926370656513
0.18517743847048834
0.1849984448649964
0.18481237935900988
0.18461933815150045
0.18441941715075433
0.1842127119542897
0.18399931782941428
0.18377932969441654
0.18355284210037714
0.18331994921359596
0.18308074479861677
0.1828353222018459
0.18258377433575174
0.18232619366363517
0.18206267218496122
0.18179330142124114
0.1815181724024559
0.18123737565400888
0.18095100118420032
0.18065913847221193
0.1803618764565905
0.18005930352422408
0.17975150749979685
0.17943857563571664
0.17912059460250007
0.17879765047961488
0.17846982874675668
0.17813721427556445
0.17779989132175408
0.17745794351766875
0.17711145386523114
0.1767605047292919
0.17640517783136433
0.17604555424373405
0.17568171438394103
0.17531373800961497
0.17494170421366806
0.17456569141982475
0.17418577737848825
0.17380203916293155
0.1734145531658054
0.17302339509595638
0.17262863997554623
0.17223036213746257
0.17182863522301806
0.17142353217992526
0.1710151252605436
0.17060348602038847
0.1701886853168954
0.16977079330843514
0.16934987945356766
0.16892601251053266
0.16849926053696734
0.16806969088984464
0.16763737022562678
0.1672023645006272
0.1667647389715727
0.16632455819636305
0.1658818860350183
0.16543678565081069
0.1649893195115728
0.16453954939117837
0.1640875363711895
0.16363334084266326
0.1631770225081124
0.16271864038361955
0.16225825280109196
0.1617959174106563
0.16133169118319066
0.1608656304129814
0.16039779072050855
0.15992822705534845
0.15945699369919397
0.1589841442689826
0.15850973172013394
0.15803380834988648
0.15755642580073498
0.15707763506395875
0.15659748648324268
0.1561160297583803
0.15563331394906282
