0.2442057353271502
0.13355649034400335
0.08517627177721776
0.05890700743886598
0.042888733576225406
0.03236998057358111
0.02509385250413484
0.019861814133588278
0.01598456164025704
0.01304106626520753
0.010761720264066176
0.008967160909509721
0.00753423894462
0.006376126885148531
0.0054302032095727305
0.004650410805170516
0.004002290840393668
0.003459670284582142
0.003002401418589051
0.0026147877626492622
0.00228446806531601
0.002001612162950787
0.0017583330412100499
0.0015482512412241917
0.0013661682165173323
0.0012078186681296202
0.0010696808451147847
0.0009488298763062647
0.0008428233850604337
0.0007496115607811794
0.000667465926939359
0.0005949225231437076
0.0005307362876320035
0.0004738442074520176
0.00042333537962845557
0.0003784265553260957
0.00033844206078463096
0.0003027972322156997
0.0002709846873721193
0.00024256289889212253
0.0002171466445429924
0.00019439899503421318
0.00017402456698851948
0.00015576382130133549
0.00013938822875265446
0.0001246961578434082
0.00011150936626844665
0.00009966999867252243
0.00008903801045162601
0.00007948895121938572
0.00007091205283408912
0.00006320857607555062
0.00005629037760618061
0.00005007866504280562
0.00004450291308701487
0.0000394999178957712
0.00003501297039150645
0.00003099113214467949
0.000027388599912001446
0.000024164146963142374
0.00002128063106518959
0.00001870456043359777
0.000016405710202727038
0.000014356783000419931
0.0000125331080971995
0.000010912374357397388
9.47439285446773e-6
8.200885567614378e-6
7.0752970428918096e-6
6.082626308023708e-6
5.209276676973858e-6
4.442921377689876e-6
3.772383196486138e-6
3.187526559874471e-6
2.679160658032986e-6
2.2389523953174903e-6
1.8593480896832206e-6
1.5335029757953837e-6
1.2552176759408504e-6
1.0188808997710549e-6
8.194177217462123e-7
6.522428567988645e-7
5.132184220862768e-7
3.986157312750586e-7
3.050807178666455e-7
2.2960262955712123e-7
1.6948567715225786e-7
1.2232335591088168e-7
8.597519110612454e-8
5.8545689376467e-8
3.836530365872482e-8
2.397324685762005e-8
1.410201668527529e-8
7.663517769406037e-9
3.736705068155135e-9
1.5567103190121169e-9
5.054810738918275e-10
1.0407606660000159e-10
7.0258872687794666e-12
0.
6.759413959878566e-12
9.635461967048517e-11
4.503996050984052e-10
1.3350764666026709e-9
3.0847105177020873e-9
6.089673201298115e-9
1.0786798047379937e-8
1.7651526491131864e-8
2.719133654195249e-8
3.9940176993830516e-8
5.645370942504256e-8
7.730521583466246e-8
1.0308206129948899e-7
1.3438262747765428e-7
1.7181364736768744e-7
2.1598788426140558e-7
2.6752210865950427e-7
3.2703533423746035e-7
3.9514727953600374e-7
4.7247702528536944e-7
5.596418474147968e-7
6.572561991691562e-7
7.659308283538496e-7
8.862720130243407e-7
1.0188808997699112e-6
1.1643529358408836e-6
1.3232773809082592e-6
1.4962368929107078e-6
1.6838071756225196e-6
1.8865566843814874e-6
2.1050463811125463e-6
2.339829534371184e-6
2.5914515577480817e-6
2.860449883736141e-6
3.1473538690822346e-6
3.4526847256224176e-6
3.776955476964552e-6
4.1206709349378036e-6
4.484327696124325e-6
4.86841415360547e-6
5.273410523947036e-6
5.699788886652615e-6
6.148013234495412e-6
6.618539533409374e-6
7.111815791098923e-6
7.6282821322098984e-6
8.168370880906729e-6
8.732506646583484e-6
9.321106416301197e-6
9.934579649297037e-6
0.00001057332837575784
0.000011237747296676149
0.000011928223887213919
0.000012645138500726343
0.000013388864473862385
0.000014159768232978804
0.000014958209400034318
0.000015784540900159203
0.000016639109067243394
0.00001752225375101747
0.000018434308422465298
0.000019375600278756708
0.000020346450347911237
0.00002134717359208686
0.000022378079009404086
0.000023439469736228376
0.000024531643145514296
0.000025654890947157757
0.00002680949928387131
0.00002799574882776717
0.000029213914875180533
0.000030464267438601726
0.000031747071339369314
0.000033062586296897055
0.00003441106701731941
0.00003579276328088952
0.000037207920026914175
0.000038656777438012185
0.00004013957102226041
0.00004165653169480108
0.00004320788585581249
0.0000447938554700816
0.00004641465814275807
0.000048070507193752253
0.00004976161173268555
0.000051488176729755375
0.000053250403087310126
0.00005504848770871788
0.00005688262356710511
0.00005875299977132894
0.000060659801631648604
0.00006260321072412192
0.00006458340495353102
0.00006660055861442031
0.00006865484245226544
0.00007074642372191712
0.0000728754662467856
0.00007504213047501105
0.00007724657353531615
0.00007948894929178135
