0.03312903929176849
0.034079653270410015
0.03505159565466428
0.036045122284892664
0.03706048471887574
0.038097930000143394
0.039157700428709016
0.040240033334551784
0.041345160854179656
0.042473309710597984
0.043624700997000845
0.04479954996449291
0.045998065814131094
0.0472204514935759
0.04846690349861758
0.04973761167983586
0.051032759054638145
0.05235252162490007
0.053697068200429
0.05506656022844305
0.05646115162925224
0.05788098863830818
0.05932620965477328
0.06079694509674609
0.062293317263260484
0.06381544020316401
0.06536341959096079
0.06693735260969351
0.06853732784091837
0.07016342516181684
0.07181571564946855
0.07349426149229879
0.07519911590870026
0.07693032307281132
0.07868791804742575
0.08047192672399252
0.08228236576965439
0.08411924258126344
0.08598255524629854
0.08787229251060545
0.08978843375286472
0.09173094896569081
0.09369979874325063
0.0956949342752934
0.09771629734746452
0.09976382034778304
0.10183742627914912
0.10393702877774666
0.10606253213720397
0.10821383133836941
0.11039081208455954
0.1125933508421337
0.1148213148862497
0.1170745623516507
0.11935294228833897
0.12165629472198815
0.12398445071894593
0.12633723245568604
0.12871445329256276
0.13111591785172408
0.13354142209905198
0.13599075342998135
0.13846369075907256
0.14096000461319955
0.14347945722822866
0.14602180264905884
0.1485867868329052
0.15117414775570173
0.15378361552151393
0.15641491247484185
0.15906775331571313
0.16174184521745183
0.16443688794703173
0.16715257398790453
0.16988858866521936
0.1726446102733314
0.1754203102055197
0.17821535308582329
0.18102939690291522
0.1838620931459358
0.186713086942203
0.18958201719673448
0.19246851673349963
0.19537221243833766
0.19829272540347154
0.20122967107355322
0.2041826593931744
0.2071512949557814
0.21013517715393193
0.21313390033083507
0.21614705393311484
0.2191742226647385
0.22221498664205522
0.22526892154988581
0.2283355987986089
0.2314145856821895
0.23450544553709024
0.23760773790201623
0.24072101867843465
0.24384484029181186
0.24697875185352078
0.2501222993233527
0.25327502567258664
0.25643647104755185
0.2596061729336368
0.2627836663196744
0.26596848386265726
0.2691601560527177
0.27235821137831573
0.27556217649157333
0.2787715763736969
0.28198593450042414
0.28520477300743274
0.28842761285565244
0.2916539739964103
0.2948833755363492
0.29811533590205325
0.3013493730043146
0.3045850044019746
0.3078217474652719
0.31105911953863014
0.31429663810281855
0.3175338209364145
0.3207701862764992
0.32400525297851734
0.32723854067523356
0.3304695699347084
0.3336978624172318
0.33692294103113807
0.3401443300874338
0.34336155545316754
0.34657414470347353
0.34978162727221296
0.3529835346011514
0.35617940028759526
0.3593687602304222
0.3625511527744352
0.36572611885297307
0.368893202128712
0.37205194913258277
0.3752019094007513
0.37834263560958614
0.38147368370855506
0.38459461305098563
0.3877049865226291
0.39080437066796625
0.393892335814198
0.39696845619286125
0.4000323100590145
0.4030834798079389
0.4061215520893015
0.4091461179187296
0.4121567727867481
0.4151531167650277
0.4181347546099038
0.4211012958631213
0.4240523549497585
0.42698755127329746
0.42990650930779806
0.43280885868714436
0.4356942342913274
0.43856227632973355
0.4414126304214126
0.444244947672299
0.4470588847493562
0.4498541039516344
0.45263027327821137
0.4553870664930079
0.4581241631864605
0.4608412488340373
0.46353801485159657
0.46621415864757176
0.468869383671986
0.47150339946229197
0.4741159216860385
0.4767066721803676
0.47927537898834904
0.48182177639216006
0.4843456049431228
0.4868466114886102
0.4893245491958413
0.4917791775725773
0.49421026248474914
0.49661757617102825
0.49900089725437496
0.501360010750589
0.5036947080738904
0.5060047870395648
0.5082900518637096
0.5105503131601106
0.5127853879342924
0.5149950995747848
0.5171792778416389
0.5193377588522465
0.5214703850645
0.5235770052573462
0.5256574745087785
0.5277116541713225
0.5297394118450606
0.5317406213482543
0.5337151626856155
0.5356629220142874
0.537583791607581
0.5394776698165389
0.5413444610293758
0.5431840756288586
0.5449964299476857
0.54678144622193
0.5485390525426036
0.5502691828054082
0.5519717766587349
0.5536467794499782
0.5552941421702235
0.556913821397377
0.5585057792378001
0.560069983266512
0.5616064064660253
0.5631150271638813
0.5645958289689447
0.5660488007065242
0.5674739363523842
0.5688712349657058
0.5702407006210664
0.5715823423394946
0.5728961740186659
0.5741822143622978
0.5754404868088075
0.5766710194592899
0.5778738450048746
0.5790490006535223
0.5801965280563159
0.5813164732333037
0.5824088864989472
0.5834738223872343
0.5845113395765031
0.5855215008140344
0.5865043728404605
0.5874600263140424
0.5883885357348612
0.5892899793689766
0.5901644391725901
0.5910120007162651
0.5918327531092444
0.592626788923909
0.593394204120415
0.5941350979715533
0.5948495729878693
0.5955377348430738
0.5961996922997908
0.5968355571356657
0.5974454440698765
0.5980294706900703
0.5985877573797627
0.5991204272462253
0.5996276060488878
0.6001094221282858
0.6005660063355708
0.6009974919626155
0.6014040146727291
0.6017857124320083
0.60214272544134
0.6024751960690775
0.6027832687844071
0.6030670900914173
0.6033268084638919
0.6035625742808355
0.603774539762747
0.6039628589086532
0.6041276874339081
0.6042691827087769
0.6043875036978035
0.6044828108999745
0.6045552662896876
0.6046050332585234
0.6046322765578356
0.6046371622421541
0.6046198576134101
0.6045805311659838
0.6045193525325758
0.6044364924309061
0.6043321226112377
0.6042064158047249
0.6040595456725875
0.6038916867561086
0.6037030144274516
0.6034937048412969
0.6032639348872945
0.6030138821433236
0.6027437248295666
0.6024536417633795
0.6021438123149631
0.6018144163638274
0.6014656342560405
0.6010976467622602
0.6007106350365385
0.6003047805758956
0.5998802651806543
0.5994372709155269
0.5989759800714523
0.5984965751281667
0.5979992387175127
0.5974841535874658
0.5969515025668805
0.5964014685309413
0.5958342343673166
0.595249982942999
0.5946488970718333
0.5940311594827151
0.5933969527884576
0.5927464594553143
0.5920798617731524
0.5913973418262648
0.590699081464815
0.5899852622769061
0.589256065561263
0.588511672300523
0.5877522631351234
0.586978018337779
0.586189117788542
0.585385740950434
0.5845680668456438
0.5837362740322822
0.5828905405816854
0.5820310440562603
0.5811579614878608
0.5802714693566944
0.5793717435707391
0.578458959445679
0.5775332916853347
0.5765949143625958
0.575644000900836
0.5746807240558124
0.5737052558980381
0.5727177677956199
0.5717184303975581
0.5707074136174977
0.5696848866179277
0.5686510177948182
0.5676059747626938
0.5665499243401301
0.5654830325356754
0.5644054645341838
0.5633173846835572
0.5622189564818916
0.5611103425650175
0.559991704694434
0.5588632037456248
0.5577249996967558
0.5565772516177463
0.5554201176597076
0.5542537550447462
0.5530783200561231
0.5518939680287666
0.5507008533401324
0.5494991294014058
0.5482889486490411
0.5470704625366336
0.5458438215271183
0.5446091750852914
0.5433666716706518
0.542116458730551
0.5408586826936574
0.5395934889637193
0.5383210219136306
0.5370414248797905
0.5357548401567536
0.5344614089921644
0.5331612715819792
0.5318545670659569
0.5305414335234306
0.5292220079693455
0.5278964263505599
0.5265648235424096
0.5252273333455282
0.5238840884829188
0.522535220597276
0.5211808602485513
0.5198211369117594
0.5184561789750218
0.5170861137378429
0.5157110674096133
0.5143311651083422
0.5129465308596066
0.5115572875957219
0.5101635571551231
0.5087654602819579
0.5073631166258858
0.5059566447420804
0.5045461620914288
0.5031317850409287
0.5017136288642763
0.5002918077426404
0.49886643476562564
0.4974376219324135
0.49600548015308044
0.494570119250093
0.4931316479599705
0.49169017393511827
0.4902458037458198
0.4887986428823954
0.4873487957575122
0.4858963657086518
0.48444145500072555
0.48298416482883927
0.48152459532119884
0.48006284554215983
0.47859901349541056
0.4771331961272921
0.47566548933024866
0.47419598794640355
0.4727247857712624
0.4712519755575362
0.4697776490190849
0.4683018968349712
0.4668248086536338
0.46534647309716454
0.4638669777656927
0.46238640924187563
0.46090485309548596
0.45942239388809875
0.45793911517787284
0.45645509952442326
0.4549704284937839
0.45348518266345594
0.4519994416275379
0.4505132840019412
0.44902678742967816
0.44754002858622866
0.4460530831849805
0.44456602598273665
0.44307893078529265
0.44159187045307857
0.44010491690686326
0.43861814113351894
0.4371316131918428
0.4356454022184346
0.4341595764336281
0.43267420314747007
0.4311893487657507
0.4297050787960777
0.4282214578539956
0.42673854966914593
0.4252564170914664
0.4237751220974272
0.42229472579630317
0.42081528843647914
0.41933686941178344
0.4178595272678539
0.4163833197085291
0.41490830360226394
0.41343453498856964
0.41196206908447364
0.4104909602909994
0.40902126219966506
0.407553027598995
0.4060863084810468
0.40462115604795146
0.4031576207184633
0.40169575213451725
0.4002355991677966
0.3987772099263036
0.39732063176093707
0.395865911272068
0.394413094316123
0.3929622260121605
0.3915133507484505
0.3900665121890492
0.3886217532803677
0.3871791162577374
0.385738642651967
0.384300373295892
0.38286434833091265
0.3814306072135227
0.37999918872182714
0.3785701309620438
0.3771434713749926
0.3757192467425696
0.3742974931942043
0.3728782462132989
0.3714615406436486
0.3700474106958458
0.3686358899536585
0.36722701138039276
0.36582080732522865
0.3644173095295361
0.3630165491331648
0.36161855668071086
0.36022336212775663
0.358830994847085
0.35744148363486644
0.35605485671681764
0.3546711417543338
0.3532903658505873
0.3519125555566025
0.3505377368772955
0.34916593527748396
0.3477971756878671
0.3464314825109713
0.3450688796270632
0.3437093904000326
0.34235303768323666
