1.6012956226681578e-10
1.841431114075248e-10
2.1165846007931125e-10
2.4317049886008e-10
2.7924191676102974e-10
3.2051176755194035e-10
3.6770575943340144e-10
4.2164706091965017e-10
4.832693162160122e-10
5.536303589708876e-10
6.339290158335248e-10
7.255217475450681e-10
8.299436670928971e-10
9.489303920348182e-10
1.0844436517256596e-9
1.2386984897915292e-9
1.414195815510843e-9
1.613756095981541e-9
1.8405598966721482e-9
2.0981903576779387e-9
2.3906827262471347e-9
2.722577562282481e-9
3.098982164852981e-9
3.5256369380794862e-9
4.008990022444596e-9
4.556280249045792e-9
5.175629207666919e-9
5.876142737074108e-9
6.668024222753259e-9
7.562699618328535e-9
8.572955419183045e-9
9.713092580055508e-9
1.0999094366560466e-8
1.244881412604636e-8
1.4082180202403801e-8
1.592142356459552e-8
1.799132730681565e-8
2.031950198897041e-8
2.293668783520543e-8
2.5877087418623858e-8
2.9178730751571192e-8
3.288387511265777e-8
3.7039444696492244e-8
4.1697511166522826e-8
4.691582008074295e-8
5.275836617797119e-8
5.929602320640792e-8
6.660722980025772e-8
7.477873985028892e-8
8.390643866851562e-8
9.409623354868683e-8
1.0546502242782054e-7
1.1814174691070025e-7
1.3226853715841667e-7
1.480019553975744e-7
1.655143444101449e-7
1.8499528842522767e-7
2.0665319801840692e-7
2.3071702305461263e-7
2.574381061417193e-7
2.8709218462827694e-7
3.19981553417494e-7
3.564373963498097e-7
3.9682230005610276e-7
4.415329616841858e-7
4.910031007434643e-7
5.457065930451239e-7
6.061608345800169e-7
6.729303540301319e-7
7.466306863696476e-7
8.279325249873825e-7
9.175661671887698e-7
1.0163262692461753e-6
1.1250769315812273e-6
1.2447571277475658e-6
1.3763864999446917e-6
1.5210715380787595e-6
1.680012162315937e-6
1.8545087306539394e-6
2.045969493263835e-6
2.2559185113375073e-6
2.4860040686753245e-6
2.73800759228906e-6
3.013853110614291e-6
3.3156172681118986e-6
3.6455399247200496e-6
4.006035360376414e-6
4.39970411052557e-6
4.8293454599444455e-6
5.297970613694894e-6
5.808816577403194e-6
6.3653607652972695e-6
6.971336365121772e-6
7.630748483340267e-6
8.347891094341438e-6
9.127364818029457e-6
9.97409555174106e-6
0.000010893353974684576
0.000011890775953222244
0.000012972383863579026
0.000014144608855688537
0.00001541431407768451
0.00001678881887732948
0.000018275924000101964
0.000019883937798633833
0.000021621703467135135
0.000023498627313803413
0.000025524708081661815
0.000027710567324348995
0.000030067480847423292
0.000032607411211651455
0.00003534304130660047
0.00003828780898857256
0.00004145594277692721
0.00004486249860724152
0.000048523397621262314
0.00005245546498781865
0.000056676469728632934
0.000061205165534013
0.00006606133253556431
0.00007126582001217324
0.00007684058998863102
0.00008280876169324813
0.00008919465682557623
0.00009602384559189864
0.0001033231934487308
0.00011112090850124652
0.00011944658948953678
0.00012833127429781057
0.00013780748890786045
0.00014790929672234772
0.00015867234816916868
0.00017013393050026816
0.00018233301768532105
0.00019531032030317816
0.00020910833532143935
0.00022377139565345588
0.00023934571937469078
0.0002558794584774007
0.0002734227470325604
0.00029202774863054144
0.00031174870295833416
0.00033264197137394585
0.000354766081330456
0.0003781817694976485
0.0004029520234273729
0.0004291421216033955
0.00045681967171280416
0.00048605464697749494
0.0005169194203721117
0.0005494887965651728
0.0005838400414079399
0.0006200529087981788
0.0006582096647487818
0.0006983951084825539
0.000740696590383478
0.0007852040266311578
0.0008320099103434352
0.0008812093190639812
0.0009328999184229563
0.000987181961808985
0.0010441582858945393
0.0011039343018568414
0.0011666179821444194
0.0012323198426488695
0.0013011529201398693
0.0013732327448340697
0.0014486773079769963
0.0015276070243217283
0.0016101446893988143
0.0016964154314846704
0.0017865466581785314
0.0018806679975188556
0.0019789112335722053
0.0020814102364445125
0.002188300886678037
0.0022997209940057548
0.002415810210452969
0.0025367099377856437
0.0026625632293231214
0.0027935146861449178
0.002929710347733081
0.003071297577116006
0.0032184249405823578
0.0033712420820579837
0.0035298995922511396
0.0036945488726851565
0.0038653419947562604
0.004042431553964459
0.004225970519487018
0.004416112079271417
0.004613009480846278
0.004816815868057846
0.005027684113954226
0.005245766650057558
0.005471215292269322
0.005704181063673717
0.005944814014511393
0.006193263039608929
0.006449675693559246
0.006714198003958537
0.006986974283011794
0.007268146937833426
0.007557856279768388
0.007856240333073259
0.008163434643297104
0.008479572085710953
0.008804782674134252
0.009139193370513821
0.00948292789560803
0.009836106541135545
0.010198845983741734
0.010571259101139742
0.0109534547907783
0.011345537791387406
0.01174760850774587
0.012159762839014283
0.012582092010966977
0.013014682412451245
0.013457615436397086
0.013910967325685973
0.014374809024183692
0.014849206033231841
0.01533421827387277
0.01582989995508709
0.016336299448293654
0.016853459168361427
0.017381415461359465
0.017920198499268132
0.018469832181845575
0.019030334045843086
0.019601715181735632
0.020183980158125538
0.020777126953956768
0.021381146898661576
0.021996024620347512
0.022621738002109756
0.023258258146544097
0.023905549348512432
0.024563569076199415
0.0252322679604805
0.02591158979260644
0.026601471530187788
0.027301843311453522
0.02801262847773591
0.02873374360411866
0.029465098538174615
0.030206596446693677
0.030958133870301607
0.03171960078583839
0.03249088067636635
0.033271850608656055
0.034062381317987105
0.03486233730008792
0.03567157691003105
0.03648995246788211
0.03731731037089554
0.03815349121203905
0.03899832990461997
0.03985165581277319
0.04071329288757352
0.04158305980851342
0.04246077013009591
0.0433462324332733
0.04423925048146668
0.045139623380892356
0.04604714574491738
0.04696160786216781
0.04788279586810313
0.04881049191977795
0.04974447437350369
0.05068451796512508
0.051630393992629225
0.052581870500800945
0.05353871246764345
0.05450068199228333
0.055467538484084415
0.056439038852690755
0.0574149376987357
0.058394987504942535
0.059378938827359534
0.060366540486469986
0.06135753975792732
0.06235168256266644
0.06334871365615642
0.06434837681655475
0.06535041503154311
0.06635457068362233
0.06736058573365426
0.06836820190244869
0.06937716085019481
0.07038720435355389
0.071398074480229
0.07240951376084032
0.07342126535794412
0.0744330732320382
0.07544468230440797
0.0764558386166752
0.07746628948691922
0.07847578366225111
0.079484071467725
0.08049090495148772
0.08149603802606735
0.08249922660571367
0.08350022873971473
0.08449880474161622
0.08549471731428185
0.08648773167074009
0.08747761565077168
0.08846413983319518
0.08944707764382272
0.09042620545905909
0.09140130270512771
0.0923721519529099
0.0933385390083993
0.09430025299876714
0.09525708645405134
0.09620883538448319
0.09715529935346963
0.09809628154626206
0.09903158883433519
0.09996103183552102
0.10088442496993205
0.10180158651172086
0.10271233863673045
0.10361650746608184
0.1045139231057639
0.1054044196822809
0.10628783537442854
0.1071640124412615
0.10803279724632524
0.10889404027822784
0.10974759616762511
0.11059332370069704
0.11143108582920065
0.11226074967717531
0.11308218654438873
0.11389527190660947
0.1146998854127885
0.11549591087924092
0.11628323628091677
0.11706175373984842
0.11783135951086526
0.11859195396466496
0.11934344156833558
0.12008573086341341
0.12081873444157107
0.1215423689180273
0.12225655490276288
0.1229612169696391
0.1236562836235026
0.12434168726536715
0.12501736415576173
0.12568325437632635
0.1263393017897482
0.12698545399811645
0.1276216622997838
0.1282478816448147
0.12886407058910318
0.12947019124723685
0.13006620924419
0.13065209366591818
0.13122781700893196
0.13179335512892534
0.1323486871885252
0.13289379560424047
0.13342866599267306
0.1339532871160604
0.13446765082721765
0.13497175201393918
0.1354655885429241
0.13594916120328387
0.13642247364969654
0.1368855323452554
0.137338346504075
0.13778092803370473
0.1382132914773995
0.13863545395630408
0.13904743511159048
0.13944925704660166
0.13984094426904387
0.14022252363327
0.14059402428269507
0.140955477592388
0.14130691711186863
0.14164837850815762
0.14197989950910472
0.14230151984703432
0.1426132812027373
0.14291522714984095
0.1432074030995846
0.14348985624603047
0.14376263551173113
0.14402579149388414
0.1442793764109915
0.14452344405005016
0.14475804971429068
0.14498325017148486
0.14519910360284183
0.14540566955250495
0.14560300887767247
0.14579118369934782
0.1459702573537392
0.14614029434432052
0.14630136029456084
0.14645352190133618
0.14659684688903304
0.14673140396435044
0.1468572627718085
0.1469744938499709
0.14708316858838663
0.14718335918525444
0.14727513860581803
0.14735858054149148
0.1474337593697185
0.14750075011456915
0.14755962840807518
0.14761047045230116
0.14765335298215634
0.14768835322894372
0.1477155488846458
0.14773501806694586
0.14774683928498242
0.1477510914058334
0.14774785362172813
0.1477372054179834
0.14771922654165906
0.14769399697092858
0.14766159688516062
0.1476221066357069
0.14757560671738873
0.1475221777406788
0.14746190040457233
0.14739485547013645
0.14732112373474002
0.14724078600694784
0.14715392308207786
0.1470606157184129
0.14696094461405806
0.14685499038443747
0.1467428335404223
0.14662455446708136
0.14650023340304716
0.1463699504204886
0.1462337854056805
0.14609181804016713
0.14594412778250065
0.14579079385055776
0.14563189520441752
0.14546751052979426
0.14529771822201792
0.1451225963705505
0.14494222274403182
0.1447566747758444
0.14456602955018918
0.14437036378866253
0.1441697538373261
0.14396427565426093
0.14375400479759565
0.14353901641400105
0.14331938522764093
0.1430951855295735
0.1428664911675891
0.14263337553647926
0.142395911568731
0.14215417172562958
0.1419082279887691
0.14165815185195862
0.14140401431351549
0.14114588586893748
0.14088383650394803
0.14061793568790198
0.1403482523675465
0.14007485496112937
0.13979781135284436
0.13951718888760858
0.13923305436615976
0.13894547404047397
0.1386545136094839
0.138360238215102
0.13806271243853424
0.13776200029687782
0.13745816523999868
0.13715127014767833
0.1368413773270238
0.1365285485101353
0.1362128448520236
0.13589432692876843
0.13557305473591702
0.1352490876871074
0.13492248461292006
0.13459330375994255
0.1342616027900486
0.1339274387798786
0.1335908682205207
0.13325194701738463
0.13291073049026123
0.1325672733735645
0.13222162981674931
0.1318738533848981
0.1315239970594737
