0.14752165546427012
0.09403055781025879
0.06697413172760659
0.050601638773411756
0.039692588921471525
0.03196300408612865
0.026245163085977984
0.021877811798107393
0.018458138452860408
0.01572686569240581
0.01350973246393118
0.011685456674284327
0.01016715943319353
0.008891078897074762
0.0078094409431388205
0.006885804815452543
0.006091937382647439
0.005405661767892405
0.004809344359951286
0.004288810293912023
0.00383255273407356
0.0034311475047398873
0.0030768137321440037
0.002763079931278974
0.002484527323950453
0.002236590456686612
0.002015400835766815
0.001817663209491874
0.0016405568773694707
0.001481656363635686
0.0013388672035979654
0.0012103736199103718
0.001094595623668671
0.0009901536389666965
0.0008958391728397069
0.0008105903730860148
0.0007334715612028108
0.000663656015956719
0.000600411429000798
0.0005430875677726801
0.0004911057702658345
0.00044394996685825623
0.0004011589804694616
0.00036231990112271816
0.00032706236696625375
0.00029505361284937464
0.0002659941710939092
0.00023961412828226106
0.00021566985757345676
0.00019394115894896753
0.00017422875042102804
0.00015635206203544997
0.00014014729181518624
0.00012546568888742492
0.00011217203413803999
0.00010014329301827714
0.00008926741873465924
0.0000794422870947152
0.00007057474686198177
0.00006257977166063476
0.000055379701336486844
0.00004890356227096161
0.000043086457510167616
0.00003786901873533336
0.000033196913111101994
0.000029020398912704403
0.000025293924579868775
0.000021975766497632217
0.00001902770136087836
0.000016414709474644492
0.000014104705761130345
0.000012068295622695149
0.000010278553127482585
8.710819275832974e-6
7.3425183515552205e-6
6.152990578943716e-6
5.12333950821381e-6
4.236292710952456e-6
3.476074529302057e-6
2.828289745789617e-6
2.279817167405432e-6
1.8187122161814947e-6
1.4341177166624067e-6
1.1161821529277527e-6
8.559847413639349e-7
6.454667377910909e-7
4.773684507191118e-7
3.451715001486694e-7
2.4304590237236607e-7
1.6580161719905476e-7
1.0884423865528828e-7
6.8134560706594e-8
4.015179848315291e-8
2.1860305614667626e-8
1.0679707212729877e-8
4.4584704828052555e-9
1.4511184048501236e-9
2.996257138615323e-10
2.0307533261501014e-11
0.
1.9538214816582478e-11
2.7743186510805866e-10
1.2932812499831961e-9
3.825006431770054e-9
8.820512439100581e-9
1.7382122383153354e-8
3.0738392668828153e-8
5.022098000207221e-8
7.724526636295038e-8
1.1329391826292076e-7
1.599028138456245e-7
2.1864892111817679e-7
2.911398146731507e-7
3.790045790386179e-7
4.838859044843811e-7
6.074332072150518e-7
7.512966424725383e-7
9.171218937978339e-7
1.1065456442901152e-6
1.3211916451644563e-6
1.562667312117871e-6
1.8325607853090749e-6
2.1324384021974017e-6
2.463842534168572e-6
2.8282897457896203e-6
3.2272692413150244e-6
3.6622415650690253e-6
4.134637529663627e-6
4.64585734232911e-6
5.197269912878895e-6
5.79021231775375e-6
6.425989406988218e-6
7.105873533995165e-6
7.831104397890032e-6
8.602888982951092e-6
9.422401584627023e-6
0.000010290783912846904
0.00001120914526161126
0.000012178562738173027
0.000013200081544800415
0.000014274715303716157
0.000015403446423767285
0.000016587226498958182
0.000017826976737367983
0.000019123588413772676
0.0000204779233450281
0.000021890814380759384
0.000023363065910445897
0.00002489545438074427
0.000026488728822818436
0.000028143611386360716
0.00002986079787809493
0.00003164095830418545
0.00003348473741394319
0.00003539275524326009
0.000037365607657571016
0.00003940386689183113
0.000041508082088441875
0.00004367877983017041
0.000045916464668419294
0.00004822161964629416
0.00005059470681498939
0.00005303616774508534
0.00005554642402852379
0.00005812587777530437
0.00006077491210133527
0.00006349389160868217
0.00006628316285774125
0.000069143054830769
0.00007207387938735662
0.00007507593171102046
0.00007814949074665756
0.00008129481963097381
0.00008451216611168487
0.00008780176296063336
0.00009116382837632041
0.00009459856637814052
0.00009810616719306908
0.00010168680763255251
0.0001053406514610473
0.0001090678497574135
0.00011286854126628832
0.00011674285274267041
0.00012069089928795215
0.0001247127846773095
0.00012880860168080775
0.00013297843237547238
0.00013722234845024183
0.00014154041150349684
0.0001459326733334283
0.0001503991762216016
0.00015493995320764353
0.00015955502835996856
0.00016424441703714318
0.00016900812614434666
0.00017384615438242082
0.00017875849249097652
0.00018374512348524286
0.00018880602288692488
0.0001939411589489672
