0.00014234273319605292
0.00007258446138950293
0.000043292583918100516
0.00002797014330245972
0.000019003072386109992
0.000013372981459013985
9.66087011038741e-6
7.122939894337961e-6
5.338325775399868e-6
4.054899038128441e-6
3.1147547222020602e-6
2.415409459968673e-6
1.8883720997091183e-6
1.4867323897036664e-6
1.1776841820227015e-6
9.378694966673652e-7
7.503958912740675e-7
6.028783697881093e-7
4.861260767692834e-7
3.9324466685645495e-7
3.1901240596461895e-7
2.5943997883124867e-7
2.114556911217122e-7
1.7267758488245389e-7
1.4124663256982758e-7
1.1570340053931111e-7
9.489600647647611e-8
7.79108461765629e-8
6.402004660658366e-8
5.264132001988814e-8
4.330708575042699e-8
3.564057284875061e-8
2.9337220524335024e-8
2.4150121995135887e-8
1.9878577959822077e-8
1.6359051958894667e-8
1.3457994292875338e-8
1.106612336461475e-8
9.093853522795533e-9
7.467624139843093e-9
6.126945070645717e-9
5.022009160359411e-9
4.111759198123424e-9
3.362317099363515e-9
2.745705102503512e-9
2.2388025068441583e-9
1.8224916490777373e-9
1.4809586602098043e-9
1.2011185953127764e-9
9.721439531286266e-10
7.850740541575743e-10
6.324953293406002e-10
5.08275052155838e-10
4.0734297934657416e-10
3.255088902715877e-10
2.5931296912493375e-10
2.059003387738274e-10
1.6291819464672503e-10
1.2842907525079902e-10
1.0084063483294301e-10
7.884512295707483e-11
6.137095577019478e-11
4.7541549972077066e-11
3.6641196371254764e-11
2.8086977992548396e-11
2.1405259054333533e-11
1.6212203198108448e-11
1.2198018560724866e-11
9.112735102694029e-12
6.756181708969817e-12
4.968242473094901e-12
3.621416672319782e-12
2.614760062392538e-12
1.8686604662702005e-12
1.320713058780082e-12
9.222130429435263e-13
6.35585176371335e-13
4.3175791124427453e-13
2.8872756675974295e-13
1.8979679738472628e-13
1.2231514527909996e-13
7.720444928771411e-14
4.756193585271121e-14
2.852667781924021e-14
1.660423258332643e-14
9.313769060338118e-15
5.026945047912117e-15
2.649225119830025e-15
1.2413211011167478e-15
5.690394011261664e-16
2.4117216633522073e-16
9.275708024513356e-17
3.1539537212005527e-17
9.124936969336515e-18
2.116865237250793e-18
3.5648774742903596e-19
3.6162701962552856e-20
1.4532385186495779e-21
6.067828498967433e-24
0.
5.6644824051989834e-24
1.2667737296466164e-21
2.943810296387117e-20
2.7102727803232463e-19
1.5031477077689184e-18
6.051872072083439e-18
1.9537553355899552e-17
5.366777160000664e-17
1.303273453692499e-16
2.8719493437134e-16
5.850905124398618e-16
1.1172297975031788e-15
2.0205322959005775e-15
3.600122471160966e-15
5.900978813536486e-15
9.50314904117616e-15
1.4876032165211035e-14
2.2512186090795834e-14
3.3174518345220703e-14
4.803478770635384e-14
6.825928303868513e-14
9.515184311864364e-14
1.305210785443063e-13
1.766055790531911e-13
2.3566803658800735e-13
3.1070147460857724e-13
4.049160098870476e-13
5.223375051099871e-13
6.67075508216992e-13
8.442579649427864e-13
1.0594129407931754e-12
1.3188507479883507e-12
1.6298251149671449e-12
1.9999181708765434e-12
2.4379805989338834e-12
2.9537402664333105e-12
3.557633533792938e-12
4.261303224900276e-12
5.077541909658739e-12
6.020235509901414e-12
7.104307131944389e-12
8.34610512202524e-12
9.763125032514675e-12
1.1374619725992176e-11
1.3200766067686427e-11
1.5263496753604263e-11
1.7586332665948157e-11
2.019421488737009e-11
2.3113891420331837e-11
2.6373637304860608e-11
3.000386238934755e-11
3.403638625446458e-11
3.850515579748182e-11
4.3445851917289305e-11
4.8896494680518723e-11
5.489660443806305e-11
6.148836054651068e-11
6.871553881319632e-11
7.662466852612538e-11
8.526396814865046e-11
9.46843895233982e-11
1.0493888478214307e-10
1.1608300456587253e-10
1.2817460709112163e-10
1.4127389929228807e-10
1.5544392104877033e-10
1.7075014021781104e-10
1.872602686866083e-10
2.0504518761437793e-10
2.2417820630084236e-10
2.4473509716747934e-10
2.667949068486891e-10
2.904388788562721e-10
3.157515956424057e-10
3.428201212148927e-10
3.717345859985049e-10
4.0258788247764454e-10
4.3547602593722387e-10
4.704978480396312e-10
5.077552444897282e-10
5.473530886166861e-10
5.893993659923319e-10
6.340051970279434e-10
6.812845255143577e-10
7.313545833385152e-10
7.843360211641064e-10
8.403520389536702e-10
8.995296249682384e-10
9.61998573386773e-10
1.0278921663384772e-9
1.0973466337808776e-9
1.1705016116827544e-9
1.2475000442131115e-9
1.3284883071059262e-9
1.4136154419912736e-9
1.5030344993091848e-9
1.5969015489282138e-9
1.6953758001741516e-9
1.7986202761720167e-9
1.906800933091739e-9
