0.0005353502564876436
0.000303924283766697
0.00019706376670433552
0.00013675269695064912
0.00009905258614592273
0.00007393221379225179
0.00005643463264496016
0.00004383909560413544
0.00003453807465197578
0.000027528162433015414
0.000022155722032617503
0.000017980131541162647
0.000014695890408371447
0.0000120861345618726
9.993804732605057e-6
8.30317376880125e-6
6.927678056364686e-6
5.801706940860016e-6
4.874945300607187e-6
4.108402533290028e-6
3.4715790295703924e-6
2.940414312508906e-6
2.4957813847477286e-6
2.1223685398529797e-6
1.807839813923437e-6
1.542198325052972e-6
1.3172990330993797e-6
1.126472698957062e-6
9.642333999304125e-7
8.260493929201971e-7
7.081623971148143e-7
6.074441795185276e-7
5.212820775800664e-7
4.4748712317286623e-7
3.8421993098083334e-7
3.2993063047712937e-7
2.833099588526364e-7
2.4324927769695325e-7
2.0880774990512333e-7
1.7918529645301796e-7
1.5370023415940915e-7
1.3177072444805997e-7
1.128993311689014e-7
9.666013165579782e-8
8.268792465134201e-8
7.066917280563285e-8
6.033437785190241e-8
5.145164985374127e-8
4.382126793355625e-8
3.7271071465071046e-8
3.165254614939732e-8
2.683749306124027e-8
2.271518920081521e-8
1.9189963548486775e-8
1.617912116018728e-8
1.3611166942220315e-8
1.1424279822638243e-8
9.565001603258683e-9
7.98710954829741e-9
6.650643942177354e-9
5.521069811366795e-9
4.568552786724974e-9
3.767332785080599e-9
3.0951830142949224e-9
2.532939610684575e-9
2.0640957147294184e-9
1.674448271883209e-9
1.3517914418306979e-9
1.0856511471828102e-9
8.670530177342231e-10
6.883219145008528e-10
5.429067164236553e-10
4.252282338752043e-10
3.3054700164997023e-10
2.5484786161503937e-10
1.9473945912449425e-10
1.4736772340738422e-10
1.103392014037303e-10
8.165542919821873e-11
5.965570757156411e-11
4.29670242273389e-11
3.04608873190668e-11
2.1216173687745733e-11
1.4486085509832302e-11
9.670504913253738e-12
6.2921143059218975e-12
3.9746050553634384e-12
2.425906463182103e-12
1.4219785055201043e-12
7.941939530117727e-13
4.1837761316924416e-13
2.050470893076256e-13
9.164993133310745e-14
3.62854636196463e-14
1.2200154358008142e-14
3.253600868220092e-15
5.700912105563147e-16
5.1811545178876216e-17
8.683112703601779e-19
0.
8.248522269247907e-19
4.6765423380657473e-17
4.889731896806351e-16
2.6725351142942163e-15
9.414686824959556e-15
2.6754528919437872e-14
6.414633893444696e-14
1.3627685553523702e-13
2.642558853437928e-13
4.767118638008074e-13
8.108850805361933e-13
1.31437045063092e-12
2.0459444994054674e-12
3.0766893824894754e-12
4.491407615152596e-12
6.389767773275005e-12
8.886733830147277e-12
1.2114385425456457e-11
1.622224126561865e-11
2.1378194589876475e-11
2.776983875588562e-11
3.560440715499371e-11
4.511032599674639e-11
5.653727256445817e-11
7.015684981340465e-11
8.626365688068899e-11
1.0517509190566048e-10
1.2723222044461503e-10
1.528000460113331e-10
1.8226807281337764e-10
2.1605038542411727e-10
2.54586135452941e-10
2.9833954889382174e-10
3.478004551754637e-10
4.0348445151283704e-10
4.659327042876565e-10
5.357123883307501e-10
6.134166554968971e-10
6.996651332855214e-10
7.951030676184604e-10
9.004021088047377e-10
1.0162602995665028e-9
1.1434013774514027e-9
1.2825756133187785e-9
1.434559189479396e-9
1.6001542280355123e-9
1.7801888043541882e-9
1.9755167246407112e-9
2.187017512660357e-9
2.415596273449168e-9
2.662183545895181e-9
2.9277349229580345e-9
3.2132312174496683e-9
3.5196782859232362e-9
3.848106511353788e-9
4.1995708334342574e-9
4.57515043891689e-9
4.975948889729062e-9
5.403093579180776e-9
5.857735404950286e-9
6.341049103415975e-9
6.854232358405007e-9
7.398505905228556e-9
7.975113298133657e-9
8.585320785634935e-9
9.230416738966901e-9
9.911711522163048e-9
1.0630537582029641e-8
1.1388248537057515e-8
1.2186219708035685e-8
1.3025847093021146e-8
1.3908547673483058e-8
1.4835758942422954e-8
1.5808938764904205e-8
1.682956479403188e-8
1.7899134552789573e-8
1.9019165182704844e-8
2.0191192859506133e-8
2.1416772875119236e-8
2.2697479275924968e-8
2.4034904279450475e-8
2.5430658801885808e-8
2.688637120996024e-8
2.8403687849998036e-8
2.998427224562743e-8
3.162980562877146e-8
3.334198547333672e-8
3.5122526250526376e-8
3.697315907518149e-8
3.889563079833263e-8
4.0891704433402504e-8
4.296315836260383e-8
4.511178698812338e-8
4.733939927542893e-8
4.9647819296564824e-8
5.203888599792603e-8
5.4514452636637374e-8
5.707638666272322e-8
5.972656926995162e-8
6.246689594764223e-8
