0.6829046559273423
0.6357347720163067
0.5916637544712608
0.5527799715487329
0.5183738259341357
0.48764878262472017
0.4599617678992666
0.43481447288371444
0.4118194071948638
0.39067113015896526
0.37112515005545726
0.3529828546579798
0.3360807133941009
0.32028244175203324
0.3054732272004106
0.2915554071324964
0.2784451848263444
0.26607009895402056
0.2543670483796813
0.24328073198865055
0.23276240285104227
0.2227688633995336
0.21326164751895088
0.20420634912539382
0.19557206667995958
0.18733094028874106
0.1794577633665781
0.17192965482095274
0.16472578071637103
0.15782711666913035
0.15121624398355343
0.14487717390708763
0.13879519544991914
0.1329567430566797
0.12734928108575405
0.12196120258530242
0.11678174028410454
0.11180088806229599
0.10700933144920491
0.10239838592625855
0.09795994200259273
0.09368641618760686
0.08957070711469435
0.08560615617868808
0.08178651214017726
0.07810589922611413
0.07455878832025273
0.07113997089148422
0.06784453535430571
0.06466784559499819
0.06160552143095921
0.05865342079936856
0.05580762349642226
0.0530644163097239
0.05042027940516231
0.04787187384560916
0.045416030133004257
0.043049737677518574
0.04077013510837936
0.03857450135028995
0.03646024739776503
0.034424908727021114
0.03246613829161001
0.030581700053795208
0.0287694630088376
0.02702739566409787
0.025353560939005374
0.023746111455886183
0.022203285195142704
0.020723401491558
0.019304857351733186
0.017946124075448208
0.016645744166917054
0.015402328524620975
0.014214553901591664
0.013081160631083524
0.012000950616189356
0.010972785585873567
0.009995585624411229
0.00906832798680528
0.008190046219611963
0.007359829614808206
0.006576823035896882
0.005840227169567799
0.00514929927628847
0.00450335454041005
0.00390176815889599
0.003343978363762848
0.002829490656399163
0.0023578836594293296
0.0019288171937384762
0.0015420435212504494
0.0011974232700625409
0.000894948610724971
0.0006347783192092431
0.0004172938023436974
0.0002431959481341622
0.00011369393450578109
0.00003095846970031044
0
0.000030385042719664674
0.00010954930768633963
0.00023007939628038178
0.0003876624567150176
0.0005791045531729536
0.0008018311305599442
0.001053670715236373
0.001332739440753169
0.0016373713330806237
0.0019660725983561317
0.0023174898033117577
0.0026903866978139476
0.0030836267190266758
0.003496159399076314
0.0039270095522344756
0.004375268501431037
0.004840086839168692
0.005320668368174283
0.0058162649663009835
0.00632617218734293
0.00684972545658153
0.007386296752904736
0.007935291693742847
0.008496146956913454
0.00906832798680947
0.009651326942664407
0.010244660854462784
0.010847869958127792
0.011460516186632307
0.012082181797408234
0.012712468119512554
0.013350994406635789
0.013997396784084617
0.014651327279357819
0.015312452927707151
0.015980454944882826
0.016655027960473905
0.017335879306047672
0.018022728352897834
0.01871530589494958
0.01941335357281487
0.020116623335395975
0.020824876935982877
0.021537885459861714
0.022255428881066144
0.022977295645820794
0.02370328228074566
0.024433193023916874
0.025166839477060984
0.02590404027740387
0.02664462078777883
0.027388412803667293
0.028135254276066682
0.0288849890491086
0.029637466611429575
0.03039254186043333
0.031150074878603735
0.031909930721058716
0.032671979213777264
0.03343609476168903
0.0342021561661491
0.03497004645118231
0.03573965269800696
0.03651086588733324
0.03728358074902735
0.03805769561869277
0.03883311230080427
0.03960973593802794
0.040387474886381544
0.041166240595935155
0.041945947496750555
0.0427265128897833
0.04350785684249583
0.04428990208891221
0.04507257393396319
0.04585580016177292
0.04663951094783788
0.04742363877481419
0.04820811835173953
0.04899288653657896
0.04977788226188067
0.050563046463396606
0.0513483220115717
0.05213365364573923
0.05291898791086397
0.053704273096783724
0.05448945917978616
0.055274497766424485
0.056059342039497535
0.05684394670604645
0.057628267947336206
0.05841226337068876
0.05919589196312556
0.05997911404671277
0.060761891235537865
0.061544186394265926
0.062325963598204
0.06310718809479443
0.06388782626650193
0.06466784559499963
