0.3876174200804998
0.34792762497725493
0.31963511311472187
0.2971287132439457
0.2782573036851149
0.26192858687655096
0.24749984971588163
0.23455612313624785
0.22281165479213594
0.2120600975976703
0.2021468931041979
0.19295285867679782
0.18438388799171226
0.17636419822767907
0.16883173974874283
0.1617349797053686
0.15503058935302752
0.14868174369971973
0.1426568468329196
0.13692855988553926
0.13147304846534483
0.12626939205625887
0.1212991148577288
0.11654580897195217
0.11199482872434202
0.10763304041960538
0.10344861576331299
0.09943086001614429
0.09557006802552213
0.09185740281945763
0.08828479260229072
0.08484484286715784
0.08153076100977465
0.07833629134537873
0.07525565883358298
0.07228352013224817
0.06941492085174195
0.06664525808032465
0.0639702474112914
0.061385893831523416
0.0588884659358438
0.05647447301707014
0.054140644651820766
0.0518839124600037
0.0497013937638769
0.047590376912497755
0.045548308070764175
0.04357277930029068
0.04166151778298394
0.03981237605819705
0.03802332316131253
0.03629243656609953
0.0346178948455638
0.0329979709766511
0.03143102622330768
0.02991550454031995
0.028449927447203482
0.02703288932737559
0.025663053113048607
0.02433914632083527
0.023059957407061984
0.021824332415320728
0.02063117189192778
0.019479428047748198
0.018368102147353543
0.017296242108749766
0.016262940298969953
0.015267331512737322
0.014308591123177705
0.013385933395243087
0.012498609954142889
0.011645908402677076
0.010827151082998884
0.010041693980021997
0.009288925765496586
0.008568266983769177
0.007879169382510195
0.007221115394321164
0.00659361777830613
0.0059962194345573785
0.005428493409384487
0.004890043115343975
0.004380502798286949
0.003899538294506777
0.003446848135848424
0.0030221650811309547
0.0026252581812825954
0.002255935527723512
0.001914047896261636
0.0015994935949283243
0.0013122249766329948
0.001052257328853892
0.0008196812867732094
0.000614680709988871
0.00043755951996863484
0.00028878433999360585
0.00016905789852951914
0.0000794616815080415
0.00002179753608483397
0.
0.00002143544221872832
0.00007686390703242673
0.0001608792153222794
0.00027038475582610725
0.00040311170742187634
0.000557246534760051
0.0007312701205409841
0.0009238721273395188
0.0011338994525093712
0.001360322538478738
0.0016022120008476195
0.0018587216634995192
0.002129075798185238
0.002412559246939961
0.002708509593104311
0.003016310832069965
0.0033353881678893156
0.0036652036734861715
0.004005252625780707
0.00435506037694311
0.004714179657703139
0.005082188233328048
0.005458686850764252
0.005843297428650524
0.006235661451796222
0.006635438539246928
0.007042305160845224
0.007455953481715692
0.007876090317653284
0.008302436187225473
0.00873472444867205
0.009172700511522107
0.009616121114356096
0.010064753661367741
0.010518375611412091
0.010976773914071
0.011439744487988786
0.011907091737325844
0.012378628102698219
0.012854173643397462
0.013333555648064703
0.013816608271308742
0.014303172194038854
0.014793094305519077
0.015286227405361959
0.015782429923863098
0.01628156565923579
0.016783503530445425
0.017288117344471138
0.01779528557692727
0.018304891165079194
0.018816821312369194
0.019330967303654564
0.019847224330415306
0.020365491325269637
0.020885670805169797
0.021407668722720378
0.021931394325093886
0.022456760020063294
0.02298368124871147
0.02351207636440397
0.02404186651764981
0.024572975546497778
0.02510532987214282
0.025638858399439104
0.026173492422042307
0.026709165531914488
0.02724581353295052
0.027783374358500812
0.028321787992572647
0.0288609963945159
0.02940094342700739
0.02994157478715783
0.030482837940580064
0.031024682058267628
0.03156705795613632
0.032109918037097826
0.03265321623553796
0.03319690796407942
0.03374095006251907
0.03428530074883186
0.03482991957214448
0.035374767367584194
0.03591980621291237
0.0364649993868625
0.03701031132910085
0.037555707601738125
0.03810115485231831
0.03864662077821878
0.03919207409240167
0.039737484490451024
0.04028282261884358
0.040828060044396534
0.0413731692248422
0.04191812348048191
0.04246289696687061
0.043007464648489924
0.043551802273369626
0.044095886348613854
0.04463969411679829
