5.867842481410136e-7
6.472398354137762e-7
7.135908789611331e-7
7.863751566345724e-7
8.661755906825247e-7
9.536236508376627e-7
1.049402980325353e-6
1.1542532536061508e-6
1.2689742791907868e-6
1.394430360279357e-6
1.5315549230518206e-6
1.6813554293853294e-6
1.8449185841683105e-6
2.0234158524231386e-6
2.2181092993725377e-6
2.4303577687148236e-6
2.661623412601359e-6
2.9134785892404183e-6
3.187613141912862e-6
3.485842076354316e-6
3.8101136513897243e-6
4.162517898166222e-6
4.54529558509853e-6
4.960847643829579e-6
5.411745073221207e-6
5.900739337074882e-6
6.4307732729317286e-6
7.004992527919378e-6
7.626757537527821e-6
8.29965606618077e-6
9.027516322866445e-6
9.814420670547683e-6
0.000010664719944048794
0.0000115830483928203
0.000012574339265084791
0.000013643841046147495
0.0000147971343685394
0.000016040149607173023
0.00001737918517302632
0.000018820926520155488
0.000020372465876950726
0.00002204132271593734
0.00002383546497163957
0.00002576333101829048
0.000027833852415590525
0.00003005647743352095
0.00003244119536028635
0.000034998561604457545
0.00003773972359243308
0.00004067644746708554
0.000043821145591027094
0.00004718690485343071
0.0000507875157826535
0.00005463750246093512
0.000058752153238279144
0.00006314755223850832
0.00006784061165472366
0.00007284910481781828
0.00007819170003400899
0.00008388799517240255
0.00008995855299046831
0.00009642493717686355
0.0001033097490937872
0.00011063666519436787
0.0001184304750892088
0.0001267171202360788
0.00013552373322080316
0.00014487867759628388
0.00015481158824165122
0.00016535341220632745
0.00017653644999211828
0.00018839439723180822
0.00020096238671323658
0.0002142770307006807
0.00022837646349473911
0.0002433003841773809
0.0002590900994773919
0.00027578856669516167
0.00029344043661730943
0.000312092096350955
0.0003317917120038015
0.00035258927113313975
0.00037453662488307174
0.0003976875297250866
0.0004220976887186322
0.00044782479219752637
0.00047492855779291733
0.0005034707696954521
0.0005335153170578078
0.0005651282314367811
0.0005983777231713226
0.0006333342165887535
0.000670070383931428
0.0007086611778922627
0.0007491838626461075
0.0007917180432613747
0.00083634569337643
0.0008831511810217986
0.0009322212924680577
0.0009836452539801427
0.0010375147513572332
0.0010939239471342147
0.0011529694953245834
0.0012147505535834266
0.0012793687926663207
0.0013469284030650781
0.001417536098699891
0.001491301117549403
0.0015683352190993133
0.001648752678497864
0.0017326702773027833
0.0018202072907083757
0.0019114854711494193
0.0020066290281738498
0.002105764604485876
0.0022090212480638904
0.002316530380260028
0.002428425759797314
0.002544843442578842
0.0026659217372375626
0.002791801156354787
0.002922624363282421
0.00305853611451503
0.003199683197560405
0.0033462143642654547
0.0034982802595647645
0.003656033345623474
0.003819627821356081
0.0039892195373131345
0.004164965905932483
0.0043470258071654725
0.004535559489493777
0.004730728466365419
0.004932695408085622
0.005141624029210569
0.005357678971499797
0.005581025682493426
0.005811830289793801
0.006050259471137565
0.006296480320354493
0.006550660209325002
0.006812966646050449
0.007083567128969517
0.007362628997654796
0.007650319280043251
0.007946804536355774
0.008252250699876815
0.00856682291477157
0.00889068537112719
0.009224001137417347
0.00956693199059213
0.009919638244008872
0.010282278573426706
0.010655009841290327
0.011037986919545186
0.011431362511222325
0.01183528697104704
0.012249908125324177
0.012675371091362245
0.013111818096703975
0.013559388298430822
0.01401821760281622
0.014488438485608053
0.014970179813214753
0.0154635666650804
0.01596872015753186
0.01648575726937891
0.017014790669555354
0.017555928547079463
0.01810927444362026
0.018674927088947132
0.019252980239540585
0.01984352252063948
0.02044663727199464
0.021062402397595277
0.021690890219629257
0.022332167336932496
0.02298629448817683
0.023653326420038926
0.024333311760584276
0.025026292898093324
0.025732305865548928
0.026451380230994154
0.02718353899395847
0.02792879848814493
0.028687168290555173
0.029458651137223523
0.03024324284571412
0.031040932244530077
0.03185170110956596
0.03267552410772781
0.033512368747826954
0.034362195338847115
0.035224956955666804
0.03610059941230765
0.0369890612427668
0.03789027368947799
0.03880416069943057
0.03973063892796629
0.04066961775025663
0.041620999280451564
0.042584678398479375
0.04356054278445947
0.04454847296068218
0.0455483423410937
0.046560017288212074
0.04758335717738825
0.048618214468314915
0.04966443478367276
0.050721856994790926
0.051790313314193134
0.05286962939488022
0.05395962443620138
0.05506011129614546
0.05617089660988066
0.05729178091436085
0.058422558778806026
0.05956301894085575
0.06071294444819332
0.061872112805419675
0.0630402961259624
0.06421726128878616
0.0654027700996766
0.06659657945685674
0.06779844152069402
0.06900810388725112
0.07022530976543047
0.07144979815745818
0.07268130404245339
0.07391955856282377
0.07516428921323022
0.07641522003185804
0.07767207179373835
0.0789345622058563
0.0802024061037897
0.08147531564961769
0.08275300053084562
0.08403516816008991
0.08532152387527138
0.08661177114007122
0.08790561174439918
0.08920274600463873
0.09050287296342678
0.0918056905887386
0.09311089597204829
0.09441818552534458
0.09572725517678218
0.09703780056475991
0.09834951723022085
0.09966210080697273
0.10097524720984165
0.10228865282046837
0.10360201467057416
0.10491503062252189
0.1062273995470086
0.10753882149773615
0.10884899788290728
0.11015763163340987
0.11146442736755204
0.11276909155222638
0.11407133266038261
0.11537086132469905
0.1166673904873525
0.11796063554579009
0.11925031449441657
0.12053614806211947
0.12181785984555926
0.12309517643816219
0.12436782755475724
0.12563554615181097
0.12689806854321728
0.12815513451160593
0.12940648741514665
0.13065187428982242
0.13189104594716242
0.13312375706742505
0.1343497662882303
0.13556883628864524
0.13678073386873574
0.13798523002459986
0.1391821000189033
0.14037112344694813
0.14155208429830493
0.14272477101404632
0.1438889765396254
0.14504449837344424
0.14619113861116534
0.14732870398581976
0.1484570059037726
0.1495758604766067
0.15068508854899204
0.15178451572261054
0.15287397237620612
0.1539532936818388
0.15502231961741644
0.1560808949755875
0.15712886936907586
0.15816609723253924
0.1591924378210421
0.16020775520522582
0.16121191826326728
0.1622048006697145
0.1631862808812919
0.16415624211976562
0.16511457235196075
0.16606116426702613
0.16699591525103621
0.16791872735902766
0.16882950728455973
0.16972816632689558
0.17061462035589603
0.1714887897747186
0.1723505994804146
0.17319997882251464
0.1740368615596985
0.17486118581463075
0.17567289402706188
0.176471932905274
0.17725825337596474
0.17803181053265366
0.1787925635826933
0.179540475792973
0.18027551443439385
0.1809976507251972
0.18170685977322726
0.18240312051720142
0.18308641566706851
0.18375673164352713
0.1844140585167779
0.18505838994458035
0.18568972310968238
0.18630805865669386
0.1869134006284651
0.18750575640203684
0.1880851366242262
0.18865155514690377
0.1892050289620253
0.18974557813647167
0.19027322574675393
0.1907879978136361
0.1912899232367257
0.1917790337290849
0.19225536375190638
0.1927189504493015
0.19316983358324713
0.19360805546872922
0.19403366090912733
0.19444669713187937
0.19484721372446115
0.19523526257072
0.19561089778759427
0.19597417566225125
0.19632515458967734
0.1966638950107457
0.19699045935079434
0.19730491195873556
0.19760731904672713
0.19789774863042423
0.19817627046984
0.19844295601082806
0.19869787832721555
0.19894111206359547
0.19917273337880434
0.1993928198900957
0.1996014506180239
0.19979870593205665
0.19998466749692248
0.20015941821970823
0.20032304219771863
0.20047562466710075
0.20061725195224972
0.20074801141599577
0.20086799141058576
0.20097728122945943
0.2010759710598277
0.20116415193605763
0.2012419156938649
0.20130935492531854
0.20136656293465804
0.201413633694925
0.2014506618054086
0.2014777424499051
0.20149497135579122
0.20150244475390816
0.20150025933925605
0.2014885122324954
0.20146730094225143
0.20143672332822116
0.20139687756507324
0.2013478621071444
0.20128977565391873
0.20122271711629142
0.20114678558360746
0.20106208029147166
0.200968700590321
0.2008667459147567
0.2007563157536247
0.20063750962083993
0.20051042702694782
0.20037516745141165
0.2002318303156239
0.20008051495662543
0.1999213206015324
0.1997543463426576
0.19957969111331852
0.19939745366432432
0.19920773254113167
0.19901062606166237
0.1988062322947706
0.19859464903935473
0.19837597380409952
0.19815030378784423
0.19791773586056413
0.19767836654495707
0.19743229199862494
0.19717960799684114
0.19692040991589613
0.19665479271700637
0.19638285093078423
0.19610467864225306
0.19582036947640052
0.19553001658426244
0.19523371262952402
0.1949315497756312
0.19462361967340172
0.1943100134491284
0.1939908216931619
0.19366613444896705
0.193336041202641
0.19300063087288608
0.1926599918014254
0.19231421174385682
0.1919633778609294
0.19160757671024073
0.19124689423834088
0.19088141577323747
0.1905112260172907
0.19013640904049206
0.1897570482741166
0.18937322650474006
0.1889850258686154
0.18859252784639582
0.18819581325820084
0.18779496225901438
0.1873900543344065
0.18698116829657616
0.1865683822806979
0.1861517737415749
0.18573141945058383
0.18530739549290723
0.18487977726504545
0.1844486394725993
0.18401405612832078
0.18357610055041879
0.18313484536111885
0.18269036248546422
0.18224272315035753
0.181791997883832
0.18133825651454785
0.18088156817150708
0.18042200128397912
0.17995962358163572
0.17949450209488052
0.17902670315537764
0.17855629239676513
0.17808333475555171
0.17760789447219116
0.17713003509232605
0.1766498194681984
0.1761673097602211
0.17568256743870367
0.1751956532857289
0.17470662739717358
0.17421554918487053
0.1737224773789053
0.1732274700300441
0.17273058451228604
0.17223187752553945
0.17173140509841275
0.1712292225911196
0.1707253846984915
0.1702199454530947
0.16971295822844806
0.16920447574233638
0.1686945500602146
0.16818323259870427
0.16767057412917044
0.1671566247813819
0.16664143404724907
0.16612505078463416
0.1656075232212338
0.16508889895852777
0.16456922497579252
0.16404854763417404
0.1635269126808209
0.16300436525307008
0.16248094988268447
0.16195671050014146
0.1614316904389655
0.16090593244010426
0.1603794786563469
