0.5328566009753475
0.4608943233355128
0.40904063542731106
0.3689600158201076
0.336521159100387
0.30943281058276273
0.2862952507998256
0.2661909945920753
0.2484861289955701
0.2327244612886013
0.21856687585797502
0.20575453613087843
0.19408549164024075
0.18339922399628833
0.17356610246917709
0.16447998876841963
0.15605292595629816
0.14821124445228495
0.1408926546291154
0.13404404075268034
0.12761976281193313
0.12158033229234055
0.11589136741022489
0.11052276003655993
0.10544800495486209
0.10064365500911408
0.0960888748888853
0.09176507293395836
0.08765559519262743
0.08374546955804305
0.0800211904929106
0.07647053688286673
0.0730824171077451
0.0698467366122576
0.0667542841830617
0.06379663386310545
0.06096606000455481
0.05825546341417923
0.05565830690645652
0.053168558870020345
0.05078064368771704
0.04848939804119575
0.04629003228668697
0.04417809621645845
0.042149448625861126
0.040200230193220436
0.03832683925249216
0.036525910099312164
0.03479429352197729
0.03312903929176863
0.031527380383226895
0.029986718725709623
0.02850461231366461
0.027078763525352923
0.025707008518831218
0.02438730759039184
0.023117736394771094
0.02189647793862
0.020721815269298206
0.019592124790219413
0.018505870141966634
0.01746159659538609
0.01645792590898224
0.015493551608324678
0.014567234649929794
0.013677799436288872
0.012824130152465217
0.01200516739804423
0.011219905091237183
0.010467387624697169
0.009746707255126764
0.009057001711095088
0.008397452005707918
0.007767280442892196
0.007165748808161915
0.0065921567368455595
0.006045840254977343
0.005526170490426558
0.005032552554514933
0.004564424597433978
0.004121257044466265
0.0037025520245326745
0.0033078430083631496
0.0029366946810913536
0.0025887030841532342
0.0022634960751762114
0.0019607341740102992
0.001680111891137789
0.0014213596764106277
0.001184246689911147
0.0009685846978494221
0.0007742335631081937
0.0006011090879928296
0.00044919449329560926
0.00031855785109184215
0.00020938000934734295
0.00012200294007894769
0.000057024079586995436
0.00001552290123586292
0.
0.000015235321940920217
0.00005494478867571585
0.00011542084959479164
0.00019450705393299244
0.00029060708352608705
0.0004024348719710864
0.0005289063643456216
0.0006690817048532458
0.0008221303158499207
0.000987307987228586
0.0011639409195682183
0.0013514140944490623
0.001549162490811987
0.0017566642574476045
0.0019734352791034083
0.002199024765559346
0.0024330116108005465
0.002675001344607574
0.0029246235484988144
0.0031815296416546628
0.003445390965918256
0.003715897115672949
0.003992754470518457
0.004275684897634213
0.004564424597433979
0.004858723071244534
0.005158342193682175
0.00546305537549103
0.005772646805028788
0.006086910758537137
0.0064056509708810645
0.006728680059715461
0.007055818997067064
0.0073868966231752375
0.007721749198141901
0.008060219987530348
0.008402158878552685
0.008747422023899434
0.009095871510628184
0.009447375051826825
0.009801805699029791
0.010159041573592329
0.010518965615421243
0.010881465347627128
0.011246432655816423
0.0116137635808665
0.011983358124141509
0.012355120064205957
0.012728956784185579
0.013104779108997027
0.013482501151741377
0.013862040168621413
0.014243316421789567
0.014626253049593444
0.015010775943723319
0.01539681363280792
0.015784297172045183
0.016173160038478705
0.01656333803157233
0.016954769178749014
0.017347393645596603
0.017741153650457798
0.018135993383142653
0.018531858927527078
0.018928698187807173
0.019326460818205177
0.019725098155929627
0.02012456315721032
0.020524810336236054
0.02092579570684114
0.021327476726788894
0.021729812244515364
0.022132762448203794
0.022536288817068623
0.022940354074732442
0.023344922144593758
0.02374995810707879
0.024155428158688645
0.024561299572748694
0.02496754066177835
0.02537412074140198
0.025781010095726448
0.02618817994411368
0.026595602409286722
0.027003250486698983
0.027411098015116056
0.027819119648346588
0.028227290828075808
0.02863558775774622
0.029043987377442414
0.029452467339731513
0.029861005986419765
0.030269582326182622
0.030678176013031744
0.03108676732558001
0.03149533714707379
0.03190386694615677
0.03231233875833416
0.03272073516811052
0.03312903929176849
