0.06466784559499963
0.06648217038344408
0.068334713500543
0.07022578921685887
0.07215569661372065
0.07412471903324003
0.0761331235401568
0.07818116039662582
0.08026906255109696
0.08239704514241253
0.08456530502017545
0.08677402028249243
0.08902334983205226
0.09131343295162901
0.09364438889983372
0.09601631652814335
0.0984292939200081
0.10088337805283289
0.10337860448367134
0.10591498705926061
0.1084925176511195
0.11111116591627018
0.11377087908413498
0.11647158177008567
0.11921317581606748
0.12199554015864014
0.12481853072473925
0.1276819803553806
0.13058569875745146
0.13352947248371588
0.1365130649410356
0.13953621642679748
0.1425986441934288
0.1457000425408692
0.14884008293674542
0.1520184141639987
0.15523466249562298
0.15848843189607026
0.1617793042489508
0.16510683961045017
0.16847057648796715
0.1718700321432966
0.17530470291979597
0.17877406459275905
0.18227757274230424
0.1858146631480137
0.18938475220445997
0.19298723735685397
0.19662149755587122
0.20028689373080594
0.20398276928010897
0.20770845057837278
0.21146324749881762
0.21524645395025294
0.21905734842761154
0.2228951945749583
0.2267592417600619
0.23064872565946234
0.2345628688530608
0.23850088142717968
0.2424619615851778
0.24644529626450623
0.2504500617593275
0.2544754243476529
0.2585205409220628
0.2625845596230482
0.2666666204740645
0.2707658560173485
0.2748813919496501
0.2790123477569645
0.28315783734744676
0.2873169696816699
0.2914888493994392
0.2956725774423827
0.2998672516715829
0.3040719674794965
0.3082858183955577
0.31250789668470136
0.3167372939382732
0.32097310165665105
0.3252144118230725
0.32946031746809534
0.3337099132241995
0.337962295870034
0.3422165648639123
0.3464718228660742
0.3507271762493995
0.35498173559816426
0.35923461619455377
0.3634849384926023
0.36773182857933207
0.37197441862281433
0.37621184730696994
0.3804432602529134
0.3846678104266704
0.388884658533174
0.39309297339637106
0.3972919323254208
0.40148072146688646
0.4056585361428725
0.40982458117512843
0.41397807119508917
0.41811823093989986
0.42224429553444925
0.4263555107594854
0.43045113330588697
0.4345304310151949
0.43859268310649724
0.44263718038982397
0.44666322546614284
0.45067013291418523
0.4546572294641769
0.458623854158742
0.4625693585010877
0.4664931065907367
0.47039447524698325
0.47427285412027287
0.4781276457917886
0.48195826586140733
0.48576414302431614
0.4895447191365238
0.49329944926949876
0.4970278017542168
0.5007292582148516
0.5044033135923938
0.508049476158468
0.5116672675195851
0.5152562226121344
0.5188158896883919
0.5223458302937724
0.5258456192356643
0.529314844544083
0.5327531074244084
0.5361600222025321
0.5395352162626273
0.5428783299778611
0.5461890166342926
0.5494669423482399
0.5527117859773893
0.5559232390258728
0.5591010055436461
0.5622448020203539
0.5653543572739894
0.5684294123345732
0.5714697203231185
0.5744750463261201
0.5774451672658087
0.5803798717664087
0.5832789600166438
0.586142243628716
0.588969545493955
0.5917606996354194
0.5945155510576061
0.5972339555935127
0.5999157797492582
0.6025609005464524
0.6051692053625131
0.6077405917691421
0.6102749673691282
0.6127722496316641
0.6152323657263586
0.6176552523561241
0.6200408555890862
0.6223891306897062
0.6247000419492528
0.6269735625157893
0.6292096742238088
0.6314083674236817
0.633569640811045
0.63569350125626
0.6377799636340693
0.6398290506535909
0.6418407926887517
0.6438152276092848
0.6457524006123954
0.6476523640552034
0.6495151772880645
0.6513409064888664
0.6531296244983829
0.6548814106567835
0.6565963506413939
0.6582745363057476
0.6599160655200422
0.661521042013063
0.6630895752156201
0.6646217801055856
0.666117777054583
0.66757769167638
0.6690016546770426
0.6703898017068884
0.6717422732143018
0.6730592143014369
0.6743407745818464
0.6755871080400884
0.6767983728933153
0.6779747314549083
0.6791163500001347
0.6802233986339118
0.6812960511606424
0.6823344849561679
0.6833388808418448
0.6843094229607691
0.685246298656133
0.686149698351741
0.6870198154346904
0.6878568461402058
0.6886609894386376
0.6894324469246182
0.6901714227083815
0.6908781233092236
0.6915527575511129
0.6921955364604362
0.6928066731658552
0.6933863828002947
0.6939348824050146
0.6944523908357632
0.6949391286710007
0.6953953181221749
0.6958211829460155
0.6962169483588383
0.6965828409528494
0.6969190886143988
0.697225920444184
0.6975035666793685
0.6977522586175936
0.6979722285428662
0.6981637096532675
0.6983269359905022
0.6984621423712127
0.6985695643200669
0.6986494380045647
0.69870200017156
0.6987274880854459
0.6987261394679904
0.6986981924397722
0.6986438854632224
0.6985634572872039
0.6984571468931184
0.6983251934425114
0.6981678362261408
0.6979853146144744
0.6977778680095955
0.6975457357984773
0.6972891573076127
0.697008371758941
0.696703618227072
0.6963751355977625
0.6960231625276139
0.6956479374049722
0.6952496983119957
0.6948286829878573
0.6943851287930725
0.693919272674888
0.69343135113376
0.692921600190833
0.6923902553564405
0.6918375515995774
0.6912637233183274
0.6906690043112153
0.6900536277494634
0.6894178261501228
0.6887618313500661
0.6880858744808075
0.6873901859441244
0.68667499538848
0.6859405316861962
0.6851870229113759
0.6844146963185462
0.6836237783220048
0.6828144944758419
0.6819870694546311
0.6811417270347667
0.6802786900764104
0.6793981805060652
0.6785004192997226
0.6775856264665976
0.6766540210334054
0.6757058210291917
0.6747412434706769
0.6737605043481208
0.6727638186116796
0.671751400158237
0.6707234618187146
0.6696802153458331
0.6686218714023104
0.667548639549497
0.6664607282364274
0.6653583447892746
0.6642416954012004
0.6631109851225968
0.6619664178516934
0.660808196325533
0.6596365221113035
0.6584515955980111
0.6572536159884944
0.6560427812917621
0.654819288315658
0.6535833326598239
0.6523351087089875
0.6510748096265262
0.6498026273483342
0.6485187525769673
0.6472233747760678
0.6459166821650554
0.644598861714083
0.6432700991392591
0.6419305788981107
0.6405804841853013
0.6392199969285941
0.637849297785043
0.6364685661374294
0.6350779800909148
0.6336777164699245
0.6322679508152538
0.6308488573813817
0.6294206091340042
0.6279833777477679
0.6265373336042174
0.6250826457899384
0.6236194820948964
0.6221480090109741
0.6206683917307009
0.6191807941461638
0.617685378848114
0.6161823071252455
0.61467173896366
0.6131538330465076
0.6116287467538017
0.6100966361624026
0.608557656046178
0.6070119598763222
0.6054596998218458
0.6039010267502244
0.6023360902282104
0.6007650385227989
0.5991880186023507
0.5976051761378712
0.5960166555044406
0.5944225997827868
0.5928231507610123
0.5912184489364669
0.5896086335177577
0.5879938424269048
0.5863742123016362
0.5847498784978186
0.5831209750920217
0.5814876348842202
0.5798499894006254
0.5782081688966414
0.5765623023599591
0.5749125175137684
0.5732589408200918
0.5716016974832483
0.5699409114534311
0.5682767054304065
0.5666092008673237
0.5649385179746448
0.5632647757241861
0.561588091853265
0.5599085828689596
0.5582263640524741
0.5565415494636103
0.5548542519453369
0.5531645831284627
0.5514726534364105
0.5497785720900851
0.5480824471128344
0.5463843853355075
0.5446844924016039
0.5429828727725079
0.5412796297328117
0.5395748653957262
0.5378686807085712
0.5361611754583508
0.5344524482774025
0.5327425966491295
0.5310317169138083
0.5293199042744624
0.527607252802814
0.5258938554453069
0.5241798040291917
0.5224651892686779
0.5207501007711525
0.519034627043456
0.517318855498226
0.5156028724602865
0.513886763173107
0.5121706118053052
0.510454501457206
0.5087385141674536
0.5070227309196664
0.505307231649141
0.5035920952496016
0.5018773995799951
0.5001632214713202
0.49844963673349874
0.49673672016228954
0.4950245455462308
0.4933131856736189
0.49160271233952085
0.48989319635281514
0.48818470754326065
0.4864773147685946
0.48477108592165596
0.48306608793752703
0.4813623868007034
0.4796600475522808
0.4779591342971609
0.4762597102112739
0.47456183754881454
0.47286557764949827
0.4711709909458196
0.46947813697033075
0.46778707436292266
0.4660978608781162
0.4644105533923616
0.46272520791133664
0.4610418795772541
0.45936062267616684
0.4576814906452783
0.4560045360802441
0.4543298107424804
0.4526573655664601
0.4509872506670114
0.4493195153466061
0.44765420810264156
0.44599137663471267
0.4443310678518758
0.44267332787990304
0.4410182020685175
0.43936573499862475
0.4377159704895208
0.436068951606092
0.434424720665993
0.43278331924680913
0.43114478819320046
0.4295091676240246
0.42787649693944163
0.42624681482799337
0.4246201592736634
0.4229965675629134
0.42137607629169194
0.41975872137242387
0.4181445380409651
0.41653356086354154
0.4149258237436495
0.4133213599289363
0.4117202020180447
0.41012238196743334
0.40852793109816365
0.40693688010265366
0.40534925905140573
0.4037650973996936
0.40218442399422444
0.40060726707976135
0.3990336543057131
0.39746361273268993
0.39589716883902415
0.3943343485272501
0.39277517713055576
0.3912196794191885
0.38966787960683125
0.3881198013569353
0.38657546778901536
0.3850349014849103
0.3834981244949987
0.38196515834438
0.38043602403901244
0.3789107420718118
0.3773893324287099
0.3758718145946732
0.37435820755967797
0.3728485298246468
0.37134279940733983
0.36984103384820943
0.3683432502162073
0.3668494651145525
0.3653596946864556
0.36387395462080374
0.36239226015779524
0.3609146260945386
0.35944106679060545
0.35797159617354046
0.35650622774432644
0.3550449745828088
0.35358784935307447
0.3521348643087891
0.35068603129848525
0.34924136177081505
0.3478008667797543
0.34636455698975965
0.34493244268089057
0.3435045337538779
0.3420808397351572
0.340661369781851
0.33924613268671244
0.3378351368830227
0.3364283904494458
0.33502590111483654
0.3336276762630125
0.3322337229374716
