0.7752348401609996
0.6958552499545099
0.6392702262294437
0.5942574264878914
0.5565146073702298
0.5238571737531019
0.49499969943176325
0.4691122462724957
0.4456233095842719
0.4241201951953406
0.4042937862083958
0.38590571735359563
0.36876777598342453
0.35272839645535814
0.33766347949748565
0.3234699594107372
0.31006117870605504
0.29736348739943946
0.2853136936658392
0.2738571197710785
0.26294609693068965
0.25253878411251773
0.2425982297154576
0.23309161794390434
0.22398965744868404
0.21526608083921075
0.20689723152662598
0.19886172003228858
0.19114013605104427
0.18371480563891526
0.17656958520458144
0.16968968573431567
0.1630615220195493
0.15667258269075746
0.15051131766716597
0.14456704026449635
0.1388298417034839
0.1332905161606493
0.1279404948225828
0.12277178766304683
0.1177769318716876
0.11294894603414028
0.10828128930364153
0.1037678249200074
0.0994027875277538
0.09518075382499551
0.09109661614152835
0.08714555860058136
0.08332303556596787
0.0796247521163941
0.07604664632262506
0.07258487313219907
0.0692357896911276
0.0659959419533022
0.06286205244661536
0.0598310090806399
0.056899854894406965
0.05406577865475118
0.051326106226097214
0.04867829264167054
0.04611991481412397
0.043648664830641455
0.04126234378385556
0.038958856095496396
0.03673620429470709
0.03459248421749953
0.032525880597939906
0.030534663025474643
0.02861718224635541
0.026771866790486175
0.024997219908285778
0.02329181680535415
0.021654302165997768
0.020083387960043993
0.018577851530993172
0.017136533967538354
0.01575833876502039
0.014442230788642327
0.01318723555661226
0.011992438869114757
0.010856986818768974
0.00978008623068795
0.008761005596573898
0.007799076589013554
0.006893696271696848
0.006044330162261909
0.005250516362565191
0.004511871055447024
0.003828095792523272
0.0031989871898566486
0.0026244499532659896
0.002104514657707784
0.0016393625735464188
0.001229361419977742
0.0008751190399372697
0.0005775686799872117
0.0003381157970590383
0.000158923363016083
0.00004359507216966794
0.
0.00004287088443745664
0.00015372781406485346
0.0003217584306445588
0.0005407695116522145
0.0008062234148437527
0.001114493069520102
0.0014625402410819682
0.0018477442546790375
0.0022677989050187424
0.002720645076957476
0.003204424001695239
0.0037174433269990385
0.004258151596370476
0.004825118493879922
0.005417019186208622
0.00603262166413993
0.006670776335778631
0.007330407346972343
0.008010505251561413
0.00871012075388622
0.009428359315406278
0.010164376466656097
0.010917373701528505
0.011686594857301048
0.012471322903592444
0.013270877078493856
0.014084610321690448
0.014911906963431384
0.01575218063530657
0.016604872374450946
0.0174694488973441
0.018345401023044213
0.01923224222871219
0.020129507322735482
0.021036751222824182
0.021953547828142
0.022879488975977573
0.02381418347465169
0.024757256205396438
0.025708347286794924
0.026667111296129406
0.027633216542617484
0.028606344388077708
0.029586188611038153
0.030572454810723917
0.031564859847726195
0.03256313131847158
0.03356700706089085
0.034576234688942276
0.03559057115385454
0.03660978233015839
0.03763364262473839
0.03866193460730913
0.03969444866083061
0.040730982650539274
0.041771341610339595
0.042815337445440756
0.04386278865018777
0.04491352004012659
0.04596736249742294
0.04702415272880794
0.04808373303529962
0.049145951092995556
0.05021065974428564
0.05127771679887821
0.052346984844084614
0.053418331063828976
0.05449162706590104
0.055566748717001624
0.05664357598514529
0.0577219927890318
0.05880188685401478
0.05988314957431566
0.06096567588116013
0.062049364116535256
0.06313411591227264
0.06421983607419565
0.06530643247107593
0.06639381592815884
0.06748190012503814
0.06857060149766372
0.06965983914428896
0.07074953473516839
0.07183961242582473
0.072929998773725
0.0740206226582017
0.07511141520347625
0.07620230970463662
0.07729324155643756
0.07838414818480334
0.07947496898090205
0.08056564523768717
0.08165612008879307
0.0827463384496844
0.08383624696096383
0.08492579393374122
0.08601492929697985
0.08710360454673925
0.08819177269722771
0.08927938823359657
