0.12933569118999927
0.13296434076688815
0.136669427001086
0.14045157843371775
0.1443113932274413
0.14824943806648005
0.1522662470803136
0.15636232079325163
0.16053812510219392
0.16479409028482506
0.1691306100403509
0.17354804056498485
0.17804669966410452
0.18262686590325802
0.18728877779966743
0.1920326330562867
0.1968585878400162
0.20176675610566577
0.20675720896734268
0.21182997411852122
0.216985035302239
0.22222233183254037
0.22754175816826996
0.23294316354017133
0.23842635163213496
0.24399108031728028
0.2496370614494785
0.2553639607107612
0.2611713975149029
0.26705894496743177
0.2730261298820712
0.27907243285359495
0.2851972883868576
0.2914000850817384
0.29768016587349083
0.3040368283279974
0.31046932499124597
0.3169768637921405
0.3235586084979016
0.33021367922090034
0.3369411529759343
0.3437400642865932
0.35060940583959194
0.3575481291855181
0.3645551454846085
0.3716293262960274
0.37876950440891993
0.38597447471370794
0.39324299511174243
0.4005737874616119
0.40796553856021794
0.41541690115674557
0.42292649499763524
0.4304929079005059
0.4381146968552231
0.4457903891499166
0.4535184835201238
0.4612974513189247
0.4691257377061216
0.47700176285435936
0.4849239231703556
0.49289059252901246
0.500900123518655
0.5089508486953058
0.5170410818441256
0.5251691192460964
0.533333240948129
0.541531712034697
0.5497627838993002
0.558024695513929
0.5663156746948935
0.5746339393633398
0.5829776987988784
0.5913451548847654
0.5997345033431658
0.608143934958993
0.6165716367911154
0.6250157933694027
0.6334745878765464
0.6419462033133021
0.650428823646145
0.6589206349361907
0.667419826448399
0.675924591740068
0.6844331297278246
0.6929436457321484
0.701454352498799
0.7099634711963285
0.7184692323891075
0.7269698769852047
0.7354636571586641
0.7439488372456287
0.7524236946139399
0.7608865205058268
0.7693356208533408
0.777769317066348
0.7861859467927421
0.7945838646508416
0.8029614429337729
0.811317072285745
0.8196491623502569
0.8279561423901783
0.8362364618797997
0.8444885910688985
0.8527110215189708
0.8609022666117739
0.8690608620303898
0.8771853662129945
0.8852743607796479
0.8933264509322857
0.9013402658283705
0.9093144589283538
0.917247708317484
0.9251387170021754
0.9329862131814733
0.9407889504939665
0.9485457082405457
0.9562552915835772
0.9639165317228147
0.9715282860486323
0.9790894382730476
0.9865988985389975
0.9940556035084336
1.0014585164297032
1.0088066271847875
1.016098952316936
1.0233345350391703
1.0305124452242689
1.0376317793767837
1.0446916605875447
1.0516912384713286
1.058629689088166
1.0655062148488168
1.0723200444050642
1.0790704325252547
1.0857566599557222
1.0923780332685853
1.0989338846964798
1.1054235719547787
1.1118464780517456
1.1182020110872921
1.1244896040407077
1.1307087145479788
1.1368588246691465
1.142939440646237
1.1489500926522402
1.1548903345316175
1.1607597435328174
1.1665579200332876
1.172284487257432
1.17793909098791
1.1835213992708389
1.1890311021152122
1.1944679111870253
1.1998315594985165
1.2051218010929048
1.2103384107250261
1.2154811835382842
1.2205499347382565
1.2255444992633282
1.2304647314527173
1.2353105047122481
1.2400817111781723
1.2447782613794125
1.2494000838985055
1.2539471250315786
1.2584193484476176
1.2628167348473633
1.26713928162209
1.27138700251252
1.2755599272681386
1.2796581013071817
1.2836815853775034
1.2876304552185696
1.2915048012247907
1.2953047281104069
1.299030354576129
1.302681812977733
1.3062592489967657
1.309762821313567
1.3131927012827878
1.3165490726114952
1.3198321310400845
1.323042084026126
1.3261791504312401
1.3292435602111712
1.332235554109166
1.33515538335276
1.3380033093540853
1.3407796034137769
1.3434845464286036
1.3461184286028738
1.3486815491636928
1.3511742160801767
1.3535967457866307
1.3559494629098165
1.3582327000002694
1.3604467972678236
1.3625921023212848
1.3646689699123358
1.3666777616836896
1.3686188459215383
1.370492597312266
1.372299396703482
1.3740396308693807
1.3757136922804116
1.3773219788772753
1.3788648938492365
1.380342845416763
1.3817562466184472
1.3831055151022258
1.3843910729208724
1.3856133463317104
1.3867727656005895
1.387869764810029
1.3889047816715263
1.3898782573420014
1.3907906362443498
1.391642365892031
1.3924338967176766
1.3931656819056988
1.3938381772287975
1.394451840888368
1.395007133358737
1.3955045172351872
1.3959444570857324
1.396327419306535
1.3966538719810044
1.3969242847424255
1.3971391286401338
1.3972988760091294
1.39740400034312
1.3974549761708919
1.397452278935981
1.3973963848795443
1.3972877709264448
1.3971269145744079
1.3969142937862369
1.3966503868850229
1.3963356724522815
1.3959706292289489
1.395555736019191
1.3950914715969547
1.3945783146152253
1.394016743517882
1.393407236454144
1.392750271195525
1.3920463250552277
1.3912958748099444
1.3904993966239914
1.3896573659757145
1.388770257586145
1.387838545349776
1.38686270226752
1.385843200381666
1.384780510712881
1.3836751031991548
1.3825274466366548
1.3813380086224305
1.3801072554989269
1.3788356523002456
1.3775236627001322
1.376171748961615
1.3747803718882488
1.37334999077696
1.3718810633723924
1.3703740458227518
1.3688293926370925
1.3672475566440097
1.3656289889516837
1.3639741389092621
1.3622834540695334
1.3605573801528208
1.3587963610121303
1.3570008385994452
1.3551712529331952
1.3533080420668109
1.3514116420583835
1.3494824869413538
1.3475210086962417
1.345527637223359
1.343502800316474
1.3414469236374291
1.3393604306916662
1.3372437428046209
1.335097279098994
1.3329214564728549
1.3307166895785492
1.3284833908024007
1.3262219702451936
1.3239328357033868
1.321616392651066
1.319273044222607
1.3169031911960223
1.3145072319769888
1.3120855625835242
1.309638576631316
1.3071666653196479
1.304670217417975
1.3021496192530524
1.2996052546966683
1.2970375051539347
1.2944467495521357
1.2918333643301108
1.289197723428166
1.2865401982785183
1.2838611577962213
1.2811609683706027
1.2784399938571882
1.275698595570086
1.2729371322748588
1.2701559601818295
1.267355432939849
1.2645359016305076
1.2616977147627635
1.2588412182680084
1.2559667554955358
1.2530746672084347
1.2501652915798769
1.2472389641897927
1.2442960180219482
1.2413367834614017
1.2383615882923276
1.235370757696228
1.232364614250491
1.22934347792732
1.2263076660930152
1.2232574935076035
1.2201932723248052
1.217115312092356
1.2140239197526443
1.2109193996436916
1.2078020535004488
1.2046721804564209
1.2015300770455979
1.1983760372047014
1.1952103522757425
1.1920333110088812
1.1888451995655736
1.1856463015220247
1.1824368978729338
1.1792172670355154
1.1759876848538096
1.1727484246032724
1.1694997569956371
1.1662419501840433
1.1629752697684403
1.1596999788012508
1.1564163377932828
1.1531246047199182
1.1498250350275367
1.1465178816401835
1.1432033949664966
1.1398818229068621
1.136553410860813
1.1332184017346474
1.1298770359492896
1.1265295514483722
1.12317618370653
1.1198171657379192
1.1164527281049481
1.1130830989272207
1.1097085038906738
1.1063291662569255
1.102945306872821
1.0995571441801701
1.0961648942256688
1.092768770671015
1.0893689848032078
1.0859657455450158
1.0825592594656235
1.0791497307914524
1.0757373614171424
1.0723223509167017
1.068904896554805
1.065485193298259
1.0620634338276167
1.0586398085489248
1.055214505605628
1.0517877108906137
1.0483596080583835
1.0449303785373558
1.041500201542305
1.038069254086912
1.034637710996452
1.031205744920573
1.027773526346214
1.0243412236106104
1.020909002914412
1.0174770283349073
1.0140454618393329
1.010614463298282
1.0071841904992032
1.0037547991599902
1.0003264429426404
0.9968992734669975
0.9934734403245791
0.9900490910924616
0.9866263713472379
0.9832054246790417
0.9797863927056303
0.9763694150865213
0.9729546295371893
0.9695421718433119
0.9661321758750541
0.9627247736014068
0.9593200951045616
0.9559182685943218
0.9525194204225478
0.9491236750976291
0.9457311552989965
0.9423419818916392
0.9389562739406615
0.9355741487258453
0.9321957217562324
0.9288211067847232
0.9254504158226733
0.9220837591545082
0.9187212453523337
0.9153629812905566
0.9120090721604882
0.9086596214849608
0.9053147311329202
0.9019745013340228
0.8986390306932122
0.8953084162052831
0.8919827532694253
0.8886621357037516
0.8853466557598061
0.882036404137035
0.8787314699972495
0.8754319409790416
0.872137903212184
0.868849441331986
0.8655666384936183
0.8622895763864009
0.8590183352480492
0.8557529938788833
0.8524936296559867
0.8492403185473268
0.8459931351258267
0.8427521525833839
0.8395174427448477
0.8362890760819301
0.8330671217270831
0.829851647487299
0.8266427198578726
0.8234404040360894
0.8202447639348667
0.8170558621963273
0.8138737602053073
0.8106985181028115
0.8075301947993871
0.8043688479884489
0.8012145341595227
0.7980673086114262
0.7949272254653799
0.7917943376780483
0.7886686970545002
0.7855503542611115
0.782439358838377
0.7793357592136625
0.7762396027138706
0.7731509355780307
0.7700698029698206
0.7669962489899974
0.76393031668876
0.7608720480780249
0.7578214841436236
0.7547786648574198
0.7517436291893465
0.7487164151193559
0.7456970596492936
0.7426855988146797
0.7396820676964189
0.7366865004324146
0.733698930229105
0.7307193893729113
0.7277479092416075
0.7247845203155905
0.7218292521890772
0.7188821335812109
0.7159431923470809
0.7130124554886529
0.7100899491656176
0.7071756987061489
0.7042697286175782
0.7013720625969705
0.6984827235416301
0.6956017335595086
0.6927291139795193
0.6898648853617811
0.6870090675077558
0.6841616794703144
0.681322739563702
0.6784922653734249
0.6756702737660454
0.6728567808988916
0.6700518022296731
0.667255352526025
0.6644674458749432
