1.065713201950695
0.9217886466710256
0.8180812708546221
0.7379200316402152
0.673042318200774
0.6188656211655255
0.5725905015996512
0.5323819891841506
0.4969722579911402
0.4654489225772026
0.43713375171595004
0.41150907226175687
0.3881709832804815
0.36679844799257666
0.34713220493835417
0.32895997753683925
0.3121058519125963
0.2964224889045699
0.2817853092582308
0.2680880815053607
0.25523952562386626
0.2431606645846811
0.23178273482044978
0.22104552007311987
0.21089600990972418
0.20128731001822817
0.1921777497777706
0.18353014586791672
0.17531119038525486
0.1674909391160861
0.1600423809858212
0.15294107376573346
0.1461648342154902
0.1396934732245152
0.1335085683661234
0.1275932677262109
0.12193212000910962
0.11651092682835847
0.11131661381291304
0.10633711774004069
0.10156128737543409
0.0969787960823915
0.09258006457337394
0.0883561924329169
0.08429889725172225
0.08040046038644087
0.07665367850498432
0.07305182019862433
0.06958858704395458
0.06625807858353726
0.06305476076645379
0.05997343745141925
0.05700922462732922
0.054157527050705846
0.051414017037662435
0.04877461518078368
0.04623547278954219
0.04379295587724
0.04144363053859641
0.039184249580438826
0.03701174028393327
0.03492319319077218
0.03291585181796448
0.030987103216649357
0.029134469299859588
0.027355598872577745
0.025648260304930434
0.02401033479608846
0.022439810182474366
0.020934775249394338
0.019493414510253528
0.018114003422190175
0.016794904011415836
0.015534560885784391
0.01433149761632383
0.013184313473691119
0.012091680509954687
0.011052340980853117
0.010065105109029866
0.009128849194867956
0.00824251408893253
0.007405104049065349
0.006615686016726299
0.005873389362182707
0.0051774061683064684
0.004526992150352423
0.0039214683480205985
0.003360223782275578
0.0028427193528212553
0.002368493379822294
0.0019371693956988442
0.0015484671262163874
0.0012022181759856591
0.0008983889865912185
0.0006371157021836843
0.0004187600186946859
0.00024400588015789537
0.00011404815917399087
0.00003104580247172584
0.
0.000030470643881840435
0.0001098895773514317
0.0002308416991895833
0.0003890141078659849
0.0005812141670521741
0.0008048697439421728
0.0010578127286912432
0.0013381634097064917
0.0016442606316998413
0.001974615974457172
0.0023278818391364365
0.0027028281888981246
0.003098324981623974
0.003513328514895209
0.003946870558206817
0.004398049531118692
0.004866023221601093
0.005350002689215148
0.005849247096997629
0.0063630592833093256
0.006890781931836512
0.007431794231345898
0.007985508941036914
0.008551369795268425
0.009128849194867958
0.009717446142489069
0.01031668438736435
0.01092611075098206
0.011545293610057576
0.012173821517074274
0.012811301941762129
0.013457360119430922
0.014111637994134127
0.014773793246350475
0.015443498396283803
0.016120439975060696
0.01680431775710537
0.017494844047798868
0.018191743021256368
0.01889475010365365
0.019603611398059582
0.020318083147184657
0.021037931230842487
0.021762930695254257
0.022492865311632845
0.023227527161733
0.023966716248283018
0.024710240128411914
0.025457913568371158
0.026209558217994054
0.026965002303482755
0.027724080337242826
0.028486632843579135
0.02925250609918689
0.030021551887446637
0.03079362726561584
0.031568594344090366
0.03234632007695741
0.03312667606314466
0.03390953835749803
0.034694787291193206
0.035482307300915596
0.036271986766285305
0.037063717855054155
0.03785739637561435
0.038652921636410355
0.039450196311859254
0.04024912631442064
0.04104962067247211
0.04185159141368228
0.04265495345357779
0.04345962448903073
0.04426552489640759
0.045072577634137245
0.045880708149464884
0.046689844289187515
0.04749991621415758
0.04831085631737729
0.04912259914549739
0.0499350813235567
0.05074824148280396
0.051562020191452895
0.05237635988822736
0.053191204818573444
0.054006500973397965
0.05482219603023211
0.055638239296693176
0.056454581656151616
0.05727117551549244
0.05808797475488483
0.05890493467946303
0.05972201197283953
0.060539164652365245
0.06135635202606349
0.06217353465116002
0.06299067429414758
0.06380773389231353
0.06462467751666832
0.06544147033622104
0.06625807858353698
