0.08927938823359657
0.09181038337788307
0.09439643298689454
0.09703809198395895
0.0997358982828285
0.10249037206441322
0.1053020150666151
0.10817130988880086
0.11109871931243041
0.11408468563934486
0.11712963004918313
0.12023395197737792
0.12339802851513859
0.12662221383278924
0.12990683862779281
0.1332522095987301
0.1366586089464671
0.1401262939036612
0.1436554962937226
0.14724642212025785
0.15089925118796602
0.1546141367558785
0.15839120522375827
0.16223055585240068
0.16613226051848046
0.17009636350452748
0.17412288132450135
0.178211802585372
0.18236308788500355
0.18657666974656067
0.19085245258955832
0.19519031273758253
0.19959009846263312
0.20405163006591925
0.20857469999487663
0.21315907299606787
0.21780448630353808
0.22251064986212576
0.22727724658511878
0.2321039326455886
0.23699033780063056
0.2419360657476806
0.2469406945119838
0.2520037768642342
0.25712484076732955
0.2623033898511141
0.2675389039139313
0.2728308394497503
0.2781786301995578
0.28358168772569237
0.2890394020077166
0.2945511420584151
0.3001162565584416
0.30573407450813367
0.3114039058949672
0.3171250423751172
0.32289675796755773
0.32871830975914446
0.3345889386190928
0.3405078699212765
0.34647431427277375
0.3524874682470871
0.3585465151204775
0.36465062560987654
0.3707989586108459
0.3769906619340909
0.3832248730390555
0.38950071976316036
0.39581732104527934
0.40217378764209016
0.40856922283598524
0.41500272313324843
0.4214733789512977
0.42798027529378524
0.4345224924124619
0.44109910645472067
0.44770919009582244
0.4543518131548492
0.4610260431935068
0.46773094609694943
0.4744655866358718
0.4812290290091793
0.4880203373666106
0.49483857631075256
0.5016828113779668
0.5085521094977956
0.5154455394305076
0.5223621721824805
0.5293010813992213
0.5362613437358603
0.543242039205034
0.5502422515021476
0.557261068308043
0.5642975815691991
0.5713508877556078
0.5784200880965796
0.5855042887947359
0.5926026012185509
0.5997141420738183
0.6068380335545094
0.6139734034734908
0.6211193853736707
0.6282751186201413
0.6354397484739573
0.642612426148205
0.6497923088470852
0.6569785597887302
0.6641703482125341
0.6713668493717967
0.6785672445124903
0.6857707208390164
0.6929764714677898
0.7001836953695666
0.7073915973013785
0.7145993877289984
0.7218062827408505
0.729011503954282
0.7362142784151114
0.7434138384913921
0.7506094217622913
0.7578002709030062
0.7649856335666227
0.772164762263802
0.7793369142411809
0.7865013513593422
0.7936573399712126
0.8008041508016948
0.8079410588293501
0.815067343170904
0.8221822869693235
0.829285177286185
0.836375304999039
0.8434519647044149
0.8505144546271021
0.8575620765362999
0.8645941356691876
0.8716099406624427
0.8786088034921804
0.8855900394227642
0.892552966964889
0.8994969078432965
0.9064211869744476
0.9133251324544438
0.920208075557412
0.9270693507445851
0.9339082956842018
0.9407242512823704
0.9475165617249536
0.9542845745305095
0.9610276406142944
0.9677451143632663
0.9744363537220118
0.9811007202894748
0.9877375794263139
0.9943463003727093
1.0009262563763637
1.0074768248304529
1.013997387421201
1.0204873302847706
1.0269460441730904
1.0333729246282295
1.0397673721649023
1.0461287924606621
1.0524565965532986
1.0587502010449714
1.0650090283125362
1.0712325067235526
1.0774200708574218
1.083571161731076
1.0896852270286512
1.095761721334545
1.1018001063692642
1.107799851227448
1.1137604326174475
1.11968133510185
1.1255620513383118
1.131402082320089
1.137200937615626
1.1429581356066032
1.1486732037237941
1.154345678680161
1.159975106700553
1.1655610437474277
1.171103055742017
1.1766007187803578
1.1820536193436335
1.1874613545022923
1.1928235321134113
1.1981397710107975
1.2034097011873524
1.2086329639692095
1.2138092121812325
1.2189381103034145
1.2240193346178103
1.229052573345601
1.234037526773961
1.2389739073723884
1.2438614398982073
1.2486998614909646
1.2534889217554825
1.2582283828333418
1.2629180194626173
1.2675576190256947
1.2721469815850392
1.2766859199068075
1.2811742594722395
1.2856118384767568
1.2899985078167795
1.2943341310642333
1.2986185844288114
1.3028517567080353
1.3070335492252039
1.311163875755353
1.315242662439359
1.3192698476863463
1.3232453820645902
1.327169228181138
1.3310413605503586
1.3348617654516952
1.3386304407768905
1.3423473958669807
1.3460126513393709
1.3496262389053313
1.353188201178254
1.3566985914730472
1.360157473597031
1.3635649216327501
1.3669210197130834
1.3702258617890903
1.3734795513910072
1.376682201382833
1.3798339337109555
1.3829348791472529
1.3859851770271467
1.3889849749830496
1.391934428673678
1.394833701509704
1.3976829643761934
1.4004823953523173
1.4032321794287903
1.4059325082235
1.408583579695793
1.4111855978598682
1.413738772497728
1.4162433188721326
1.4186994574399985
1.4211074135666646
1.4234674172414479
1.425779702794902
1.4280445086181783
1.4302620768848784
1.432432653275781
1.434556486706796
1.4366338290605167
1.4386649349216998
1.440650061316995
1.4425894674592474
1.4444834144966598
1.4463321652670997
1.4481359840578234
1.4498951363708554
1.4516098886942714
1.4532805082795963
1.4549072629255242
1.4564904207681422
1.4580302500778355
1.459527019063025
1.4609809956808726
1.4623924474550807
1.4637616413008927
1.4650888433573845
1.466374318827113
1.4676183318231975
1.4688211452238642
1.4699830205344901
1.471104217757155
1.4721849952677157
1.4732256097003678
1.474226315839689
1.4751873665201154
1.47610901253279
1.4769915025397378
1.4778350829952716
1.4786399980745581
1.479406489609229
1.4801347970299445
1.4808251573157811
1.4814778049503148
1.4820929718842766
1.4826708875046164
1.4832117786098444
1.4837158693914705
1.4841833814213943
1.4846145336450642
1.4850095423802263
1.4853686213210906
1.4856919815477219
1.4859798315404666
1.4862323771992203
1.486449821867343
1.4866323663600198
1.4867802089968718
1.486893545638602
1.4869725697274958
1.4870174723315437
1.4870284421920097
1.487005665774221
1.4869493273213923
1.4868596089112658
1.4867366905153856
1.4865807500607942
1.4863919634939542
1.4861705048467189
1.4859165463041315
1.4856302582738972
1.4853118094573128
1.4849613669214978
1.4845790961727336
1.4841651612307403
1.4837197247037281
1.4832429478640532
1.4827349907243157
1.482196012113749
1.4816261697547461
1.481025620339379
1.4803945196057702
1.479733022414176
1.4790412828226582
1.4783194541622153
1.4775676891112504
1.4767861397692652
1.475974957729669
1.4751342941515995
1.4742642998306565
1.4733651252684512
1.4724369207408916
1.471479836365112
1.4704940221649765
1.469479628135079
1.468436804303172
1.4673657007909675
1.4662664678732524
1.4651392560352536
1.4639842160282204
1.4628014989231746
1.4615912561627926
1.4603536396113768
1.4590888016028989
1.4577968949870832
1.4564780731735043
1.4551324901736982
1.4537603006412454
1.4523616599098512
1.450936724029384
1.4494856497998931
1.4480085948035935
1.4465057174348244
1.4449771769279942
1.4434231333835108
1.4418437477917228
1.4402391820548726
1.4386095990070966
1.4369551624324728
1.435276037081159
1.4335723886836274
1.4318443839630355
1.4300921906457587
1.4283159774701082
1.4265159141932804
1.4246921715965517
1.4228449214887746
1.420974336708197
1.4190805911226447
1.4171638596281153
1.4152243181458037
1.4132621436176214
1.4112775140002356
1.4092706082576785
1.407241606352559
1.4051906892359345
1.4031180388358722
1.4010238380447517
1.398908270705352
1.3967715215957623
1.3946137764131656
1.3924352217565403
1.3902360451083144
1.3880164348150312
1.3857765800670616
1.3835166708773985
1.3812368980596004
1.3789374532049012
1.3766185286585448
1.3742803174953833
1.3719230134947775
1.369546811114848
1.3671519054661045
1.3647384922845092
1.362306767904005
1.3598569292285458
1.357389173703675
1.3549036992876808
1.352400704422373
1.3498803880035084
1.3473429493509137
1.344788588178324
1.3422175045629812
1.339629898915029
1.3370259719467201
1.3344059246414832
1.331769958222878
1.3291182741234524
1.3264510739535564
1.3237685594701172
1.321070932545412
1.3183583951358733
1.3156311492509334
1.3128893969219468
1.3101333401712143
1.307363180981119
1.3045791212634084
1.3017813628286479
1.2989701073558433
1.2961455563622761
1.293307911173564
1.290457372893949
1.2875941423768558
1.2847184201957185
1.2818304066150938
1.2789303015620825
1.2760183045980686
1.2730946148907858
1.270159431186736
1.2672129517839565
1.2642553745051592
1.2612868966712454
1.2583077150752133
1.2553180259564538
1.2523180249754646
1.2493079071889683
1.2462878670254567
1.2432580982611632
1.2402187939964695
1.2371701466327556
1.2341123478496874
1.231045588582969
1.2279700590025329
1.2248859484912047
1.2217934456238155
1.2186927381467914
1.2155840129581965
1.2124674560882567
1.2093432526803474
1.2062115869724486
1.2030726422790834
1.1999266009737126
1.196773644471618
1.1936139532132413
1.190447706648007
1.1872750832186048
1.1840962603457459
1.1809114144133852
1.1777207207544031
1.1745243536367584
1.1713224862500886
1.168115290692779
1.1649029379594815
1.1616855979290766
1.1584634393530948
1.1552366298445729
1.1520053358673528
1.1487697227258156
1.1455299545550486
1.1422861943114324
1.1390386037636657
1.1357873434841876
1.1325325728410292
1.1292744499900664
1.1260131318676772
1.1227487741837945
1.1194815314153572
1.116211556800141
1.1129390023309789
1.1096640187503537
1.1063867555453573
1.1031073609430277
1.0998259819060336
1.0965427641287164
1.0932578520334804
1.0899713887675286
1.0866835161999298
1.08339437491902
1.0801041042301203
1.0768128421535883
1.0735207254231651
1.0702278894846466
1.0669344684948363
1.06364059532081
1.0603464015394612
1.0570520174373292
1.0537575720107082
