1.3658093118546846
1.2714695440326134
1.1833275089425217
1.1055599430974659
1.0367476518682714
0.9752975652494403
0.9199235357985333
0.8696289457674289
0.8236388143897276
0.7813422603179305
0.7422503001109145
0.7059657093159596
0.6721614267882018
0.6405648835040665
0.6109464544008212
0.5831108142649928
0.5568903696526888
0.5321401979080411
0.5087340967593627
0.4865614639773011
0.46552480570208454
0.4455377267990672
0.42652329503790176
0.40841269825078763
0.39114413335991915
0.3746618805774821
0.3589155267331562
0.3438593096419055
0.32945156143274207
0.3156542333382607
0.30243248796710687
0.28975434781417525
0.2775903908998383
0.2659134861133594
0.2546985621715081
0.24392240517060484
0.23356348056820908
0.22360177612459198
0.21401866289840982
0.2047967718525171
0.19591988400518545
0.1873728323752137
0.1791414142293887
0.17121231235737616
0.16357302428035453
0.15621179845222827
0.14911757664050546
0.14227994178296843
0.13568907070861141
0.12933569118999638
0.12321104286191842
0.11730684159873712
0.11161524699284452
0.1061288326194478
0.10084055881032462
0.09574374769121832
0.09083206026600851
0.08609947535503715
0.08154027021675872
0.0771490027005799
0.07292049479553006
0.06884981745404223
0.06493227658322002
0.061163400107590415
0.0575389260176752
0.05405479132819574
0.05070712187801075
0.04749222291177237
0.04440657039028541
0.041446802983116
0.03860971470346637
0.035892248150896415
0.03329148833383411
0.03080465704924195
0.028429107803183327
0.026162321262167047
0.024001901232378713
0.021945571171747134
0.019991171248822458
0.01813665597361056
0.016380092439223927
0.014719659229616412
0.013153646071793763
0.011680454339135598
0.01029859855257694
0.0090067090808201
0.00780353631779198
0.006687956727525696
0.005658981312798326
0.004715767318858659
0.0038576343874769524
0.0030840870425008987
0.0023948465401250818
0.001789897221449942
0.0012695566384184863
0.0008345876046873948
0.0004863918962683244
0.00022738786901156218
0.00006191693940062089
-2.7323072283232405*^-14+6.5671077835453475*^-15*I
0.00006077008543932935
0.00021909861537267925
0.00046015879256076355
0.0007753249134300351
0.0011582091063459072
0.0016036622611198884
0.002107341430472746
0.002665478881506338
0.0032747426661612474
0.003932145196712263
0.004634979606623515
0.005380773395627895
0.0061672534380533515
0.006992318798152628
0.007854019104468951
0.008750537002862074
0.009680173678337385
0.010641336736348567
0.011632529932601967
0.01265234437468586
0.01369945091316306
0.014772593505809471
0.015870583387485693
0.01699229391382691
0.01813665597361894
0.019302653885328813
0.02048932170892557
0.021695739916255584
0.022921032373264615
0.024164363594816468
0.025424936239025107
0.026701988813271578
0.027994793568169234
0.029302654558715637
0.030624905855414303
0.03196090988976565
0.03331005592094781
0.034671758612095344
0.03604545670579567
0.03743061178989916
0.03882670714562974
0.04023324667079195
0.041649753871965754
0.04307577091972343
0.04451085776213229
0.04595459129164159
0.04740656456149132
0.04886638604783375
0.05033367895412197
0.05180808055480774
0.05328924157555766
0.05477682560733459
0.056270508552133364
0.0577699780982172
0.05927493322285915
0.06078508372086666
0.06230014975720747
0.06381986144211743
0.06534395842755453
0.06687218952337806
0.0684043123322982
0.06994009290236462
0.07147930539601392
0.07302173177466648
0.0745671614980547
0.07611539123738555
0.07766622460160855
0.07921947187605588
0.08077494977276309
0.08233248119187031
0.08389189499350111
0.0854530257795666
0.08701571368499166
0.08857980417782442
0.09014514786792638
0.09171160032354583
0.09327902189567576
0.09484727754962838
0.09641623670347906
0.09798577307315792
0.09955576452376134
0.10112609292679321
0.1026966440231434
0.10426730729147846
0.10583797582172794
0.10740854619356745
0.10897891835957232
0.11054899553284897
0.11211868407899507
0.1136878934120929
0.11525653589467241
0.11682452674137753
0.11839178392625112
0.11995822809342555
0.12152378247107573
0.12308837278853185
0.124651927196408
0.12621437618958886
0.12777565253300385
0.12933569118999927
