0.06625807858353698
0.06815930654082003
0.07010319130932856
0.07209024456978533
0.07412096943775148
0.07619586000028679
0.07831540085741803
0.08048006666910357
0.08269032170835931
0.08494661942119597
0.08724940199400169
0.08959909992898582
0.09199613162826219
0.0944409029871518
0.09693380699723517
0.09947522335967172
0.10206551810927629
0.10470504324980014
0.107394136400858
0.1101331204568861
0.11292230325850448
0.11576197727661636
0.11865241930954656
0.12159389019349218
0.12458663452652097
0.12763088040632803
0.13072683918192157
0.13387470521938702
0.13707465568183674
0.14032685032363368
0.1436314312989371
0.14698852298459758
0.15039823181740053
0.15386064614562264
0.1573758360948515
0.16094385344798504
0.16456473153930878
0.16823848516252687
0.17196511049259708
0.1757445850212109
0.17957686750572943
0.18346189793138162
0.18739959748650126
0.1913898685505868
0.19543259469492905
0.19952764069556608
0.20367485255829823
0.20787405755549332
0.21212506427440794
0.21642766267673882
0.2207816241691191
0.2251867016842674
0.2296426297724994
0.2341491247033014
0.23870588457667793
0.2433125894439763
0.24796890143789185
0.2526744649113721
0.2574289065851255
0.26223183570344816
0.26708284419810396
0.2719815068599627
0.2769273815181451
0.2819200092263991
0.2869589144564573
0.2920436052981177
0.2971735736658104
0.30234829551140346
0.30756723104302786
0.3128298249496837
0.31813550663142626
0.32348369043490366
0.32887377589406347
0.33430514797580907
0.3397771773304387
0.3452892205466628
0.3508406204110394
0.35643070617164657
0.36205879380583045
0.3677241862918716
0.373426173884406
0.37916403439346896
0.38493703346699926
0.3907444248766753
0.3965854508069431
0.40245934214710644
0.4083653187863488
0.4143025899115628
0.42027035430786386
0.42626780066167014
0.4322941078662297
0.438348445329477
0.44442997328411044
0.45053784309977163
0.4566711975972178
0.462829171364379
0.4690108910741805
0.47521547580403245
0.4814420373568693
0.4876896805836237
0.49395750370704156
0.5002445986467055
0.5065500513451733
0.5128729420951037
0.5192123458672736
0.5255673326393488
0.5319369677253145
0.5383203121054354
0.5447164227566315
0.5511243529831467
0.5575431527473939
0.5639718690008483
0.5704095460148655
0.5768552257113049
0.5833079479928206
0.5897667510726984
0.5962306718041065
0.6026987460086292
0.6091700088039492
0.6156434949305438
0.6221182390772603
0.6285932762056371
0.635067641872829
0.6415403725529985
0.6480105059570347
0.6544770813504671
0.6609391398694168
0.6673957248344636
0.6738458820622761
0.6802886601748676
0.6867231109063351
0.6931482894069471
0.6995632545444259
0.7059670692023028
0.7123588005751905
0.7187375204608444
0.7251023055488705
0.7314522377059461
0.737786404257424
0.7441038982651655
0.7504038188015026
0.7566852712191723
0.7629473674171101
0.7691892261019713
0.7754099730452582
0.7816087413359325
0.787784671628396
0.7939369123857225
0.800064620118029
0.8061669596158778
0.812243104178603
0.8182922358374592
0.8243135455734962
0.8303062335300554
0.8362695092198076
0.8422025917262426
0.848104709899517
0.8539751025465949
0.8598130186155961
0.8656177173742887
0.8713884685826548
0.8771245526594671
0.8828252608428252
0.888489895344598
0.8941177694987124
0.8997082079032688
0.9052605465564227
0.9107741329860158
0.916248326372921
0.9216824976680746
0.9270760297031931
0.9324283172951435
0.937738767343972
0.9430067989245839
0.948231843372077
0.9534133443607352
0.9585507579766981
0.9636435527843201
0.9686912098862456
0.9736932229772204
0.9786490983916826
0.9835583551451546
0.9884205249694983
0.9932351523420565
0.9980017945087499
1.002720021501178
1.0073894161477808
1.0120095740791295
1.0165801037274191
1.0211006263202211
1.0255707758685848
1.0299901991495697
1.0343585556832777
1.038675517704493
1.042940770129
1.0471540105146924
1.051314949017557
1.055423308342645
1.0594788236901211
1.0634812426965086
1.067430325371231
1.071325844028575
1.075167583215162
1.0789553396330778
1.0826889220587517
1.0863681512577172
1.0899928598953714
1.09356289244386
1.0970781050852072
1.1005383656108163
1.1039435533174697
1.1072935588999564
1.110588284340447
1.113827642794754
1.1170115584756002
1.120139966533024
1.1232128129320507
1.1262300543277626
1.1291916579378893
1.1320976014130484
1.1349478727047684
1.1377424699314116
1.1404814012421327
1.1431646846789891
1.1457923480373318
1.1483644287245955
1.150880973617615
1.1533420389185798
1.1557476900097492
1.1580980013070445
1.1603930561126319
1.1626329464666074
1.1648177729978944
1.1669476447744687
1.1690226791530063
1.1710430016280688
1.173008745680921
1.1749200526280847
1.1767770714697223
1.1785799587379533
1.1803288783451802
1.1820240014325303
1.1836655062184889
1.185253577847818
1.18678840824083
1.1882701959431066
1.1896991459757387
1.1910754696861476
1.1923993845995815
1.1936711142713314
1.194890888139753
1.1960589413801406
1.1971755147595253
1.1982408544924505
1.1992552120977755
1.2002188442565715
1.2011320126711416
1.201994983925231
1.2028080293454582
1.2035714248640166
1.20428545088268
1.204950392138155
1.2055665375688143
1.2061341801828347
1.2066536169277837
1.207125148561671
1.207549079525494
1.2079257178173064
1.2082553748678162
1.2085383654175539
1.208775007395607
1.208965621799949
1.2091105325793752
1.2092100665170469
1.2092645531156712
1.2092743244843083
1.2092397152268202
1.2091610623319675
1.2090387050651517
1.2088729848618123
1.2086642452224754
1.2084128316094498
1.208119091345175
1.2077833735122172
1.2074060288549031
1.2069874096825939
1.206527869774589
1.2060277642866473
1.2054874496591332
1.204907283526759
1.2042876246299261
1.2036288327276548
1.202931268512081
1.2021952935245204
1.201421270073077
1.2006095611517913
1.1997605303613086
1.1988745418310538
1.1979519601429045
1.1969931502563333
1.1959984774350254
1.1949683071749315
1.193903005133761
1.1928029370618827
1.1916684687346333
1.190499965885998
1.1892977941436667
1.1880623189654302
1.1867939055769152
1.1854929189106287
1.1841597235463048
1.1827946836525296
1.18139816292963
1.1799705245538121
1.178512131122526
1.177023344601046
1.1755045262702468
1.173956036675558
1.172378235577084
1.170771481900868
1.1691361336912875
1.1674725480645645
1.1657810811633709
1.1640620881125205
1.1623159229757216
1.1605429387133888
1.1587434871414781
1.156917918891358
1.1550665833706695
1.1531898287251916
1.151288001801672
1.1493614481116248
1.1474105117960762
1.1454355355912398
1.1434368607951162
1.1414148272349953
1.1393697732358554
1.1373020355896364
1.1352119495253876
1.1330998486802601
1.130966065071351
1.1288109290683677
1.1266347693671144
1.1244379129637831
1.122220685130035
1.119983409388868
1.1177264074912496
1.1154499993935116
1.1131545032354926
1.1108402353194151
1.1085075100894923
1.1061566401122462
1.1037879360575331
1.1014017066802648
1.0989982588028115
1.0965778972980822
1.0941409250732672
1.0916876430542366
1.0892183501705828
1.0867333433413036
1.084232917461102
1.0817173653873149
1.0791869779274386
1.0766420438272613
1.074082849759581
1.0715096803135071
1.0689228179843289
1.0663225431639585
1.0637091341319138
1.0610828670468613
1.058444015938691
1.0557928527011198
1.0531296470848193
1.0504546666910564
1.0477681769658376
1.045070441194552
1.0423617204971025
1.0396422738235187
1.0369123579500437
1.0341722274756857
1.0314221348192265
1.0286623302166844
1.0258930617192132
1.0231145751914439
1.0203271143102461
1.0175309205639158
1.0147262332517717
1.0119132894841607
1.0090923241828575
1.0062635700818574
1.0034272577285526
1.0005836154852807
0.9977328695312513
0.994875243864827
0.9920109603061609
0.989140238500186
0.986263295919941
0.9833803478702365
0.9804916074916395
0.9775972857647908
0.9746975915150244
0.9717927314173036
0.9688829100014511
0.9659683296576785
0.9630491906423977
0.9601256910843197
0.9571980269908211
0.9542663922545842
0.9513309786604973
0.9483919758928071
0.9454495715425248
0.9425039511150723
0.9395552980381698
0.9366037936699424
0.9336496173072676
0.9306929461943291
0.9277339555313854
0.9247728184837513
0.9218097061909719
0.9188447877761975
0.9158782303557457
0.9129101990488465
0.9099408569875678
0.9069703653269119
0.9039988832550758
0.9010265680038824
0.8980535748593563
0.8950800571724573
0.892106166369961
0.8891320519654733
0.8861578615705853
0.8831837409061571
0.8802098338137265
0.8772362822670379
0.8742632263836856
0.8712908044368692
0.8683191528672562
0.8653484062949401
0.8623786975315014
0.8594101575921554
0.8564429157079912
0.8534770993382919
0.8505128341829328
0.8475502441948544
0.8445894515926063
0.8416305768729583
0.8386737388235669
0.8357190545357078
0.8327666394170582
0.8298166072045279
0.8268690699771393
0.8239241381689473
0.8209819205819988
0.8180425243993301
0.81510605519799
0.8121726169620936
0.8092423120959029
0.8063152414369266
0.8033915042690345
0.8004711983355932
0.7975544198526072
0.7946412635218741
0.791731822544136
0.788826188632246
0.785924452024321
0.783026701496901
0.7801330243780984
0.7772435065607354
0.7743582325154748
0.771477285303934
0.768600746591784
0.7657286966618253
0.7628612144270454
0.7599983774436543
0.7571402619240876
0.7542869427499852
0.7514384934851392
0.7485949863884086
0.7457564924265978
0.7429230812872972
0.7400948213916916
0.737271779907317
0.7344540227607855
0.7316416146504573
0.7288346190590722
0.7260330982663296
0.7232371133614217
0.7204467242555133
0.71766198969417
0.7148829672697329
0.7121097134336353
0.7093422835086676
0.7065807317011746
0.703825111113205
0.701075473754591
0.6983318705549679
0.6955943513757342
0.6928629650219426
0.6901377592541263
0.6874187808000652
0.6847060753664733
