3.813601866183478e-9
4.357760897082458e-9
4.976579312954713e-9
5.679851093025232e-9
6.4785911673886575e-9
7.3851769674343e-9
8.413507563405252e-9
9.579180517263796e-9
1.0899685154146372e-8
1.2394619088519045e-8
1.4085925442822808e-8
1.599815746079073e-8
1.8158766953664203e-8
2.0598426080481696e-8
2.335137928222132e-8
2.64558328363946e-8
2.995438106383139e-8
3.389447689683011e-8
3.832894855588158e-8
4.331656413162272e-8
4.8922655260935196e-8
5.521979496081904e-8
6.228854543609088e-8
7.021827092599722e-8
7.91080305576476e-8
8.906754990400288e-8
1.0021828500313813e-7
1.1269457903221747e-7
1.2664492471168256e-7
1.4223333887982457e-7
1.5964085683719212e-7
1.7906715768545025e-7
2.0073232887297534e-7
2.2487878183251095e-7
2.517733298526507e-7
2.81709438383778e-7
3.1500966305747236e-7
3.520282862534078e-7
3.931541683967295e-7
4.388138275483252e-7
4.89474763138077e-7
5.456490406696189e-7
6.07897156335745e-7
6.768321970645612e-7
7.5312431788731e-7
8.375055540286656e-7
9.307749941921146e-7
1.033804330394836e-6
1.1475438136931927e-6
1.2730286367122095e-6
1.4113857694629114e-6
1.5638412740698753e-6
1.7317281289470451e-6
1.916494586108578e-6
2.1197130957674813e-6
2.3430898268480238e-6
2.5884748160491105e-6
2.85787277765315e-6
3.153454609810152e-6
3.4775696294341813e-6
3.832758576441457e-6
4.221767419298299e-6
4.647562004366101e-6
5.11334358424026e-6
5.622565268705641e-6
6.178949436753248e-6
6.786506150634347e-6
7.449552617164194e-6
8.172733734766425e-6
8.961043773484589e-6
9.819849230065319e-6
0.000010754912900764966
0.000011772419220303325
0.000012879000905716945
0.000014081766955169347
0.00001538833204184483
0.000016806847349419175
0.000018346032890042954
0.000020015211351384504
0.000021824343509623632
0.000023784065254107874
0.00002590572626203455
0.000028201430359307442
0.00003068407760597157
0.00003336740814422917
0.00003626604783488512
0.00003939555571855824
0.0000427724733287252
0.00004641437587836864
0.000050339925344028304
0.00005456892546971929
0.000059122378697619725
0.00006402254504392112
0.00006929300292194489
0.00007495871191606371
0.00008104607750538333
0.00008758301772639407
0.00009459903176382826
0.00010212527044958631
0.00011019460864423501
0.00011884171947260622
0.00012810315037073324
0.00013801740090525438
0.00014862500230722282
0.00015996859866572037
0.00017209302971262313
0.00018504541512071127
0.00019887524023779748
0.0002136344431580655
0.0002293775030373106
0.0002461615295359338
0.00026404635328059145
0.000283094617206166
0.00030337186865263125
0.000324946652064503
0.00034789060213835676
0.00037227853725878155
0.0003981885530423554
0.0004257021158111433
0.0004549041558012899
0.0004858831599067032
0.0005187312637435525
0.0005535443428205815
0.0005904221025828595
0.0006294681670926509
0.0006707901661070424
0.0007144998202915094
0.0007607130243156283
0.0008095499275614943
0.000861135012170705
0.0009155971681504458
0.0009730697652506711
0.001033690721328648
0.0010976025668991737
0.0011649525055747573
0.0012358924700976172
0.0013105791736541636
0.0013891741561743035
0.0014718438253049709
0.001558759491755955
0.0016500973987145539
0.0017460387450258766
0.0018467697018441278
0.0019524814224550638
0.002063370044989907
0.00217963668773618
0.0023014874367809977
0.002429133325711395
0.0025627903071179636
0.0027026792156520057
0.0028490257224000537
0.0030020602803523667
0.0031620180607518146
0.003329138880132293
0.003503667117860661
0.0036858516240194073
0.0038759456174856806
0.004074206574073555
0.004280896104635359
0.004496279823027986
0.004720627203878099
0.004954211430101276
0.005197309230146611
0.005450200704968413
0.005713169144746576
0.005986500835401942
0.006270484854977385
0.006565412859979277
0.006871578861803765
0.007189278993391994
0.007518811266285584
0.007860475318285617
0.008214572151931917
0.008581403864058288
0.008961273366695234
0.009354484099622813
0.009761339734896344
0.010182143873697199
0.01061719973588075
0.011066809842618971
0.011531275692558563
0.01201089743193443
0.012505973519102778
0.013016800383976648
0.013543672082866042
0.014086879949241734
0.014646712240963337
0.015223453784520764
0.015817385616860514
0.016428784625374098
0.017057923186644862
0.017705068804553796
0.018370483748357057
0.019054424691356604
0.019757142350786353
0.020478881129546322
0.021219878760415832
0.021980365953380678
0.02276056604670694
0.023560694662391773
0.024380959366622327
0.025221559335860195
0.026082685029169883
0.026964517867398063
0.027867229919797943
0.028790983598688875
0.0297359313627158
0.03070221542927354
0.03168996749663393
0.03269930847629707
0.033730348236078844
0.03478318535441467
0.035857906886345346
0.03695458814162776
0.03807329247538738
0.03921407109170986
0.04037696286053628
0.04156199414820906
0.04276917866198102
0.043998517308779
0.045249998068478285
0.04652359588192443
0.04781927255389944
0.04913697667120702
0.050476643536022374
0.05183819511461502
0.053221540001531314
0.05462657339928689
0.05605317711359541
0.057501219564122116
0.05897055581073087
0.060461027595154225
0.06197246339799847
0.06350467851095212
0.06505747512405542
0.06663064242785094
0.06822395673020494
0.06983718158758068
0.07147006795049661
0.07312235432290194
0.07479376693515441
0.07648401993028991
0.07819281556322544
0.07991984441253763
0.08166478560442803
0.0834273070484731
0.08520706568473944
0.0870037077418254
0.08881686900538603
0.09064617509666796
0.09249124176058991
0.09435167516287007
0.09622707219571681
0.09811702079156909
0.10002110024437756
0.10193888153791374
0.10386992768057386
0.1058137940461658
0.10777002872013693
0.10973817285072332
0.11171776100448705
0.11370832152571098
0.11570937689912957
0.11772044411546792
0.11974103503927143
0.12177065677851308
0.12380881205546963
0.1258549995783647
0.1279087144132869
0.1299694483559006
0.1320366903024694
0.13410992661973198
0.13618864151317533
0.13827231739326235
0.14036043523918496
0.14245247495972266
0.14454791575080939
0.14664623644940702
0.14874691588332023
0.15084943321658462
0.15295326829008254
0.15505790195705413
0.15716281641319094
0.1592674955210039
0.1613714251281862
0.1634740933797023
0.16557499102334172
0.16767361170851108
0.1697694522780328
0.171862013052751
0.17395079810875297
0.176035315547029
0.17811507775541804
0.1801896016626893
0.18225840898463824
0.18432102646207776
0.18637698609063205
0.18842582534224658
0.19046708737834206
0.1925003212545656
0.1945250821170863
0.19654093139041315
0.19854743695671953
0.2005441733266645
0.20253072180172949
0.2045066706280796
0.20647161514198922
0.20842515790687127
0.2103669088419626
0.21229648534272574
0.21421351239304592
0.2161176226692978
0.21800845663637355
0.2198856626357737
0.22174889696586197
0.223597823954397
0.22543211602346894
0.22725145374695316
0.2290555259006269
0.23084402950507932
0.23261666986155757
0.2343731605809012
0.23611322360571338
0.237836589225922
0.2395429960879007
0.24123219119729752
0.24290392991574916
0.2445579759516386
0.24619410134507702
0.2478120864472672
0.2494117198944345
0.25099279857648954
0.25255512760060633
0.25409852024987645
0.25562279793723347
0.2571277901548056
0.2586133344188813
0.260079276210659
0.2615254689129522
0.26295177374302464
0.26435805968172676
0.2657442033991017
0.2671100891766243
0.26845560882624836
0.269780661606419
0.2710851541352102
0.2723690003007545
0.2736321211691139
0.2748744448897503
0.27609590659874633
0.27729644831992506
0.27847601886401274
0.27963457372599243
0.2807720749807807
0.28188849117737064
0.2829837972315744
0.28405797431748747
0.28511100975781317
0.2861428969131632
0.287153635070455
0.28814322933052977
0.28911169049509233
0.2900590349530959
0.2909852845666717
0.2918904665567049
0.29277461338816363
0.293637762655272
0.2944799569666217
0.29530124383031636
0.2961016755392264
0.2968813090564478
0.29764020590103546
0.29837843203409997
0.29909605774532616
0.29979315753999697
0.30046981002658624
0.3011260978049793
0.30176210735539555
0.3023779289280556
0.3029736564336646
0.303549387334752
0.30410522253792505
0.30464126628708377
0.3051576260576381
0.30565441245176933
0.30613173909478636
0.3065897225325959
0.3070284821303379
0.30744813997221093
0.3078488207625185
0.3082306517279661
0.3085937625212361
0.30893828512585847
0.30926435376240935
0.3095721047960449
0.3098616766454037
0.3101332096928776
0.3103868461962791
0.31062273020191045
0.31084100745904775
0.3110418253358539
0.3112253327367167
0.3113916800210337
0.31154101892343944
0.3116735024754804
0.31178928492874114
0.31188852167942616
0.31197136919438995
0.31203798493862167
0.31208852730417896
0.31212315554056697
0.31214202968656046
0.31214531050346345
0.312133159409799
0.31210573841742417
0.3120632100690586
0.3120057373772274
0.31193348376459445
0.31184661300569244
0.3117452891700263
0.31162967656654517
0.31149993968946976
0.3113562431654652
0.31119875170213906
0.31102763003786077
0.31084304289288334
0.3106451549217536
0.31043413066699566
0.31021013451405777
0.3099733306474999
0.30972388300841236
0.309461955253048
0.3091877107126491
0.3089013123544575
0.30860292274388745
0.3082927040078483
0.30797081779919555
0.3076374252622975
0.30729268699969803
0.30693676303986067
0.30656981280597223
0.30619199508579487
0.305803468002544
0.30540438898677746
0.30499491474927476
0.30457520125490084
0.30414540369741505
0.30370567647523294
0.30325617316810316
0.3027970465146972
0.30232844839108264
0.30185052979007276
0.3013634408014277
0.30086733059289616
0.3003623473920768
0.29984863846908316
0.2993263501199995
0.298795627651103
0.29825661536384507
0.2977094565405698
0.2971542934309515
0.29659126723914586
0.2960205181116249
0.2954421851256892
0.29485640627864307
0.29426331847760767
0.29366305752996924
0.2930557581344384
0.2924415538727083
0.29182057720170057
0.29119295944637824
0.2905588307931182
0.2899183202836237
0.2892715558093647
0.2886186641065365
0.2879597707515164
0.28729500015680676
0.28662447556746024
0.28594831905796025
0.28526665152955344
0.28457959270802036
0.2838872611418686
0.2831897742009416
0.2824872480754281
0.2817797977752551
0.2810675371298698
0.28035057878837794
0.27962903422004204
0.2789030137151282
0.2781726263860763
0.2774379801690067
0.27669918182553094
0.27595633694487137
0.27520954994626917
0.27445892408168265
0.2737045614387531
0.2729465629440408
0.272185028366514
0.2714200563212865
0.2706517442735923
0.2698801885429904
