1.1735684962820272e-6
1.2944796708275525e-6
1.4271817579222663e-6
1.5727503132691448e-6
1.7323511813650494e-6
1.9072473016753255e-6
2.098805960650706e-6
2.3085065072123016e-6
2.5379485583815736e-6
2.788860720558714e-6
3.063109846103641e-6
3.3627108587706587e-6
3.689837168336621e-6
4.046831704846277e-6
4.4362185987450755e-6
4.860715537429647e-6
5.323246825202718e-6
5.826957178480837e-6
6.375226283825724e-6
6.971684152708632e-6
7.620227302779449e-6
8.325035796332443e-6
9.09059117019706e-6
9.921695287659158e-6
0.000010823490146442413
0.000011801478674149764
0.000012861546545863457
0.000014009985055838757
0.000015253515075055642
0.00001659931213236154
0.00001805503264573289
0.000019628841341095367
0.00002132943988809759
0.0000231660967856406
0.000025148678530169582
0.00002728768209229499
0.0000295942687370788
0.00003208029921434605
0.00003475837034605264
0.000037641853040310977
0.00004074493175390145
0.00004408264543187468
0.00004767092994327914
0.00005152666203658096
0.00005566770483118105
0.0000601129548670419
0.0000648823907205727
0.00006999712320891509
0.00007547944718486616
0.00008135289493417108
0.00008764229118205419
0.00009437380970686141
0.000101575031565307
0.00010927500492187024
0.00011750430647655829
0.00012629510447701665
0.0001356812233094473
0.00014569820963563655
0.00015638340006801798
0.0001677759903448051
0.00017991710598093662
0.0001928498743537271
0.0002066194981875744
0.00022127333038873573
0.0002368609501784176
0.0002534342404721576
0.0002710474664416063
0.00028975735519256777
0.00030962317648330245
0.0003307068244126549
0.00035307289998423656
0.00037678879446361645
0.00040192477342647316
0.0004285540614013614
0.00045675292698947823
0.0004866007683547618
0.0005181801989547838
0.0005515771333903233
0.0005868808732346189
0.00062418419270191
0.000663583424007603
0.0007051785422662795
0.0007490732497661435
0.0007953750594501732
0.0008441953774372644
0.0008956495843950527
0.0009498571155858347
0.0010069415393909042
0.0010670306341156155
0.0011302564628735622
0.0011967554463426452
0.001266668433177507
0.001340140767862856
0.0014173223557845255
0.001498367725292215
0.0015834360865227494
0.00167269138675286
0.0017663023620435971
0.0018644425849361154
0.0019672905079602854
0.0020750295027144663
0.0021878478942684294
0.002305938990649167
0.0024295011071668532
0.0025587375853326415
0.0026938568061301562
0.002835072197399782
0.002982602235098806
0.0031366704381986265
0.003297505356995728
0.0034653405546055667
0.0036404145814167514
0.0038229709422988385
0.0040132580563476995
0.004211529208971752
0.004418042496127781
0.004633060760520056
0.004856851519594628
0.005089686885157684
0.005331843474475125
0.005583602312709574
0.005845248726564842
0.00611707222903006
0.00639936639512081
0.0066924287285309095
0.006996560519129529
0.007312066691246948
0.007639255642712162
0.007978439074626269
0.008329931811864966
0.008694051614330945
0.009071118978987554
0.009461456932730839
0.009865390816171243
0.010283248058421138
0.010715357942999593
0.011162051364986852
0.011623660579587603
0.01210051894227513
0.012592960640708986
0.013101320418650003
0.013625933292100899
0.014167134257939034
0.014725257995309592
0.015300638560086502
0.015893609072711548
0.01650450139975363
0.01713364582954314
0.01778137074225438
0.018448002274834695
0.01913386398118426
0.019839276488017744
0.020564557146853412
0.021310019682580655
0.022075973839090372
0.02286272502244465
0.02367057394209408
0.024499816250648353
0.02535074218272449
0.02622363619340795
0.027118776596861644
0.02803643520563244
0.028976876971216106
0.029940359626429505
0.0309271333301608
0.03193744031506372
0.03297151453875782
0.03402958133911071
0.03511185709415893
0.03621854888724052
0.037349854177894264
0.03850596047908117
0.03968704504127896
0.04089327454398928
0.042124804795190554
0.04338178043925851
0.04466433467386499
0.04597258897635366
0.04730665284007785
0.04866662352116855
0.05005258579618665
0.051464611731097856
0.05290276046198831
0.05436707798791694
0.05585759697628986
0.057374336581110345
0.058917302274447046
0.06048648569142824
0.062081864489060154
0.06370340221913191
0.06535104821545562
0.06702473749565391
0.06872439067769423
0.07044991391133361
0.0722011988246153
0.0739781224855336
0.07578054737895598
0.07760832139886115
0.07946127785593259
0.08133923550051327
0.08324199856090313
0.08516935679695875
0.08712108556891894
0.08909694592136436
0.0910966846821874
0.09312003457642415
0.0951667143547765
0.09723642893662983
0.09932886956734552
0.10144371398958185
0.10358062662838627
0.10573925878976044
0.10791924887240276
0.11012022259229091
0.11234179321976132
0.1145835618287217
0.11684511755761205
0.1191260378817115
0.12142588889638664
0.12374422561083935
0.1260805922519248
0.12843452257757232
0.1308055401993532
0.13319315891371347
0.13559688304138803
0.13801620777450224
0.14045061953086094
0.14289959631491636
0.14536260808490678
0.14783911712564754
0.15032857842646044
0.15283044006371607
0.1553441435874767
0.1578691244117126
0.1604048122075794
0.16295063129923537
0.16550600106169125
0.16807033632017981
0.17064304775054276
0.17322354228014245
0.17581122348879835
0.17840549200927747
0.18100574592685356
0.1836113811774772
0.18622179194409658
0.18883637105068915
0.19145451035356437
0.19407560112951983
0.1966990344604417
0.19932420161394546
0.2019504944196833
0.20457730564093674
0.20720402934114832
0.20983006124504378
0.2124547990940172
0.2150776429954723
0.21769799576581456
0.22031526326681974
0.22292885473510407
0.22553818310445276
0.22814266532076521
0.2307417226493981
0.233334780974705
0.23592127109158018
0.23850062898883315
0.24107229612423894
0.24363571969111852
0.24619035287632438
0.24873565510951448
0.25127109230362193
0.25379613708643456
0.25631026902321186
0.2588129748302933
0.26130374857964483
0.26378209189432483
0.2662475141348501
0.2686995325764606
0.2711376725772905
0.2735614677374715
0.27597046004919973
0.2783642000378066
0.28074224689389626
0.28310416859660986
0.28544954202809264
0.2877779530792508
0.2900889967468885
0.2923822772223307
0.29465740797163953
0.2969140118075452
0.2991517209532134
0.3013701770979841
0.30356903144522107
0.30574794475241224
0.3079065873636776
0.3100446392348329
0.312161789951175
0.3142577387381517
0.3163321944650785
0.3183848756420842
0.32041551041045163
0.32242383652653456
0.324409601339429
0.3263725617625838
0.32831248423953124
0.3302291447039215
0.33212232853405227
0.33399183050207243
0.3358374547180553
0.33765901456911945
0.33945633265379116
0.34122924071179206
0.3429775795494372
0.3447011989608292
0.3463999576450293
0.348073723119397
0.3497223716292615
0.35134578805412375
0.352943865810548
0.35451650675192947
0.3560636210653073
0.3575851271653866
0.359080951585946
0.3605510288687877
0.3619953014503944
0.3634137195464545
0.36480624103440285
0.36617283133413703
0.36751346328705425
0.3688281170335558
0.3701167798891607
0.37137944621936475
0.37261611731338773
0.3738268012569302
0.3750115128040737
0.3761702732484524
0.37730311029380753
0.3784100579240506
0.37949115627294333
0.38054645149350785
0.3815759956272722
0.3825798464734514
0.3835580674581698
0.38451072750381277
0.385437900898603
0.38633966716649426
0.38721611093745845
0.38806732181825465
0.38889339426375874
0.3896944274489223
0.39047052514144
0.39122179557518855
0.3919483513245025
0.3926503091793547
0.3933277900214914
0.3939809187015887
0.3946098239174711
0.39521463809345425
0.39579549726084845
0.39635254093968
0.39688591202165613
0.3973957566544311
0.39788222412719093
0.3983454667576087
0.3987856397801914
0.3992029012360478
0.3995974118641133
0.39996933499384496
0.40031883643941646
0.40064608439543725
0.4009512493342015
0.40123450390449944
0.40149602283199154
0.4017359828211715
0.40195456245891886
0.4021519421196554
0.40232830387211527
0.4024838313877298
0.4026187098506371
0.4027331258693161
0.40282726738985
0.4029013236108172
0.4029554848998102
0.40298994271158245
0.4030048895078163
0.4030005186785121
0.4029770244649908
0.40293460188450286
0.4028734466564423
0.4027937551301465
0.4026957242142888
0.40257955130783746
0.40244543423258283
0.4022935711672149
0.4021241605829433
0.401937401180642
0.4017334918295134
0.4015126315072494
0.40127501924167985
0.40102085405389565
0.4007503349028233
0.4004636606312478
0.40016102991325087
0.3998426412030648
0.3995086926853152
0.39915938222663705
0.39879490732864864
0.39841546508226333
0.39802125212332473
0.3976124645895412
0.39718929807870945
0.39675194760819904
0.39630060757568847
0.39583547172112826
0.39535673308991415
0.3948645839972499
0.3943592159936823
0.39384081983179225
0.39330958543401273
0.39276570186156845
0.3922093572845061
0.39164073895280105
0.3910600331685249
0.39046742525904804
0.3898630995512624
0.38924723934680344
0.3886200268982568
0.3879816433863238
0.3873322688979341
0.386672082405282
0.38600126174577215
0.3853199836028508
0.38462842348771364
0.3839267557218588
0.38321515342048146
0.38249378847668175
0.38176283154647495
0.3810224520345814
0.3802728180809841
0.3795140965482332
0.3787464530094801
0.3779700517372308
0.37718505569279165
0.3763916265164017
0.37558992451802875
0.374780108668813
0.3739623365931523
0.3731367645613958
0.3723035474831498
0.37146283890116766
0.37061479098581446
0.3697595545300909
0.3688972789451986
0.36802811225664156
0.36715220110083757
0.3662696907222377
0.36538072497092844
0.36448544630071505
0.363583995767664
0.3626765130290957
0.36176313634301416
0.36084400256795823
0.35991924716327145
0.35898900418976104
0.3580534063107553
0.35711258479353025
0.35616666951110343
0.3552157889443823
0.3542600701846521
0.3532996389363968
0.3523346195204422
0.35136513487740734
0.3503913065714578
0.34941325479434715
0.34843109836974107
0.3474449547578106
0.3464549400600882
0.3454611690245721
0.3444637550510789
0.3434628101968255
0.3424584451822392
0.341450769396983
0.3404398909061894
0.3394259164568961
0.33840895148467276
0.3373891001204292
0.33636646519740854
0.3353411482583409
0.3343132495627638
0.33328286809449814
0.3322501015692683
0.3312150464424676
0.33017779791705554
0.32913844995158503
0.32809709526834807
0.3270538253616418
0.32600873050614015
0.32496189976536893
0.3239134210002829
0.322863380877931
0.3218118648802085
0.3207589573126938
