0.7263211648923811
0.6407486091024497
0.579174387505433
0.5310470822940709
0.4915089217245911
0.4579552904722536
0.4288255828553653
0.4031085571045985
0.38011003202558025
0.3593319432305762
0.34040423463313646
0.32304406779997846
0.3070301505534019
0.29218590833840674
0.2783680691711231
0.2654586926928536
0.2533594634403794
0.241987515444704
0.2312723184308984
0.22115331618405737
0.21157810824172282
0.20250103089537722
0.19388203625039335
0.18568579691246706
0.1778809836624092
0.17043967731384937
0.1633368857689737
0.15655014436099574
0.15005918273510457
0.14384564533455818
0.13789285540950214
0.13218561461906364
0.12671003193914496
0.12145337685190977
0.11640395277368654
0.11155098744534371
0.10688453761405664
0.1023954058155597
0.09807506744971656
0.09391560665083021
0.08990965970376308
0.08605036496002894
0.08233131837412376
0.07874653391691522
0.07529040823569585
0.07195768902410604
0.06874344664313844
0.06564304859973005
0.06265213654431703
0.05976660549500586
0.056982585035215166
0.054296422264932004
0.05170466631412998
0.04920405425118385
0.04679149823996469
0.04446407381725414
0.042219009177622314
0.04005367536634692
0.03796557729262839
0.03595234548554403
0.034011728524082394
0.032141586080427643
0.030339882522553437
0.028604681028283688
0.026934138168404762
0.02532649892126429
0.02378009208565566
0.02229332606275145
0.02086468498148228
0.019492725145117105
0.01817607177997826
0.016913416070250594
0.015703512465820427
0.01454517625304758
0.013437281381450806
0.012378758542534977
0.011368593500571142
0.01040582567916775
0.009489547012198483
0.008618901073304448
0.007793082505182237
0.007011336778707862
0.006272960323402249
0.005577301085905168
0.004923759593652371
0.0043117906293276866
0.003740905661812038
0.003210676237536989
0.0027207386227150504
0.0022708001196248863
0.0018606476905038479
0.0014901598695657727
0.0011593235432562294
0.0008682582754594879
0.0006172530066595888
0.00040682458179948345
0.00023781879737010518
0.00011160723299358282
0.00003055952836435323
0.
0.000029995650907072555
0.00010755749474805483
0.00022505905567294504
0.0003781006596390174
0.0005634453215706584
0.0007784984856012533
0.0010210828030241261
0.0012893179348095378
0.0015815480183348155
0.0018962941343458077
0.002232221242976894
0.0025881141192826322
0.0029628592045892526
0.0033554305212668252
0.003764878480334009
0.004190320810802451
0.0046309350848906215
0.005085952469741384
0.005554652439545031
0.006036358252081311
0.006530433042505687
0.007036276421945926
0.007553321493683856
0.008081032218322699
0.008618901073304451
0.009166446962782699
0.00972321334204281
0.010288766527068925
0.01086269416488976
0.011444603844360423
0.01203412183026601
0.01263089190624932
0.013234574314212093
0.013844844779595005
0.014461393613409736
0.01508392488311323
0.015712155645438982
0.016345815235165005
0.016984644604533673
0.017628395708662318
0.018276830932824097
0.01892972255793602
0.019586852260997982
0.020248010647565935
0.020912996813651226
0.021581617934698018
0.022253688879529054
0.022929031847346733
0.023607476026063706
0.02428885727039462
0.02497301779828278
0.02565980590436266
0.026349075689272194
0.02704068680373071
0.02773450420638819
0.028430397934533287
0.029128242886823204
0.029827918617263617
0.03052930913972407
0.031232302742337053
0.0319367918111691
0.03264267266260409
0.03334984538391645
0.03405821368155172
0.03476768473666503
0.035478169067500204
0.036189580398217874
0.0369018355338161
0.037614854240798225
0.03832855913327759
0.0390428755642223
0.03975773152156309
0.040473057528907695
0.041188786550617223
0.04190485390102139
0.04262119715755477
0.04333775607761782
0.044054472518972265
0.044771290363494545
0.04548815544412267
0.04620501547483652
0.04692181998352528
0.04763852024760518
0.048355069232250525
0.049071421531119624
0.04978753330945512
0.05050336224944846
0.051218867497764414
0.05193400961512598
0.05264875052786587
0.05336305348135647
0.05407688299523166
0.054790204820324595
0.05550298589724272
0.05621519431650741
0.05692679928019345
0.05763777106500185
0.058348080986702605
0.05905770136589171
0.05976660549500584
