0.060874683800424406
0.06258983224018759
0.06434245778182668
0.06613298473195642
0.06796182972865808
0.06982940138725617
0.07173609995227198
0.07368231695619264
0.07566843488545685
0.07769482685421172
0.07976185628627286
0.08186987660580043
0.08401923093694051
0.08621025181303865
0.08844326089561999
0.09071856870354367
0.09303647435261148
0.09539726530592924
0.0978012171352558
0.10024859329350932
0.10273964489872278
0.1052746105294664
0.10785371603198349
0.11047717433903731
0.11314518530060819
0.11585793552640447
0.11861559824026122
0.12141833314634483
0.12426628630714333
0.12715959003317862
0.1300983627842885
0.13308270908243544
0.13611271943579334
0.13918847027402662
0.14231002389453662
0.1454774284194478
0.14869071776315756
0.15194991161015114
0.15525501540287207
0.1586060203393258
0.16200290338020212
0.16544562726514994
0.16893414053795924
0.17246837758032152
0.17604825865383222
0.1796736899499675
0.1833445636476415
0.1870607579781159
0.1908221372968243
0.19462855216188613
0.19847983941892405
0.20237582229189965
0.2063163104796334
0.21030110025771095
0.214329974585453
0.21840270321769212
0.22251904282098947
0.22667873709410483
0.2308815168923733
0.23512710035575443
0.23941519304028128
0.24374548805271246
0.248117666188079
0.2525313960699743
0.25698633429333007
0.261482125569501
0.2660184028734581
0.27059478759291694
0.2752108896792518
0.2798663077999934
0.2845606294928369
0.2892934313209587
0.2940642790295907
0.29887272770365825
0.3037183219264732
0.30860059593931877
0.31351907380190586
0.31847326955356414
0.3234626873751768
0.3284868217517721
0.33354515763570824
0.33863717061046994
0.34376232705498877
0.3489200843085153
0.354109890836002
0.3593311863939835
0.36458340219698204
0.36986596108438985
0.3751782776878976
0.3805197585994251
0.38588980253959654
0.3912878005267719
0.39671313604666925
0.4021651852225573
0.40764331698611656
0.4131468932489133
0.41867526907457514
0.42422779285168555
0.42980380646739547
0.43540264548181373
0.441023639303209
0.44666611136400847
0.4523293792976779
0.458012755116466
0.4637155453900599
0.4694370514251654
0.4751765694460379
0.48093339077598646
0.4867068020198423
0.4924960852474608
0.4983005181781879
0.5041193743663906
0.5099519233879692
0.5157974310279203
0.5216551594689102
0.52752436748087
0.5334043106115944
0.5392942413783426
0.545193409460428
0.5511010618927465
0.5570164432602682
0.5629387958934209
0.5688673600643808
0.5748013741841782
0.5807400750006411
0.5866826977970877
0.5926284765917531
0.5985766443378902
0.6045264331244828
0.6104770743775402
0.6164277990618826
0.6223778378834054
0.6283264214916692
0.6342727806828652
0.6402161466029868
0.6461557509511672
0.6520908261831246
0.6580206057146203
0.6639443241248342
0.6698612173595964
0.6757705229343816
0.6816714801369781
0.687563330229739
0.6934453166513161
0.6993166852178185
0.7051766843232521
0.7110245651391799
0.7168595818135055
0.7226809916682435
0.7284880553962396
0.7342800372566897
0.7400562052693884
0.7458158314075867
0.7515581917893746
0.7572825668674927
0.7629882416174452
0.7686745057238473
0.7743406537648905
0.7799859853948322
0.785609805524416
0.7912114244991074
0.7967901582750807
0.802345328592836
0.8078762631483655
0.8133822957617738
0.8188627665432687
0.8243170220564155
0.8297444154786004
0.835144306758583
0.8405160627710837
0.8458590574683015
0.8511726720283121
0.8564562950002399
0.8617093224461557
0.8669311580796124
0.8721212134007577
0.8772789078279635
0.8824036688258907
0.8874949320299563
0.8925521413671179
0.8975747491729417
0.9025622163048955
0.9075140122518117
0.9124296152394887
0.9173085123323823
0.9221501995313391
0.9269541818673572
0.9317199734913187
0.93644709775968
0.9411350873160899
0.945783484168913
0.9503918397646356
0.9549597150571381
0.9594866805728268
0.9639723164716159
0.9684162126037347
0.9728179685623833
0.9771771937322198
0.981493507333681
0.9857665384631589
0.989995926129013
0.9941813192834676
0.9983223768503737
1.0024187677488807
1.0064701709130177
1.0104762753072318
1.0144367799378742
1.0183513938607185
1.022219836184472
1.026041836070386
1.029817132727953
1.0335454754067435
1.037226623384445
1.0408603459511077
1.044446422389686
1.0479846419528953
1.051474803836449
1.0549167171487162
1.0583102008768763
1.0616550838496046
1.0649512046963665
1.0681984118033587
1.0713965632661868
1.074545526839322
1.0776451798824034
1.08069540930347
1.0836961114991697
1.0866471922920182
1.0895485668647902
1.0924001596921054
1.0952019044692747
1.0979537440384883
1.1006556303124246
1.103307524195342
1.1059093955017256
1.1084612228725959
1.1109629936895034
1.1134147039863411
1.1158163583590048
1.1181679698730145
1.120469559969147
1.1227211583671732
1.1249228029677751
1.127074539752714
1.1291764226833292
1.1312285135974485
1.1332308821047816
1.1351836054808833
1.1370867685597412
1.1389404636250837
1.1407447903004888
1.142499855438331
1.1442057730076856
1.1458626639812437
1.1474706562212944
1.1490298843648798
1.1505404897081717
1.1520026200901359
1.1534164297755758
1.1547820793376014
1.1560997355396094
1.1573695712168217
1.158591765157464
1.1597665019836452
1.1608939720319906
1.1619743712341153
1.163007900996957
1.1639947680830813
1.1649351844909757
1.1658293673354039
1.1666775387278912
1.1674799256573611
1.1682367598710217
1.1689482777555158
1.1696147202184008
1.170236332570017
1.1708133644057779
1.1713460694889415
1.171834705633895
1.1722795345900092
1.1726808219261071
1.1730388369155769
1.1733538524221778
1.1736261447865821
1.1738559937136763
1.1740436821606786
1.1741894962260873
1.1742937250395087
1.1743566606523952
1.174378597929711
1.1743598344425794
1.1743006703619179
1.1742014083530998
1.174062353471672
1.1738838130601426
1.1736660966458676
1.173409515840069
1.173114384237981
1.172781017320176
1.172409732355061
1.1720008483025837
1.171554685719147
1.1710715666637612
1.1705518146054492
1.1699957543318955
1.1694037118593879
1.1687760143440293
1.1681129899942566
1.167414967984644
1.1666822783710484
1.1659152520070408
1.1651142204616902
1.1642795159386716
1.1634114711967043
1.1625104194713367
1.1615766943980743
1.1606106299368502
1.159612560297847
1.1585828198686599
1.1575217431428166
1.1564296646496302
1.1553069188854097
1.1541538402460085
1.1529707629607056
1.1517580210274363
1.1505159481493374
1.1492448776726416
1.1479451425258682
1.1466170751603457
1.1452610074920417
1.1438772708446865
1.1424661958942006
1.1410281126144026
1.1395633502239912
1.13807223713481
1.1365551009013553
1.1350122681715424
1.133444064638713
1.1318508149948645
1.1302328428851036
1.1285904708633039
1.1269240203489606
1.1252338115852265
1.1235201635981238
1.1217833941569104
1.120023819735596
1.1182417554755906
1.1164375151494763
1.1146114111258816
1.1127637543354574
1.1108948542379269
1.1090050187902025
1.107094554415569
1.1051637659738762
1.1032129567327937
1.1012424283400502
1.0992524807966717
1.0972434124312143
1.0952155198749545
1.0931690980380306
1.0911044400865286
1.0890218374204916
1.0869215796528282
1.0848039545891295
1.082669248208357
1.080517744644394
1.0783497261684496
1.0761654731723023
1.0739652641523583
1.0717493756945156
1.0695180824598274
1.0672716571709322
1.0650103705992577
1.0627344915529608
1.0604442868656085
1.0581400213855843
1.0558219579661836
1.0534903574564156
1.0511454786924779
1.0487875784898875
1.0464169116362751
1.044033730884801
1.041638286948203
1.039230828493451
1.0368116021369933
1.0343808524405869
1.0319388219077021
1.0294857509804758
1.02702187803721
1.0245474393904048
1.0220626692853036
1.0195677998989485
1.0170630613397242
1.0145486816473896
1.0120248867935704
1.009491900682713
1.0069499451534876
1.004399239980617
1.0018400028771315
0.9992724494970385
0.9966967934383861
0.9941132462467216
0.9915220174189192
0.9889233144073903
0.9863173426246337
0.9837043054481471
0.9810844042256641
0.9784578382807265
0.9758248049185682
0.9731854994323085
0.9705401151094419
0.9678888432386126
0.9652318731166801
0.9625693920560358
0.9599015853922008
0.9572286364916577
0.9545507267599388
0.9518680356499436
0.9491807406704849
0.9464890173950511
0.9437930394707844
0.9410929786276543
0.9383890046878347
0.9356812855752616
0.9329699873253718
0.9302552740950225
0.9275373081725649
0.9248162499880841
0.9220922581237903
0.9193654893245533
0.9166360985085744
0.9139042387781984
0.9111700614308433
0.9084337159700493
0.9056953501166529
0.9029551098200541
0.9002131392695989
0.8974695809060524
0.8947245754331585
0.8919782618292968
0.8892307773592116
0.8864822575858192
0.8837328363820833
0.8809826459429619
0.8782318167974084
0.8754804778204321
0.8727287562452128
0.8699767776752545
0.8672246660965939
0.8644725438900371
0.8617205318434371
0.8589687491639975
0.8562173134906114
0.8534663409062095
0.8507159459501437
0.8479662416305733
0.8452173394368693
0.8424693493520294
0.839722379865094
0.8369765379835661
0.8342319292458322
0.8314886577335815
0.8287468260842095
0.8260065355032211
0.8232678857766198
0.8205309752832757
0.8177959010072885
0.8150627585503134
0.8123316421438811
0.8096026446616813
0.8068758576318252
0.804151371249076
0.8014292743870501
0.7987096546103812
0.7959925981868504
0.7932781900994821
0.7905665140585934
0.7878576525138132
0.7851516866660424
0.7824486964793846
0.779748760693026
0.7770519568330597
0.7743583612242734
0.7716680490018772
0.7689810941231817
0.7662975693792233
0.7636175464063362
0.7609410956976653
0.7582682866146223
0.7555991873982875
0.7529338651807471
0.7502723859963728
0.7476148147930417
0.7449612154432876
0.7423116507553985
0.7396661824844413
0.7370248713432276
0.7343877770132106
0.7317549581553162
0.7291264724207092
0.7265023764614904
