0.05976660549500584
0.06141493560324336
0.06309717441865353
0.06481358799199427
0.06656442975817278
0.06834994014856909
0.07017034621658372
0.07202586127727614
0.07391668456192625
0.07584300088832217
0.07780498034753837
0.07980277800793423
0.08183653363705753
0.08390637144209911
0.08601239982949291
0.08815471118421285
0.09033338166926452
0.09254847104581931
0.09480002251438349
0.09708806257734229
0.09941260092315966
0.10177363033246237
0.1041711266061708
0.10660504851579534
0.1090753377759401
0.11158191903901658
0.11412469991209816
0.11670357099579488
0.11931840594497421
0.1219690615510905
0.12465537784583927
0.12737717822579425
0.1301342695976371
0.1329264425435402
0.13575347150621153
0.13861511499307544
0.14151111579900283
0.14444120124698706
0.1474050834461006
0.15040245956604978
0.1534330121276033
0.1564964093081446
0.1595923052615655
0.16272034045170752
0.1658801419985189
0.16907132403609415
0.17229348808173583
0.17554622341517526
0.1788291074670734
0.18214170621592032
0.18548357459245074
0.18885425689068644
0.19225328718472623
0.1956801897504042
0.19913447949094498
0.20261566236575934
0.2061232358215304
0.20965668922475716
0.2132155042949429
0.21679915553762835
0.22040711067649318
0.22403883108377518
0.22769377220827458
0.23137138400023935
0.23507111133245473
0.23879239441688704
0.24253466921626113
0.24629736784998008
0.25007991899382853
0.25388174827292737
0.2577022786474487
0.261540930790619
0.2653971234585839
0.26927027385172975
0.2731597979671001
0.27706511094156505
0.2809856273854485
0.28492076170633596
0.2888699284228282
0.2928325424680309
0.29680801948260427
0.300795776097223
0.30479523020433136
0.30880580121910406
0.312826910329546
0.31685798073570554
0.32089843787798134
0.3249477096545497
0.3290052266279438
0.3330704222208543
0.3371427329012343
0.34122159835681354
0.34530646165915124
0.34939676941736986
0.3534919719217344
0.3575915232772563
0.36169488152751517
0.3658015087689112
0.3699108712555679
0.3740224394951212
0.37813568833564537
0.3822500970439655
0.3863651493756286
0.39048033363680446
0.39459514273840074
0.39870907424267665
0.40282163040265284
0.40693231819461007
0.41104064934398543
0.41514614034496394
0.41924831247407685
0.4233466917981089
0.4274408091766305
0.431530200259457
0.4356144054793424
0.4396929700402148
0.4437654439012585
0.44783138175713877
0.45189034301467057
0.45594189176622246
0.45998559676014505
0.46402103136850714
0.468047773552422
0.4720654058252318
0.47607351521381935
0.48007169321830956
0.48405953577040894
0.4880366431906377
0.4920026201446832
0.49595707559911656
0.4998996227766884
0.5038298791114215
0.5077474662037109
0.5116520097756214
0.5155431396265825
0.519420489589656
0.5232836974885479
0.5271324050955299
0.530966258090428
0.5347849060208165
0.5385880022635554
0.5423752039878056
0.5461461721196266
0.549900571308277
0.5536380698943102
0.5573583398795559
0.5610610568990757
0.5647459001951544
0.5684125525933994
0.5720607004809974
0.5756900337871782
0.5793002459659178
0.5828910339809164
0.5864620982928668
0.5900131428490258
0.5935438750750985
0.5970540058694245
0.6005432495994601
0.6040113241005394
0.6074579506768814
0.6108828541048228
0.614285762638222
0.6176664080160041
0.6210245254717834
0.6243598537455112
0.6276721350970818
0.6309611153218333
0.634226543767862
0.6374681733550736
0.6406857605958899
0.6438790656175211
0.6470478521857088
0.6501918877298496
0.6533109433693953
0.6564047939414297
0.6594732180293151
0.6625159979923081
0.6655329199960215
0.668523774043638
0.6714883540077479
0.6744264576627088
0.6773378867174065
0.6802224468483019
0.6830799477326545
0.6859102030818001
0.6887130306743754
0.6914882523893724
0.6942356942389061
0.6969551864006003
0.699646563249456
0.7023096633891233
0.7049443296824509
0.707550409281221
0.7101277536549668
0.7126762186187752
0.7151956643599809
0.7176859554636636
0.7201469609368613
0.7225785542314114
0.7249806132653508
0.7273530204427889
0.7296956626721918
0.732008431383008
0.7342912225405716
0.7365439366592305
0.7387664788136448
0.7409587586482074
0.7431206903845439
0.7452521928270566
0.747353189366475
0.74942360798139
0.7514633812377398
0.7534724462862423
0.7554507448577449
0.7573982232564944
0.7593148323513192
0.76120052756472
0.7630552688598804
0.7648790207256038
0.7666717521591873
0.7684334366472562
0.770164052144577
0.7718635810508757
0.7735320101856897
0.7751693307612924
0.776775538353716
0.7783506328719256
0.7798946185251768
0.7814075037886089
0.7828893013671214
0.784340028157583
0.7857597052094281
0.7871483576836988
0.7885060148105867
0.7898327098455339
0.7911284800239593
0.7923933665146656
0.7936274143719997
0.7948306724868175
0.7960031935363374
0.7971450339329289
0.7982562537719193
0.7993369167784743
0.8003870902536231
0.8014068450194993
0.8023962553638557
0.803355398983925
0.8042843569296919
0.8051832135466377
0.8060520564180261
0.8068909763067911
0.8077000670970863
0.8084794257355636
0.809229152172434
0.809949349302371
0.8106401229053136
0.8113015815872242
0.8119338367208541
0.8125370023865658
0.8131111953132684
0.8136565348195058
0.8141731427547505
0.8146611434409406
0.8151206636143129
0.8155518323675555
0.8159547810923351
0.8163296434222227
0.8166765551760587
0.8169956543017862
0.817287080820781
0.8175509767727123
0.8177874861609511
0.8179967548985569
0.8181789307548647
0.8183341633026835
0.8184626038661399
0.8185644054691643
0.8186397227846508
0.8186887120842936
0.8187115311891129
0.8187083394206824
0.8186792975530607
0.8186245677654398
0.8185443135955064
0.8184386998935291
0.818307892777167
0.8181520595869968
0.8179713688427703
0.8177659902003864
0.8175360944095844
0.8172818532723483
0.8170034396020207
0.8167010271831212
0.8163747907318569
0.8160249058573241
0.8156515490233887
0.8152548975112383
0.8148351293825945
0.8143924234435775
0.8139269592092128
0.813438916868563
0.8129284772504823
0.8123958217899775
0.8118411324951594
0.8112645919147827
0.8106663831063483
0.8100466896047707
0.8094056953915866
0.8087435848646931
0.8080605428086122
0.8073567543652549
0.8066324050051867
0.8058876804993683
0.8051227668913723
0.8043378504700516
0.8035331177426595
0.8027087554083963
0.8018649503323866
0.8010018895200601
0.8001197600919366
0.7992187492587994
0.798299044297248
0.7973608325256176
0.7964043012802624
0.7954296378921819
0.7944370296639951
0.7934266638472403
0.7923987276200023
0.7913534080648548
0.7902908921471103
0.7892113666933689
0.7881150183703649
0.7870020336640979
0.7858725988592441
0.7847269000188479
0.7835651229642773
0.7823874532554489
0.7811940761713101
0.7799851766905783
0.7787609394727318
0.7775215488392473
0.7762671887550843
0.7749980428104072
0.773714294202549
0.7724161257182075
0.7711037197158794
0.7697772581085216
0.7684369223464449
0.7670828934004325
0.7657153517450912
0.7643344773424205
0.7629404496256139
0.7615334474830785
0.7601136492426803
0.7586812326562147
0.7572363748840963
0.7557792524802727
0.7543100413773627
0.752828916872017
0.7513360536105
0.7498316255744978
0.7483158060671524
0.7467887676993149
0.7452506823760298
0.7437017212832433
0.7421420548747393
0.7405718528593015
0.7389912841881063
0.7374005170423452
0.7357997188210751
0.7341890561293034
0.7325686947663014
0.7309387997141561
0.7292995351265503
0.727651064317779
0.7259935497520051
0.7243271530327463
0.7226520348926022
0.7209683551832187
0.7192762728654898
0.7175759459999991
0.7158675317377023
0.7141511863108455
0.7124270650241304
0.7106953222461136
0.7089561114008511
0.7072095849597833
0.7054558944338607
0.7036951903659106
0.7019276223232478
0.7001533388905206
0.6983724876628066
0.69658521523894
0.6947916672150861
0.6929919881785518
0.691186321701836
0.6893748103369205
0.6875575956097963
0.6857348180152278
0.6839066170117531
0.682073131016921
0.680234497402759
0.6783908524914757
0.6765423315513959
0.6746890687931225
0.6728311973659332
0.670968849354395
0.6691021557752161
0.6672312465743127
0.6653562506241009
0.6634772957210107
0.6615945085832164
0.6597080148485854
0.6578179390728394
0.6559244047279309
0.6540275342006279
0.6521274487913068
0.6502242687129528
0.6483181130903626
0.6464090999595468
0.6444973462673359
0.6425829678711759
0.640666079539123
0.6387467949500256
0.6368252266938974
0.6349014862724758
0.6329756840999603
0.6310479295039366
0.6291183307264733
0.6271869949253956
0.6252540281757311
0.6233195354713235
0.621383620726613
0.6194463867785811
0.6175079353888522
0.6155683672459555
0.6136277819677426
0.6116862781039507
0.609743953138921
0.6078009034944566
0.6058572245328278
0.6039130105599131
0.601968354828478
0.6000233495415865
0.5980780858561443
0.596132653886568
0.5941871427085785
0.5922416403631157
0.5902962338603726
0.5883510091839437
0.5864060512950866
0.5844614441370891
0.5825172706397503
0.5805736127239569
0.5786305513063662
0.5766881663041823
0.5747465366400297
0.5728057402469193
0.5708658540732999
0.5689269540881989
0.5669891152864466
0.5650524116939786
0.5631169163732187
0.5611827014285349
0.5592498380117694
0.5573183963278365
0.555388445640391
0.5534600542775567
0.5515332896377201
0.5496082181953823
0.5476849055070676
0.5457634162172871
0.5438438140645543
0.5419261618874486
0.540010521630728
0.5380969543514855
0.5361855202253476
0.5342762785527146
0.5323692877650366
0.5304646054311246
0.5285622882635015
0.526662392124774
0.5247649720340435
0.5228700821733381
0.5209777758940719
0.5190881057235273
0.5172011233713586
0.5153168797361143
0.513435424911777
0.5115568081943185
0.5096810780882698
0.5078082823133006
0.5059384678108114
0.5040716807505325
0.50220796653713
0.5003473698168173
0.4984899344839696
0.49663570368774024
0.49478471983867833
0.4929370246153436
0.4910926589709208
