0.9881552708337812
0.8406211067066467
0.7398545911409302
0.6640693868417032
0.6037847897898985
0.5540439936196841
0.5119291602297398
0.47557775028478516
0.44372875699980274
0.41548932074597567
0.3902045460101463
0.3673801696488009
0.34663425516033497
0.3276657503083683
0.3102333059568604
0.2941405857228274
0.27922581924578527
0.26535420995216563
0.2524123111068704
0.2403037889912014
0.22894618272127115
0.2182683926136424
0.20820870944675512
0.19871325096937648
0.1897347089595911
0.1812313358650835
0.17316611825231953
0.16550609734960944
0.15822180646411704
0.151286802041692
0.14467727034160044
0.13837169561233734
0.13235057862820374
0.12659619672595393
0.1210923982430498
0.11582442563267581
0.11077876260915914
0.1059430015301035
0.10130572790043636
0.09685641942731707
0.09258535749288517
0.0884835492669218
0.08454265897068831
0.08075494703990642
0.0771132161298203
0.07361076306611497
0.07024133597928552
0.06699909597132274
0.06387858275703001
0.06087468380042518
0.057982606532936486
0.05519785329591655
0.052516198697527564
0.04993366911446126
0.047446524103618506
0.04505123951842868
0.04274449215004283
0.04052314573559562
0.03838423819478419
0.03632496997249356
0.03434269337961296
0.032434902836648946
0.030599225935832725
0.02883341524698366
0.027135340801030493
0.025502983192480413
0.023934427249036022
0.022427856222511675
0.02098154646056614
0.019593862524007296
0.018263252718583367
0.01698824501491209
0.015767443333892853
0.014599524179140448
0.01348323360178376
0.012417384487058116
0.011400854156312739
0.010432582282785735
0.009511569124754269
0.008636874085677882
0.007807614618582889
0.007022965501006081
0.006282158518762521
0.005584482612128472
0.004929284559030826
0.004315970298294071
0.003744007036614638
0.0032129263411176524
0.00272232850628963
0.0022718886170647744
0.0018613649401961023
0.0014906106235543625
0.0011595902827094711
0.0008684041510361575
0.0006173246226319857
0.0004068546435627493
0.00023782864413983147
0.00011160928222504545
0.00003055966882083781
0
0.00002999578605838425
0.00010755939286388543
0.00022506783681061667
0.00037812647369370406
0.0005635045436799093
0.0007786146645465813
0.0010212874167365336
0.0012896509897015588
0.0015820585193739665
0.001897040446662836
0.00223327136171023
0.0025895458611525143
0.0029647603326137116
0.0033578988120823486
0.0037680217421945323
0.004194256859265171
0.004635791682095785
0.0050918672324872915
0.005561772720691437
0.006044840999164218
0.006540444637035212
0.00704799250238374
0.007566926764774223
0.008096720249074029
0.008636874085682821
0.009186915612925384
0.009746396495593364
0.010314891030002852
0.01089199461107273
0.011477322340952516
0.012070507761892845
0.012671201698789181
0.013279071198934267
0.013893798558282443
0.014515080425044772
0.01514262697259361
0.015776161134758437
0.016415417897431978
0.017060143641108232
0.01771009552970963
0.018365040941498573
0.019024756938401506
0.019689029770396115
0.020357654412109072
0.02103043412893338
0.021707180070255138
0.022387710887772715
0.0230718523768745
0.023759437139366364
0.024450304265983568
0.025144299037230797
0.02584127264124472
0.026541081907462773
0.027243589055072084
0.027948661455113495
0.028656171405491832
0.029365995917865463
0.03007801651577803
0.030792119043274703
0.0315081934832776
0.03222613378524536
0.03294583770140375
0.03366720663112652
0.034390145472949996
0.03511456248376917
0.035840369144777576
0.036567480033808906
0.03729581270368854
0.038025287566217245
0.03875582778156858
0.03948735915272012
0.04021981002467591
0.040953111188212384
0.04168719578792402
0.042421999234327386
0.043157459119814966
0.043893515138246006
0.044630109008034685
0.04536718439849103
0.046104686859301774
0.04684256375296787
0.04758076419009233
0.04831923896730364
0.04905794050776764
0.049796822804119595
0.050535841363692824
0.0512749531560066
0.052014116562262916
0.052753291326932204
0.05349243851120561
0.054231520448285844
0.05497050070040904
0.05570934401752396
0.05644801629758647
0.05718648454832754
0.057924716850505195
0.05866268232253782
0.059400351086435856
0.06013769423503214
0.060874683800424406
