0.003247496796131503
0.003267645472910745
0.0032878104811385686
0.0033079916070717316
0.0033281886501453696
0.003348401395384439
0.003368629632513592
0.003388873141845305
0.0034091317048577582
0.00342940509774673
0.003449693100396636
0.003469995487273589
0.0034903120306547897
0.003510642505573041
0.003530986679582472
0.0035513443250849604
0.0035717152159381866
0.0035920991144596675
0.00361249579913118
0.0036329050307765767
0.003653326584922619
0.0036737602259256795
0.0036942057291504183
0.00371466286241259
0.0037351313965581865
0.0037556111032281464
0.0037761017545360175
0.003796603124227417
0.0038171149858719964
0.0038376371153729717
0.0038581692866172567
0.003878711279048611
0.003899262870695117
0.003919823839422118
0.003940393968403997
0.003960973038731915
0.003981560834838953
0.0040021571408724735
0.00402276174455149
0.00404337443277001
0.004063994996219709
0.004084623224327522
0.004105258912253769
0.004125901852495992
0.004146551842496592
0.004167208679961911
0.004187872163543308
0.004208542094140902
0.004229218275991683
0.004249900511294204
0.0042705886092634995
0.004291282375280817
0.004311981620342634
0.004332686156560138
0.004353395795783539
0.004374110353743814
0.0043948296478171014
0.004415553496245409
0.004436281718018824
0.004457014137533125
0.004477750576186561
0.004498490861275783
0.004519234819893246
0.004539982280383982
0.004560733074052332
0.004581487033454952
0.004602243993138025
0.004623003788550155
0.004643766258044761
0.004664531240501951
0.004685298576880713
0.004706068110772046
0.00472683968620728
0.00474761314911039
0.004768388347830635
0.004789165131464347
0.004809943351180866
0.004830722859332075
0.00485150351100067
0.004872285161130542
0.004893067668363858
0.004913850890948228
0.004934634689828635
0.004955418926905372
0.004976203466694393
0.004996988173522917
0.005017772914905337
0.005038557558793838
0.005059341975151701
0.005080126034993374
0.005100909610813949
0.005121692577463028
0.005142474809979118
0.005163256185514055
0.005184036582679136
0.005204815881430167
0.005225593962509358
0.00524637070872392
0.005267146003905833
0.0052879197334791015
0.005308691784126
0.005329462043693267
0.005350230401311471
0.005370996747695471
0.005391760974830129
0.005412522975310555
0.005433282643802109
0.00545403987578173
0.005474794567850119
0.005495546618536303
0.005516295926422481
0.005537042392543322
0.005557785918191903
0.00557852640607099
0.005599263760356319
0.005619997885643485
0.005640728688650318
0.005661456076375756
0.005682179957153681
0.005702900240565202
0.005723616837501548
0.005744329659081505
0.0057650386184799375
0.005785743629124973
0.005806444606059925
0.005827141465032287
0.005847834122854831
0.005868522497471282
0.005889206507633551
0.005909886073112013
0.005930561114758041
0.0059512315543214685
0.005971897314639934
0.0059925583191065964
0.006013214492456882
0.006033865760118977
0.006054512048516721
0.006075153285014419
0.006095789397650985
0.00611642031564244
0.006137045968894243
0.006157666288175654
0.006178281205179903
0.006198890652272926
0.006219494562861661
0.006240092871141232
0.0062606855120569
0.006281272421268237
0.006301853535493151
0.006322428791986767
0.00634299812888736
0.006363561485081934
0.006384118800259395
0.006404670014873133
0.006425215070018914
0.006445753907576272
0.0064662864701746986
0.006486812701155777
0.006507332544544044
0.006527845945176876
0.006548352848427773
0.0065688532005001915
0.006589346948234494
0.006609834039002907
0.0066303144210679964
0.006650788043242907
0.006671254854868032
0.006691714806301992
0.0067121678480813254
0.006732613931701483
0.006753053009151995
0.006773485032966852
0.006793909956544914
0.00681432773357327
0.006834738318483959
0.006855141666424143
0.0068755377328356
0.00689592647396067
0.006916307846491841
0.006936681807866786
0.006957048315930392
0.006977407328981289
0.0069977588060589615
0.007018102706613568
0.00703843899084654
0.007058767619098131
0.0070790885525374705
0.0070994017527874894
0.007119707182019963
0.007140004802771368
0.007160294578094168
0.00718057647170285
0.007200850447624767
0.007221116470510617
0.007241374505348663
0.007261624517662376
0.007281866473542374
0.007302100339321582
0.007322326081970737
0.007342543668827643
0.007362753067780984
0.007382954247008323
0.007403147175209558
0.0074233318215399385
0.007443508155549106
0.007463676147167097
0.007483835766833391
0.007503986985339835
0.007524129773867067
0.007544264104151461
0.0075643899480226885
0.007584507278104308
0.007604616067050311
0.007624716288146304
0.00764480791499056
0.007664890921445549
0.0076849652819199294
0.00770503097110378
0.007725087964084322
0.007745136236292011
0.007765175763532376
0.0077852065218951185
0.007805228487941471
0.007825241638534559
0.007845245950870635
0.007865241402468016
0.007885227971197733
0.007905205635235061
0.007925174373161415
0.00794513416384324
0.007965084986460673
0.007985026820464728
0.008004959645708859
0.008024883442334874
0.00804479819076362
0.008064703871757438
0.00808460046634264
0.008104487955903187
0.008124366322004804
0.008144235546688675
0.008164095612096215
0.008183946500793595
0.008203788195502808
0.008223620679352358
0.008243443935708956
0.00826325794817127
0.008283062700596103
0.00830285817724581
0.008322644362471042
0.008342421241013353
0.008362188797815322
0.008381947018044738
0.008401695887236703
0.00842143539107989
0.008441165515558548
0.008460886246858593
0.008480597571448437
0.008500299476044516
0.008519991947576713
0.008539674973239401
0.008559348540402242
0.008579012636716775
0.008598667250107493
0.008618312368580785
0.008637947980538838
0.008657574074457821
0.008677190639170381
0.00869679766357652
0.008716395136946147
0.00873598304860878
0.008755561388253012
0.008775130145644816
0.008794689310872388
0.008814238874095562
0.008833778825810507
0.008853309156649586
0.008872829857402873
0.008892340919134028
0.008911842333055545
0.00893133409057311
0.008950816183305458
0.008970288603009378
0.008989751341669539
0.009009204391448845
0.009028647744705255
0.009048081393923059
0.009067505331797867
0.009086919551233152
0.009106324045225505
0.009125718807038528
0.009145103830022695
0.009164479107744782
0.009183844633938515
0.009203200402481621
0.009222546407414513
0.009241882642956951
0.009261209103484014
0.009280525783503331
0.009299832677714058
0.009319129780960507
0.009338417088231927
0.009357694594679361
0.009376962295591368
0.009396220186393222
0.009415468262682879
0.00943470652020781
0.009453934954862886
0.009473153562630501
0.009492362339674007
0.009511561282314385
0.009530750386974039
0.00954992965024571
0.009569099068836833
0.009588258639567242
0.009607408359420854
0.009626548225524667
0.009645678235076227
0.009664798385482537
0.0096839086742173
0.009703009098871049
0.009722099657201728
0.009741180347046114
0.009760251166437762
0.00977931211345027
0.009798363186299097
0.00981740438332203
0.00983643570299376
0.00985545714385692
0.009874468704637356
0.009893470384092861
0.009912462181143817
0.00993144409480431
0.009950416124215225
0.00996937826862318
0.009988330527318838
0.010007272899807332
0.010026205385616894
0.010045127984409043
0.010064040695928407
0.010082943520064721
0.01010183645674171
0.010120719506040174
0.010139592668118076
0.01015845594322583
0.010177309331719278
0.010196152834028777
0.010214986450716767
0.010233810182402566
0.01025262402981982
0.010271427993757524
0.010290222075144734
0.010309006274977382
0.010327780594331521
0.01034654503437639
0.0103652995963735
0.010384044281659828
0.010402779091676388
0.010421504027897335
0.01044021909195166
0.010458924285486526
0.010477619610274375
0.010496305068143464
0.010514980661018632
0.010533646390879288
0.010552302259798182
0.010570948269926604
0.010589584423469701
0.010608210722734032
0.010626827170103059
0.01064543376800932
0.010664030518960095
0.01068261742556071
0.010701194490476686
0.010719761716419215
0.010738319106183064
0.010756866662670003
0.01077540438876364
0.010793932287513502
0.010812450361963684
0.010830958615259966
0.010849457050602054
0.010867945671253943
0.0108864244805323
0.01090489348185073
0.010923352678639477
0.010941802074413374
0.010960241672759366
0.010978671477313004
0.010997091491757609
0.011015501719869258
0.011033902165414632
0.011052292832318405
0.01107067372447209
0.011089044845868071
0.011107406200543036
0.011125757792577058
0.011144099626148525
0.011162431705412793
0.011180754034674544
0.011199066618205949
0.011217369460373279
0.011235662565593114
0.011253945938312459
0.011272219583059127
0.011290483504389558
0.01130873770689843
0.011326982195260581
0.011345216974177416
0.011363442048407925
0.0113816574227273
0.01139986310200822
0.011418059091128389
0.011436245395041239
0.01145442201871509
0.011472588967172027
0.01149074624549876
0.011508893858805137
0.011527031812244614
0.011545160111012493
0.011563278760337732
0.011581387765519445
0.011599487131869039
0.011617576864758531
0.011635656969590371
0.011653727451788668
0.011671788316846288
0.011689839570293422
0.011707881217655479
0.011725913264549939
0.011743935716597004
0.011761948579472463
0.011779951858871863
0.011797945560536784
0.011815929690246118
0.01183390425379738
0.01185186925704181
0.01186982470586675
0.011887770606159937
0.011905706963888606
0.011923633785010735
0.011941551075545466
0.011959458841537788
0.011977357089049241
0.011995245824192273
0.012013125053105363
0.012030994781941813
0.01204885501689694
0.012066705764216245
0.012084547030126737
0.01210237882092123
0.012120201142916126
0.012138014002443041
0.012155817405873171
0.012173611359600552
0.012191395870051061
0.012209170943656113
0.01222693658691815
0.012244692806321601
0.012262439608381595
0.012280176999673749
0.012297904986757247
0.012315623576235392
0.012333332774740621
0.012351032588919486
0.012368723025446957
0.012386404091018287
0.012404075792350165
0.012421738136194928
0.012439391129294609
0.012457034778472265
0.012474669090503128
0.012492294072242009
0.012509909730534436
0.012527516072237076
0.012545113104264146
0.012562700833518847
0.012580279266924971
0.012597848411459993
0.012615408274085237
0.012632958861794785
0.012650500181587894
0.012668032240510064
0.012685555045604304
0.012703068603932275
0.012720572922580088
0.01273806800865962
0.01275555386928016
0.012773030511574577
0.012790497942701616
0.012807956169830397
0.012825405200147405
0.012842845040857417
0.012860275699167784
0.012877697182323825
0.012895109497561893
0.012912512652154607
0.012929906653385337
0.012947291508534053
0.012964667224911419
0.012982033809844062
0.012999391270669035
