0.07210984416051984
0.05250139814816714
0.041884907479799525
0.035044341167866117
0.03019895791169412
0.026552297910795334
0.023689698960980044
0.02137215423790503
0.019451296735079174
0.01782963671496569
0.016440161763546682
0.015235092224848791
0.0141793151277183
0.013246363174205541
0.01241585172754796
0.0116717883168464
0.011001424190424897
0.010394453728514953
0.009842443541105476
0.009338417088231887
0.008876546993556058
0.008451923443387422
0.008060377322079907
0.007698343373056166
0.007362753067781023
0.007050949824355838
0.006760621250327909
0.006489744499637657
0.006236541841134076
0.005999444250683778
0.005777061368969213
0.005568156547884089
0.005371625998371921
0.005186481265571938
0.0050118344216748675
0.0048468854967456355
0.004690911754338327
0.0045432585041234805
0.004403331199256853
0.0042705886092634805
0.004144536904708747
0.004024724512548227
0.003910737618228592
0.003802196236945311
0.0036987507628770716
0.003600078916798344
0.0035058830715810813
0.0034158878659508447
0.0033298380852562178
0.003247496796131497
0.003168643645224048
0.003093073377414083
0.0030205944784352286
0.002951027950403105
0.002884206251099635
0.002819972260506087
0.002758178432221963
0.002698685967206173
0.0026413639896463396
0.0025860890589544123
0.0025327443272483386
0.0024812190021642434
0.002431408156844073
0.0023832117120354255
0.0023365341812871484
0.0022912841223974197
0.002247374747585843
0.002204721408292915
0.0021632432810458515
0.002122861642890344
0.0020835005823065375
0.0020450854746224844
0.0020075433535725502
0.0019708022332613436
0.001934792263729002
0.0018994411092292196
0.001864673013557738
0.0018304223681892683
0.0017966163080913766
0.0017631676447627518
0.0017300111807977319
0.001697073299900054
0.001664192945979241
0.0016313844857849334
0.0015983648132829535
0.0015650680663509616
0.001531555948316525
0.0014983697631964314
0.0014634997826212454
0.001427100429606626
0.0013913715104819464
0.0013409357324032135
0.001346504985930233
0.0013009013730390056
0.0012513775448892489
0.0011962597968268186
0.001132596699827657
0.0010542396292031815
0.0009435408925750172
0.0009421252547073503
0.0010507037109349724
0.0011264671215802289
0.0011871229330241743
0.0012388436199434402
0.001284588537548605
0.0013260302747693695
0.0013198606521700167
0.0013618939483399204
0.0013978357502447286
0.0014249886488686616
0.0014524770560257745
0.0014813965378268693
0.0015072383654778927
0.001533363338814789
0.0015584099780668525
0.0015830157764955338
0.0016069190927337877
0.0016302620507631048
0.0016532432590146836
0.0016758771453332533
0.0016981033295062253
0.0017200866436583597
0.0017417639164326924
0.0017631676447628685
0.0017843604095196877
0.0018053616455197602
0.0018261769423611818
0.0018468268550215986
0.0018673300161252714
0.0018876991407802246
0.0019079505206121136
0.0019280978841876213
0.001948147014449798
0.001968109649139017
0.0019879977194084
0.002007814097470816
0.002027569559799671
0.0020472723763372627
0.0020669249212051594
0.002086536695513546
0.0021061100728090964
0.002125651331014937
0.0021451650561672437
0.002164654869181449
0.0021841244726518287
0.0022035775155479346
0.0022230172651485016
0.002242446266330583
0.0022618675794026425
0.0022812834270866823
0.0023006962742309826
0.00232010796914104
0.002339520813717247
0.002358936201681869
0.002378355852233209
0.0023977813555400357
0.0024172140123952263
0.0024366550549967635
0.002456105634188202
0.002475566872083695
0.0024950396683826696
0.0025145249023317265
0.0025340233160850373
0.0025535357045760225
0.002573062671481002
0.002592604813549643
0.0026121627298388073
0.002631736782188451
0.0026513274638531896
0.002670935124884749
0.0026905601430783545
0.0027102027382331483
0.002729863213062241
0.0027495417543105874
0.00276923856042872
0.0027889537717388866
0.0028086875045526603
0.0028284398589786576
0.0028482108828275284
0.0028680006641718116
0.0028878091987551502
0.002907636483938936
0.0029274825181791
0.0029473472502290674
0.002967230639350211
0.0029871326076600785
0.003007053082915399
0.0030269919727301197
0.0030469491542206894
0.0030669245235696815
0.003086917943868557
0.003106929284236952
0.0031269583817999445
0.0031470050942566403
0.0031670692565681944
0.0031871506856590566
0.0032072492035643252
0.003227364640292916
0.003247496796131503
