0.07336393883227714
0.07352309894430403
0.07368087883996725
0.07383730040531426
0.07399238499010893
0.07414615342586131
0.07429862604324933
0.07444982268865932
0.07459976274012324
0.07474846512244877
0.07489594832192643
0.07504223040022792
0.0751873290078721
0.0753312613971694
0.07547404443429785
0.0756156946115904
0.07575622805866689
0.07589566055336679
0.07603400753246392
0.07617128410168382
0.07630750504543807
0.07644268483624375
0.07657683764376673
0.07670997734348034
0.07684211752505614
0.07697327150042825
0.07710345231159974
0.07723267273813304
0.07736094530433084
0.0774882822863181
0.07761469571864307
0.0777401974009533
0.07786479890413349
0.07798851157641251
0.07811134654924427
0.07823331474294307
0.07835442687215435
0.07847469345118194
0.07859412479909288
0.07871273104464305
0.07883052213106433
0.07894750782073652
0.07906369769969958
0.07917910118191752
0.07929372751353612
0.07940758577697887
0.07952068489488585
0.0796330336339173
0.07974464060851788
0.07985551428443395
0.07996566298231494
0.08007509488102532
0.08018381802095582
0.08029184030719076
0.08039916951263627
0.08050581328101046
0.08061177912978583
0.08071707445295467
0.08082170652385177
0.08092568249782385
0.08102900941479069
0.08113169420178527
0.0812337436754749
0.08133516454440476
0.08143596341147555
0.08153614677609723
0.08163572103646598
0.08173469249162117
0.08183306734359017
0.08193085169938061
0.08202805157294826
0.08212467288715299
0.08222072147559278
0.08231620308441877
0.08241112337414856
0.08250548792135377
0.08259930222037472
0.08269257168491911
0.08278530164970042
0.08287749737196853
0.08296916403306778
0.08306030673988478
0.0831509305262814
0.08324104035451552
0.08333064111667084
0.08341973763591945
0.08350833466785403
0.08359643690179079
0.08368404896197443
0.08377117540885128
0.08385782074018974
0.08394398939228863
0.08402968574110208
0.08411491410332642
0.08419967873749198
0.0842839838450385
0.08436783357128236
0.08445123200652091
0.08453418318693044
0.08461669109557467
0.0846987596633271
0.08478039276979993
0.08486159424423635
0.0849423678663991
0.0850227173674278
0.08510264643064583
0.08518215869243784
0.08526125774302436
0.0853399471272691
0.08541823034538246
0.08549611085378696
0.08557359206572089
0.08565067735211099
0.0857273700421429
0.0858036734240367
0.0858795907456568
0.08595512521526849
0.08603028000209123
0.08610505823698619
0.08617946301308098
0.0862534973863417
0.08632716437622369
0.08640046696619652
0.08647340810436879
0.08654599070403325
0.0866182176441871
0.0866900917701129
0.08676161589391836
0.08683279279499215
0.08690362522053241
0.08697411588613282
0.08704426747613164
0.08711408264416896
0.08718356401367036
0.08725271417827761
0.08732153570228167
0.08739003112108722
0.08745820294168878
0.08752605364302399
0.0875935856764436
0.08766080146606856
0.08772770340927145
0.08779429387701317
0.08786057521421187
0.08792654974022197
0.08799221974906896
0.08805758750996133
0.0881226552675159
0.08818742524223375
0.08825189963074058
0.08831608060618576
0.08837997031858806
0.08844357089513998
0.0885068844405036
0.0885699130371773
0.08863265874578752
0.0886951236053983
0.08875730963379341
0.08881921882779743
0.08888085316356113
0.08894221459681148
0.0890033050631803
0.08906412647848178
0.08912468073890804
0.08918496972137746
0.08924499528378685
0.08930475926518776
0.0893642634861688
0.08942350974897217
0.08948249983784241
0.08954123551920899
0.08959971854191479
0.08965795063752002
0.08971593352042441
0.08977366888818382
0.08983115842167748
0.08988840378535876
0.08994540662743221
0.09000216858009691
0.09005869125972607
0.09011497626710291
0.09017102518758476
0.09022683959133859
0.09028242103347271
0.09033777105430879
0.09039289117950641
0.09044778292027165
0.09050244777354854
0.09055688722215328
0.09061110273501928
0.09066509576731853
0.09071886776063619
0.0907724201431692
0.09082575432984816
0.09087887172253911
0.09093177371017543
0.09098446166895968
0.09103693696244725
0.09108920094175067
0.09114125494568628
0.0911931003009166
0.09124473832207226
0.09129617031194823
0.0913473975616102
0.09139842135050558
0.09144924294667939
0.09149986360683739
0.09155028457651024
0.09160050709019402
0.09165053237146263
0.0917003616330924
0.09174999607720428
0.09179943689537685
0.09184868526875684
0.09189774236823763
0.09194660935447735
0.09199528737810614
0.09204377757979283
0.09209208109038904
0.09214019903101552
0.09218813251318031
0.09223588263888159
0.0922834505007515
0.0923308371821045
0.09237804375707902
0.0924250712907257
0.0924719208391277
0.09251859344947184
0.09256509016020024
0.09261141200100213
0.0926575599930384
0.09270353514894515
0.0927493384729693
0.09279497096102741
0.09284043360084118
0.09288572737199116
0.09293085324602388
0.09297581218652144
0.09302060514920707
0.0930652330819976
0.09310969692514054
0.09315399761125279
0.0931981360653951
0.09324211320520692
0.09328592994091772
0.09332958717548172
0.09337308580461556
0.0934164267168941
0.09345961079382577
0.09350263890991328
0.0935455119327475
0.09358823072305059
0.09363079613477128
0.09367320901516758
0.0937154702048195
0.09375758053776122
0.09379954084151879
0.09384135193717366
0.09388301463942632
0.09392452975670068
0.09396589809113615
0.09400712043873048
0.09404819758933658
0.09408913032677356
0.09412991942885342
0.09417056566744074
0.09421106980855874
0.09425143261238769
0.09429165483336692
0.09433173722023014
0.09437168051605081
0.09441148545833893
0.09445115277905733
0.09449068320469754
0.09453007745632099
0.09456933624961371
0.09460846029496128
0.09464745029747067
0.09468630695701896
0.09472503096833795
0.09476362302104374
0.0948020837996721
0.09484041398375444
0.09487861424786255
0.09491668526162045
0.09495462768979415
0.09499244219232189
0.09503012942437698
0.09506769003635804
0.09510512467400656
0.0951424339784066
0.09517961858602979
0.09521667912881016
0.09525361623413713
0.09529043052494703
0.09532712261974272
0.09536369313262931
0.09540014267335324
0.09543647184736788
0.0954726812558574
0.09550877149574767
0.09554474315980821
0.09558059683663676
0.09561633311071284
0.09565195256245362
0.09568745576822962
0.09572284330039516
0.09575811572736344
0.095793273613593
0.09582831751966127
0.09586324800228141
0.0958980656143302
0.09593277090491989
0.09596736441939276
0.09600184669934798
0.09603621828271938
0.09607047970378779
0.0961046314931888
0.09613867417797772
0.09617260828164717
0.0962064343241627
0.09624015282200023
0.09627376428813494
0.09630726923214315
0.09634066816018479
0.096373961575027
0.09640714997610556
0.09644023385954098
0.0964732137181475
0.096506090041481
0.09653886331588744
0.09657153402448293
0.09660410264721797
0.09663656966088609
0.09666893553916257
0.09670120075263677
0.09673336576879829
0.09676543105212684
0.09679739706405902
0.0968292642630621
0.09686103310461916
0.09689270404127204
0.09692427752265419
0.09695575399550682
0.09698713390368965
0.0970184176882438
0.09704960578735354
0.09708069863644417
0.09711169666814397
0.09714260031233693
0.09717340999617935
0.09720412614412165
0.0972347491779406
0.09726527951673193
0.09729571757698424
0.0973260637725361
0.09735631851464999
0.09738648221200102
0.09741655527073494
0.09744653809443893
0.09747643108419606
0.09750623463861392
0.09753594915379801
0.09756557502343736
0.09759511263875421
0.09762456238859199
0.09765392465938542
0.09768319983518754
0.09771238829770995
0.0977414904263243
0.09777050659809212
0.09779943718776035
0.09782828256781272
0.09785704310845927
0.09788571917767071
0.09791431114118848
0.09794281936254859
0.09797124420309937
0.09799958602199837
0.09802784517625954
0.09805602202076175
0.09808411690824005
0.09811213018933894
0.09814006221260603
0.09816791332451356
0.09819568386947317
0.0982233741898686
0.09825098462603202
0.09827851551630348
0.09830596719702231
0.09833334000254347
0.0983606342652557
0.09838785031561366
0.09841498848211759
0.09844204909134832
0.09846903246798874
0.0984959389348323
0.09852276881278269
0.09854952242089406
0.09857620007635785
0.09860280209454754
0.09862932878900385
0.09865578047146274
0.09868215745185441
0.09870846003835901
0.09873468853734951
0.09876084325348544
0.09878692448964428
0.09881293254701164
0.09883886772503953
0.09886473032147583
0.09889052063238395
0.09891623895214643
0.09894188557348564
0.0989674607874739
0.09899296488351966
0.09901839814943746
0.0990437608713987
0.09906905333397545
0.09909427582015877
0.09911942861133051
0.09914451198733816
0.0991695262264433
0.09919447160536511
0.09921934839929858
0.09924415688189052
0.09926889732529867
0.09929357000015314
0.09931817517562039
0.09934271311935045
0.09936718409755013
0.09939158837495009
0.09941592621483394
0.09944019787904135
0.09946440362799149
0.09948854372067997
0.09951261841468037
0.09953662796619102
0.09956057262999188
0.09958445265950117
0.09960826830676404
0.09963201982246508
0.09965570745591588
0.09967933145513784
0.0997028920667582
0.09972638953611587
0.09974982410723897
0.09977319602282603
0.09979650552430436
0.09981975285180193
0.09984293824417555
0.09986606193899798
0.09988912417259678
0.09991212518004729
0.09993506519516683
0.09995794445055647
0.09998076317757748
0.1000035216063838
0.10002621996590728
0.10004885848388156
0.1000714373868659
0.10009395690020138
0.10011641724808286
0.10013881865352293
0.10016116133836492
0.10018344552330827
0.10020567142791034
0.10022783927058948
0.10024994926862207
0.10027200163816737
0.1002939965942773
0.10031593435089177
0.10033781512084677
0.10035963911589217
0.10038140654668228
0.1004031176227947
0.1004247725527473
0.10044637154397751
0.10046791480288816
0.10048940253479655
0.10051083494400964
0.1005322122337864
0.10055353460634629
0.10057480226289912
0.10059601540364319
0.10061717422773463
0.10063827893337451
0.10065932971772856
0.10068032677698746
0.10070127030636136
0.10072216050007703
0.10074299755139195
0.10076378165260146
0.10078451299503725
0.10080519176908201
0.10082581816417463
0.1008463923688119
0.10086691457056095
0.1008873849560461
0.100907803710982
0.10092817102017611
