0.006470634666422238
0.006503743578202204
0.006536837478342503
0.006569916645258561
0.006602981336852388
0.006636031791446387
0.00666906822882724
0.006702090851001905
0.006735099843121482
0.006768095374530916
0.006801077599534862
0.006834046657882385
0.006867002675776886
0.006899945766483149
0.006932876030939257
0.006965793558447368
0.006998698427348122
0.007031590705288383
0.007064470450054058
0.007097337710094036
0.007130192524722986
0.007163034924838534
0.0071958649333316435
0.007228682565463923
0.007261487829246084
0.007294280725940261
0.007327061250241648
0.007359829390804795
0.007392585130512318
0.007425328446723294
0.007458059311662849
0.007490777692771918
0.00752348355278725
0.007556176850148465
0.007588857539309288
0.007621525570727701
0.007654180891377694
0.007686823444858668
0.0077194531714469515
0.007752070008605811
0.007784673890875792
0.007817264750283224
0.007849842516369504
0.007882407116420399
0.007914958475565453
0.00794749651702016
0.007980021162200632
0.008012532330734675
0.008045029940806702
0.008077513909143417
0.008109984151085296
0.008142440580914304
0.008174883111710827
0.008207311655610047
0.008239726123851472
0.008272126426941404
0.008304512474608982
0.008336884175985236
0.0083692414396857
0.00840158417386063
0.008433912286263511
0.008466225684361084
0.008498524275344492
0.008530807966236413
0.008563076663958277
0.008595330275315533
0.008627568707182353
0.008659791866408806
0.008691999659967602
0.008724191994963403
0.008756368778712234
0.008788529918741704
0.008820675322833479
0.008852804899118997
0.008884918556037541
0.008917016202422372
0.008949097747526918
0.008981163101040517
0.00901321217312852
0.009045244874468998
0.009077261116238597
0.009109260810192135
0.009141243868657936
0.009173210204555813
0.009205159731432622
0.009237092363461409
0.009269008015476896
0.009300906603010544
0.00933278804226169
0.009364652250114949
0.009396499144219321
0.009428328642943103
0.009460140665381011
0.009491935131415037
0.00952371196165352
0.009555471077531784
0.009587212401228324
0.009618935855747253
0.009650641364876653
0.0096823288532212
0.009713998246201507
0.009745649470054763
0.009777282451842038
0.009808897119471508
0.009840493401661213
0.009872071227982922
0.009903630528862587
0.009935171235538033
0.009966693280116132
0.009998196595536456
0.010029681115608266
0.010061146774968726
0.010092593509103872
0.010124021254368143
0.010155429947959439
0.010186819527918544
0.010218189933130045
0.010249541103335048
0.01028087297911241
0.010312185501898854
0.010343478613955863
0.010374752258396711
0.010406006379167582
0.010437240921041466
0.010468455829625795
0.010499651051371628
0.010530826533541192
0.010561982224218138
0.010593118072313596
0.01062423402752861
0.01065533004041174
0.010686406062279833
0.010717462045291757
0.010748497942368302
0.010779513707236144
0.010810509294425093
0.010841484659222
0.01087243975771312
0.010903374546755839
0.01093428898397015
0.01096518302774692
0.010996056637238148
0.01102690977233766
0.011057742393703359
0.01108855446272389
0.011119345941533163
0.01115011679300286
0.011180866980724216
0.011211596469009094
0.01124230522288192
0.011272993208098374
0.01130366039109505
0.011334306739019908
0.011364932219718005
0.011395536801709011
0.011426120454210749
0.01145668314710707
0.011487224850952453
0.011517745536972364
0.011548245177053
0.011578723743724617
0.011609181210171802
0.011639617550220893
0.011670032738330659
0.01170042674959467
0.011730799559731128
0.01176115114507276
0.011791481482574138
0.01182179054978529
0.011852078324864606
0.011882344786570485
0.011912589914244166
0.011942813687812843
0.01197301608778089
0.01200319709523765
0.012033356691825385
0.012063494859754838
0.012093611581792863
0.012123706841257277
0.01215378062201121
0.012183832908453091
0.012213863685525987
0.01224387293869074
0.012273860653936465
0.012303826817766523
0.012333771417205468
0.012363694439778332
0.012393595873511559
0.012423475706926436
0.012453333929043032
0.012483170529367064
0.012512985497872017
0.012542778825020173
0.012572550501739908
0.01260230051942814
0.012632028869937565
0.012661735545577153
0.012691420539110147
0.012721083843739964
0.012750725453108958
0.012780345361307179
0.012809943562839094
0.012839520052649142
0.012869074826092793
0.012898607878947168
0.012928119207398768
0.012957608808043442
0.012987076677872893
0.013016522814287217
0.013045947215073048
0.013075349878401948
0.013104730802837968
0.013134089987315191
0.013163427431153564
0.013192743134040216
0.0132220370960216
0.01325130931751723
0.013280559799295318
0.013309788542482921
0.013338995548556103
0.013368180819336207
0.013397344356983316
0.013426486163993596
0.013455606243207243
0.013484704597775923
0.013513781231186725
0.013542836147255117
0.01357186935009357
0.013600880844145897
0.013629870634155314
0.013658838725173535
0.013687785122560225
0.013716709831960643
0.013745612859325934
0.0137744942108884
0.013803353893179012
0.013832191912998925
0.013861008277436164
0.013889802993857692
0.01391857606990018
0.01394732751346757
0.013976057332731112
0.014004765536130458
0.01403345213235433
0.014062117130350325
0.01409076053932951
0.01411938236873541
0.014147982628269272
0.014176561327871148
0.014205118477720718
0.014233654088235667
0.014262168170063478
0.014290660734086927
0.014319131791411562
0.014347581353371868
0.014376009431518406
0.014404416037624478
0.01443280118367664
0.014461164881874879
0.014489507144626738
0.014517827984547428
0.014546127414459301
0.01457440544738267
0.01460266209653541
0.014630897375333383
0.014659111297384477
0.014687303876486526
0.014715475126626734
0.014743625061975844
0.014771753696887489
0.014799861045894626
0.014827947123708643
0.014856011945215322
0.01488405552547147
0.014912077879708134
0.014940079023317697
0.014968058971862246
0.014996017741066141
0.015023955346811254
0.015051871805139661
0.015079767132248534
0.015107641344491683
0.015135494458368865
0.01516332649052901
0.015191137457773916
0.015218927377043657
0.015246696265423281
0.01527444414013861
0.015302171018552317
0.015329876918164119
0.015357561856606283
0.015385225851644134
0.015412868921170943
0.01544049108321327
0.015468092355917616
0.015495672757556643
0.015523232306524934
0.015550771021338878
0.015578288920629771
0.015605786023146048
0.0156332623477558
0.015660717913431176
0.015688152739259803
0.015715566844441333
0.015742960248274897
0.015770332970172194
0.015797685029645254
0.015825016446308432
0.015852327239876347
0.015879617430162498
0.015906887037080153
0.015934136080629803
0.01596136458091626
0.01598857255812882
0.016015760032550244
0.016042927024553087
0.016070073554592904
0.016097199643214995
0.016124305311050063
0.016151390578807726
0.01617845546727999
0.0162054999973427
0.016232524189943438
0.016259528066111188
0.016286511646951895
0.016313474953640297
0.016340418007427575
0.016367340829637464
0.016394243441658966
0.01642112586495538
0.016447988121053022
0.01647483023154473
0.016501652218092463
0.016528454102415296
0.01655523590629966
0.016581997651589825
0.01660873936019061
0.016635461054065086
0.01666216275523475
0.016688844485776448
0.01671550626782239
0.016742148123556462
0.016768770075217043
0.01679537214509332
0.0168219543555267
0.01684851672890379
0.016875059287662985
0.01690158205428609
0.01692808505130502
0.01695456830129343
0.01698103182686889
0.017007475650693334
0.017033899795467697
0.01706030428393937
0.017086689138888295
0.017113054383135855
0.017139400039543572
0.017165726131006174
0.017192032680456323
0.017218319710861046
0.017244587245220034
0.017270835306567412
0.01729706391796984
0.01732327310252343
0.017349462883354087
0.01737563328362003
0.01740178432650605
0.017427916035223527
0.01745402843301263
0.01748012154313856
0.01750619538889158
0.017532249993587466
0.01755828538056263
0.01758430157317796
0.017610298594818913
0.017636276468885114
0.017662235218803047
0.017688174868017673
0.017714095439989693
0.017739996958198143
0.017765879446143225
0.01779174292733889
0.01781758742531598
0.017843412963617633
0.017869219565807653
0.01789500725545537
0.017920776056150788
0.017946525991492213
0.01797225708508867
0.01799796936056361
0.01802366284155067
0.018049337551689394
0.018074993514632938
0.01810063075403974
0.018126249293578953
0.018151849156925567
0.01817743036775978
0.018202992949770277
0.018228536926649636
0.01825406232209502
0.01827956915981243
0.018305057463503947
0.01833052725688119
0.01835597856365613
0.01838141140754126
0.018406825812253592
0.018432221801510558
0.018457599399026425
0.018482958628521277
0.018508299513709466
0.01853362207830832
0.018558926346030836
0.018584212340588855
0.018609480085690876
0.018634729605045267
0.018659960922354026
0.01868517406131501
0.01871036904562467
0.018735545898971313
0.018760704645038206
0.01878584530750462
0.018810967910044385
0.018836072476322286
0.01886115902999416
0.018886227594714804
0.01891127819412495
0.018936310851860046
0.018961325591545175
0.018986322436798573
0.0190113014112267
0.019036262538426184
0.01906120584198552
0.019086131345480085
0.019111039072474367
0.01913592904652361
0.019160801291169812
0.01918565582994183
0.019210492686356637
0.019235311883919273
0.019260113446121805
0.019284897396439706
0.01930966375833843
0.01933441255526785
0.0193591438106597
0.019383857547936246
0.019408553790503213
0.01943323256174741
0.01945789388504435
0.019482537783751332
0.01950716428120766
0.019531773400737862
0.01955636516564906
0.019580939599232208
0.019605496724757754
0.019630036565481516
0.019654559144638314
0.019679064485446363
0.019703552611105696
0.019728023544795935
0.019752477309676553
0.019776913928888976
0.019801333425555845
0.01982573582277876
0.019850121143638728
0.019874489411196843
0.019898840648493257
0.01992317487854621
0.019947492124353483
0.019971792408894413
0.019996075755121443
0.020020342185968806
0.020044591724346996
0.020068824393144235
0.02009304021522787
0.020117239213440916
0.020141421410603714
0.020165586829513558
0.02018973549294549
0.020213867423649383
0.02023798264435194
0.020262081177756887
0.020286163046541763
0.020310228273363144
0.0203342768808489
0.020358308891606277
0.020382324328215976
0.020406323213231777
0.020430305569186354
0.020454271418584694
0.020478220783905356
0.02050215368760329
0.020526070152105395
0.020549970199816366
0.020573853853110217
0.02059772113433846
0.020621572065823462
0.02064540666986157
0.020669224968725187
0.020693026984656648
0.020716812739870763
0.020740582256559285
