0.0061854824821672314
0.006271680497307301
0.006357987088482944
0.006444397239690649
0.006530906051939513
0.006617508740371183
0.006704200631460264
0.006790977160290025
0.006877833867904225
0.006964766398730344
0.007051770498074303
0.007138842009680272
0.007225976873359602
0.0073131711226812925
0.007400420882725036
0.0074877223678955435
0.007575071879792134
0.00766246580513801
0.007749900613763056
0.007837372856637843
0.007924879163963953
0.0080124162433095
0.008099980877795074
0.00818756992432928
0.008275180311885075
0.008362809039825671
0.008450453176269626
0.008538109856500612
0.00862577628141659
0.008713449716019055
0.00880112748793968
0.008888806986006272
0.008976485658842391
0.009064161013505295
0.009151830614155006
0.009239492080759519
0.009327143087829847
0.009414781363188103
0.009502404686766538
0.00959001088943415
0.009677597851855091
0.009765163503372736
0.009852705820921761
0.009940222827968633
0.010027712593475284
0.010115173230889235
0.010202602897158831
0.010289999791770418
0.01037736215581179
0.010464688271054148
0.010551976459059526
0.010639225080308307
0.010726432533346692
0.010813597253956498
0.010900717714341573
0.01098779242233718
0.011074819920634622
0.011161798786026866
0.011248727628669467
0.01133560509136127
0.011422429848839202
0.011509200607091905
0.011595916102687476
0.011682575102118608
0.011769176401161279
0.011855718824247925
0.011942201223857826
0.012028622479917029
0.012114981499217463
0.012201277214843768
0.012287508585616934
0.012373674595549361
0.012459774253312312
0.01254580659171469
0.012631770667195664
0.01271766555932514
0.012803490370320515
0.012889244224568507
0.012974926268162396
0.0130605356684466
0.013146071613573984
0.013231533312068566
0.01331691999240403
0.013402230902586616
0.013487465309748713
0.013572622499752805
0.013657701776801525
0.013742702463058261
0.013827623898275828
0.013912465439431513
0.013997226460372731
0.014081906351467747
0.014166504519266418
0.014251020386165839
0.014335453390084968
0.01441980298414598
0.014504068636361304
0.014588249829328916
0.014672346059933348
0.0147563568390529
0.014840281691273605
0.014924120154609068
0.015007871780225694
0.015091536132175197
0.015175112787130855
0.015258601334131355
0.01534200137432729
0.015425312520736591
0.015508534398002035
0.015591666642155185
0.01567470890038481
0.01575766083081084
0.015840522102261955
0.015923292394059114
0.016005971395801778
0.016088558807160785
0.01617105433767328
0.016253457706543715
0.016335768642447766
0.016417986883340584
0.016500112176269826
0.01658214427719023
0.016664082950785003
0.0167459279702889
0.016827679117314625
0.016909336181685178
0.016990898961265787
0.01707236726180297
0.017153740896764965
0.01723501968718566
0.01731620346151069
0.01739729205544975
0.01747828531182781
0.017559183080442135
0.017639985217921702
0.01772069158758846
0.017801302059321625
0.017881816509425972
0.017962234820501542
0.018042556881315654
0.018122782586678432
0.018202911837320326
0.018282944539772018
0.018362880606247484
0.01844271995452708
0.01852246250784621
0.018602108194783293
0.018681656949152456
0.018761108709895346
0.018840463420978847
0.01891972103129003
0.018998881494538416
0.019077944769156262
0.01915691081820215
0.019235779609266146
0.019314551114378947
0.019393225309917866
0.019471802176519896
0.01955028169899406
0.01962866386623429
0.019706948671137002
0.01978513611051777
0.019863226185030933
0.01994121889908895
0.020019114260786196
0.02009691228182225
0.02017461297742708
0.020252216366286786
0.02032972247047322
0.020407131315371203
0.02048444292961201
0.020561657345002638
0.020638774596461962
0.02071579472195294
0.02079271776241971
0.02086954376172426
0.020946272766586106
0.02102290482651902
0.021099439993774626
0.021175878323282226
0.021252219872592466
0.021328464701820465
0.021404612873592438
0.02148066445299008
0.021556619507498327
0.021632478106953328
0.021708240323491602
0.021783906231499957
0.021859475907566584
0.02193494943043237
0.02201032688094431
0.022085608342009157
0.022160793898547096
0.02223588363744843
0.02231087764752874
0.022385776019486138
0.02246057884585953
0.022535286220987254
0.02260989824096552
0.022684415003609737
0.022758836608415038
0.022833163156517306
0.022907394750656958
0.02298153149514022
0.023055573495804112
0.023129520859980778
0.023203373696461874
0.023277132115464873
0.023350796228599494
0.023424366148834287
0.02349784199046478
0.023571223869080747
0.02364451190153605
0.023717706205918287
0.02379080690151653
0.023863814108794845
0.02393672794936104
0.0240095485459393
0.02408227602234212
0.02415491050344336
0.024227452115150195
0.02429990098437813
0.02437225723902418
0.024444521007941884
0.024516692420916742
0.024588771608640717
0.02466075870268956
0.024732653835498206
0.024804457140337636
0.024876168751293146
0.024947788803241302
0.025019317431828145
0.02509075477344815
0.02516210096522273
0.025233356144979416
0.02530452045123218
0.025375594023161627
0.025446577000594068
0.02551746952398423
0.02558827173439507
0.02565898377347975
0.02572960578346408
0.02580013790712743
0.025870580287786517
0.02594093306927757
0.026011196395939788
0.026081370412598778
0.026151455264550403
0.026221451097544753
0.026291358057770366
0.026361176291839535
0.026430905946772883
0.026500547169984293
0.02657010010926751
0.026639564912780387
0.026708941729032723
0.026778230706870573
0.02684743199546481
0.026916545744296784
0.026985572103145956
0.02705451122207614
0.02712336325142514
0.02719212834178999
0.02726080664401732
0.02732939830919024
0.0273979034886167
0.027466322333819355
0.027534654996523064
0.027602901628645253
0.027671062382284384
0.027739137409709683
0.027807126863351135
0.027875030895789098
0.027942849659744265
0.02801058330806861
0.028078231993735214
0.028145795869829408
0.028213275089538963
0.028280669806146033
0.028347980173017418
0.028415206343596396
0.02848234847139452
0.028549406709982655
0.028616381212983013
0.028683272134061785
0.02875007962692063
0.02881680384528871
0.02888344494291661
0.02895000307356667
0.029016478391007794
0.02908287104900756
0.029149181201325345
0.02921540900170494
0.029281554603868387
0.029347618161510006
0.029413599828288586
0.029479499757821957
0.029545318103680968
0.029611055019382902
0.02967671065838557
0.029742285174081964
0.02980777871979438
0.02987319144876831
0.029938523514167606
0.03000377506906881
0.030068946266456013
0.030134037259216012
0.030199048200131997
0.030263979241880932
0.030328830537025758
0.0303936022380132
0.03045829449716823
0.030522907466689144
0.03058744129864297
0.030651896144962422
0.030716272157440057
0.030780569487725073
0.030844788287319173
0.030908928707572027
0.030972990899677377
0.03103697501467022
0.03110088120342186
0.031164709616636747
0.031228460404849022
0.0312921337184185
0.031355729707527855
0.031419248522178846
0.031482690312189254
0.03154605522718902
0.03160934341661847
0.031672555029724006
0.031735690215555126
0.03179874912296241
0.03186173190059393
0.03192463869689278
0.03198746966009362
0.03205022493822089
0.03211290467908641
0.03217550903028528
0.03223803813919487
0.0323004921529719
0.032362871218549916
0.032425175482636966
0.03248740509171432
0.032549560192032034
0.032611640929609095
0.032673647450230256
0.03273557989944388
0.03279743842256034
0.032859223164649974
0.03292093427054089
0.03298257188481746
0.03304413615181846
0.03310562721563508
0.033167045220109284
0.03322839030883266
0.03328966262514399
0.03335086231212797
0.0334119895126142
0.033473044369174906
0.033534027024123836
0.03359493761951486
0.03365577629714051
0.03371654319853086
0.033777238464952244
0.03383786223740526
0.033898414656624846
0.033958895863077536
0.03401930599696201
0.03407964519820671
0.034139913606468945
0.034200111361134725
0.034260238601316474
0.03432029546585313
0.034380282093308304
0.03444019862197053
0.03450004518985085
0.034559821934683495
0.034619528993924155
0.03467916650474898
0.03473873460405479
0.034798233428457594
0.03485766311429182
0.034917023797610365
0.034976315614183136
0.035035538699496896
0.03509469318875443
0.03515377921687417
0.03521279691848933
0.035271746427947975
0.03533062787931203
0.03538944140635652
0.03544818714257028
0.035506865221153726
0.035565475775020707
0.035624018936795995
0.035682494838816185
0.03574090361312898
0.03579924539149274
0.03585752030537643
0.03591572848595951
0.03597387006413062
0.036031945170489355
0.03608995393534369
0.036147896488711175
0.0362057729603191
0.03626358347960271
0.03632132817570693
0.0363790071774849
0.036436620613498165
0.036494168612017444
0.036551651301021115
0.03660906880819586
0.036666421260937256
0.03672370878634836
0.03678093151124115
0.0368380895621353
0.0368951830652587
0.036952212146547925
0.03700917693164714
0.0370660775459097
0.03712291411439684
0.03717968676187798
0.0372363956128316
0.03729304079144475
0.037349622421613556
0.03740614062694226
0.037462595530744956
0.03751898725604439
0.037575315925573366
0.037631581661774036
0.03768778458679753
0.037743924822506
0.03780000249047121
0.03785601771197527
0.03791197060801144
0.037967861299283104
0.03802368990620532
0.03807945654890402
0.038135161347217464
0.03819080442069528
0.03824638588859918
0.038301905869903986
0.03835736448329693
0.03841276184717841
0.03846809807966236
0.03852337329857624
0.03857858762146202
0.038633741165576135
0.03868883404788934
0.03874386638508797
0.038798838293573765
0.038853749889464696
0.0389086012885948
0.03896339260651464
0.039018123958492294
0.03907279545951269
0.039127407224279834
0.03918195936721492
0.03923645200245837
0.03929088524386976
0.03934525920502852
0.0393995739992336
0.03945382973950505
0.03950802653858334
0.03956216450893073
0.039616243762731394
0.03967026441189168
0.039724226568040685
0.03977813034253101
0.03983197584643889
0.03988576319056497
0.039939492485434415
0.03999316384129824
0.040046777368132405
0.040100333175639484
0.04015383137324901
0.040207272070117865
0.04026065537513006
0.04031398139689868
0.04036725024376532
0.04042046202380105
0.04047361684480665
0.04052671481431349
0.040579756039583983
0.04063274062761201
0.04068566868512346
0.04073854031857665
0.04079135563416349
0.040844114737809446
0.04089681773517399
0.04094946473165185
0.041002055832372646
0.04105459114220268
0.04110707076574374
0.041159494807335634
0.0412118633710556
0.041264176560719006
0.04131643447987984
0.041368637231831554
0.041420784919607975
