0.1391736820782047
0.11805555206736884
0.10329679239227868
0.09203856922813379
0.08302644246635092
0.07557976935756121
0.06928392627633019
0.06386691545291727
0.059140722023900284
0.05497016470798625
0.051254990424172
0.04791895230264562
0.04490283027268952
0.042159800187513
0.03965226403356851
0.03734962242161348
0.03522667352126681
0.03326243945964424
0.03143929108578369
0.02974228517408206
0.028158655576643925
0.026677417710568023
0.025289057673108323
0.023985285366568833
0.02275883660841497
0.021603313132799836
0.02051305219264434
0.01948301949702086
0.018508720700632753
0.017586127758836428
0.016711617281748206
0.015881918640255933
0.015094070048664573
0.014345381211391504
0.013633401402088772
0.01295589206285983
0.012310803183614582
0.011696252857978278
0.011110509520772424
0.010551976459059526
0.010019178258809049
0.009510748905979702
0.00902542130698362
0.008562018031286102
0.008119443109915926
0.007696674749283621
0.007292758840935872
0.0069068031655387056
0.006537972204143452
0.00618548248216723
0.005848598381931496
0.005526628368401523
0.005218921580214849
0.0049248647444241865
0.004643879378776326
0.004375419249967291
0.004118968060265402
0.0038740373383074197
0.003640164512797812
0.0034169111503841564
0.00320386134117533
0.0030006202172765764
0.0028068125913865197
0.002622081703938977
0.002446088068549754
0.0022785084066404976
0.0021190346630779256
0.0019673730955427956
0.0018232434310827275
0.0016863780839886963
0.0015565214297142782
0.001433429130094983
0.0013168675055792005
0.0012066129506145859
0.0011024513886862236
0.00100417776385498
0.0009115955659244851
0.0008245163866468541
0.0007427595046101256
0.0006661514966732256
0.0005945258740152477
0.0005277227410366795
0.0004655884755433676
0.0004079754287725817
0.00035474164399986824
0.00030575059259624397
0.0002608709265663704
0.0002199762467667882
0.0001829448861799683
0.00014965970786633918
0.00012000791752630635
0.00009388089105695407
0.0000711740182169991
0.00005178656474883888
0.000035621557603799956
0.00002258570266644971
0.000012589355345580984
5.546594695252702e-6
1.3755616418980752e-6
1.3483594548238056e-6
5.329443824627701e-6
0.000011857416384354933
0.000020852160062206073
0.00003223737519967277
0.00004593994622389624
0.00006188959534490405
0.00008001864957785229
0.00010026186443033183
0.00012255628044246223
0.00014684110089507876
0.00017305758428477045
0.00020114894776031476
0.0002310602791022864
0.00026273845562519463
0.00029613206886093085
0.00033119135419030495
0.0003678681247970096
0.0004061157094470585
0.0004458888937057581
0.00048714386426933605
0.0005298381561396749
0.0005739306024209036
0.0006193812865322216
0.0006661514966734204
0.0007142036823879744
0.0007635014130869254
0.0008140093384160998
0.0008656931503534104
0.0009185195469383003
0.0009724561975421495
0.0010274717095913142
0.001083535596672482
0.0011406182479406736
0.0011986908987690074
0.0012577256025748493
0.0013176952037640259
0.0013785733117412887
0.0014403342759343092
0.0015029531617815628
0.001566405727643196
0.0016306684025901824
0.0016957182650304992
0.0017615330221368883
0.0018280909900394357
0.0018953710747508857
0.0019633527537881133
0.0020320160584675236
0.002101341556836416
0.0021713103372200983
0.0022419039923561083
0.002313104604091367
0.002384894728618745
0.0024572573822303706
0.0025301760275695923
0.002603634560355582
0.00267761729656835
0.0027521089600697286
0.0028270946706482405
0.0029025599324669447
0.002978490622899753
0.003054872981744496
0.0031316936007907436
0.00320893941373782
0.003286597686441506
0.003364656007482337
0.003443102279041969
0.003521924708072721
0.0036011117977564136
0.0036806523392338953
0.003760535403601829
0.003840750334161828
0.00392128673891686
0.00400213448330235
0.004083283683147565
0.004164724697854599
0.004246448123790014
0.004328444787881505
0.004410705741411302
0.00449322225399926
0.004575985807770537
0.00465898809169982
0.004742220996126849
0.004825676607438357
0.004909347202905436
0.004993225245680974
0.0050773033799402425
0.005161574426170008
0.0052460313765930735
0.00533066739072832
0.005415475791081967
0.005500450058962023
0.00558558383041557
0.005670870892283275
0.0057563051783668185
0.005841880765707183
0.005927591870967862
0.006013432846922244
0.00609939817903944
0.0061854824821672314
