0.18368108110292303
0.17245891450729606
0.16389539163730366
0.1569183718291808
0.15101084434125614
0.14588375877694498
0.14135595704796167
0.1373047555870683
0.13364241891757098
0.13030364167656763
0.1272383050158425
0.12440700576115452
0.12177815346621709
0.11932600726497006
0.11702930337906138
0.11487026866478153
0.11283389487653056
0.11090739397551354
0.10907978219679942
0.10734155760469542
0.10568444676946319
0.1041012033739194
0.10258544639356501
0.10113152882092839
0.09973443023737366
0.09838966819868024
0.09709322460455481
0.09584148410575775
0.09463118225915552
0.09345936163465174
0.09232333445300422
0.09122065062126937
0.09014907025538325
0.08910653995327072
0.08809117221868898
0.08710122754442867
0.08613509874998686
0.08519129723828452
0.08426844089207985
0.08336524337628475
0.08248050464956778
0.08161310251912769
0.08076198509763044
0.07992616404209116
0.0791047084717096
0.07829673947603305
0.07750142513679575
0.0767179759967945
0.0759456409175407
0.07518370327444035
0.07443147744408633
0.07368830554312202
0.07295355438212567
0.07222661260122691
0.07150688795675804
0.07079380473023393
0.07008680123237147
0.0693853273757569
0.06868884229012634
0.06799681195402583
0.06730870681587238
0.06662399937604288
0.06594216169951919
0.0652626628257184
0.06458496603826056
0.06390852595237666
0.0632327853712191
0.06255717185407567
0.061881093929024036
0.06120393686925138
0.06052505793527633
0.0598437809635777
0.05915939015413985
0.058471122873174915
0.057778161239880006
0.05707962220371305
0.056374545735617676
0.0556618806451019
0.05494046738329002
0.05420901698318332
0.05346608499663587
0.05271003887410581
0.05193901663736735
0.05115087382075306
0.050343114346301884
0.04951279899065536
0.04865642194623589
0.04776974087558373
0.04684753732856084
0.04588326959162308
0.04486855320779232
0.043792353191416236
0.042639667964937275
0.04138925725433173
0.040009417378322164
0.03844931030650479
0.03661850860415031
0.03432717593337064
0.031026068326611943
0.030983394791152013
0.03422285779419556
0.03644072213253587
0.03818838062229441
0.03965681466539113
0.04093717124058755
0.04208078002208911
0.04311969711906548
0.04407542246812363
0.04496315148080563
0.045794063943265094
0.04657665113372716
0.04731753119301547
0.04802197398189611
0.04869425214280839
0.04933788358451372
0.04995580361331411
0.05055049003523247
0.051124055962302524
0.05167831991251885
0.05221485961114207
0.052735053875342844
0.05324011564140256
0.053731118310054234
0.054209016983183395
0.054674665746803096
0.055128831859933204
0.055572207497253785
0.05600541953954491
0.05642903779259343
0.05684358193081507
0.057249527398280035
0.05764731045140518
0.058037332490452787
0.05841996379814297
0.058795546781200456
0.05916439879293471
0.05952681460090908
0.05988306855251747
0.06023341648228819
0.06057809739742556
0.060917334972187355
0.06125133887682922
0.06158030596287687
0.06190442132318769
0.06222385924253642
0.06253878405217218
0.06284935089990706
0.06315570644567592
0.06345798949116638
0.06375633155097127
0.06405085737174605
0.06434168540501245
0.06462892823855869
0.06491269299076338
0.06519308167165123
0.06547019151403696
0.06574411527771616
0.06601494152933961
0.06628275490027867
0.06654763632457333
0.06680966325878854
0.06706890988543944
0.06732544730144598
0.06757934369294707
0.06783066449764884
0.06807947255578108
0.06832582825061435
0.06856978963940735
0.0688114125755665
0.06905075082272266
0.06928785616137162
0.06952277848865507
0.06975556591181882
0.06998626483582149
0.07021492004554125
0.07044157478297244
0.07066627081979132
0.0708890485256101
0.0711099469322395
0.07132900379423274
0.07154625564597593
0.0717617378555541
0.07197548467562184
0.07218752929146956
0.07239790386647599
0.07260663958511958
0.07281376669370251
0.07301931453893624
0.07322331160452285
0.07342578554585881
0.07362676322297604
0.07382627073182821
0.0740243334340205
0.07422097598508362
0.07441622236136705
0.07461009588564005
0.07480261925147459
0.07499381454647802
0.07518370327444025
