0.5508027324385492
0.5506504705814536
0.5504982892878189
0.5503461925941665
0.5501941844445529
0.5500422686919949
0.5498904491002586
0.5497387293452013
0.5495871130164863
0.5494356036189993
0.5492842045745272
0.5491329192231166
0.5489817508247058
0.5488307025605914
0.5486797775348701
0.548528978775875
0.5483783092377967
0.5482277718018642
0.548077369277928
0.5479271044058294
0.5477769798566783
0.5476269982342773
0.5474771620764751
0.5473274738564169
0.5471779359838422
0.5470285508064384
0.5468793206109346
0.5467302476244913
0.5465813340158188
0.5464325818963516
0.5462839933214408
0.5461355702915593
0.5459873147532935
0.5458392286005835
0.5456913136757233
0.5455435717704268
0.5453960046269373
0.5452486139389806
0.5451014013528169
0.5449543684682056
0.544807516839364
0.5446608479759704
0.5445143633440194
0.5443680643667851
0.5442219524256972
0.5440760288612303
0.5439302949737737
0.543784752024436
0.5436394012358949
0.5434942437932084
0.5433492808446141
0.5432045135022928
0.5430599428431369
0.542915569909495
0.5427713957099103
0.5426274212198359
0.5424836473823214
0.5423400751087312
0.5421967052793731
0.5420535387442111
0.5419105763234856
0.5417678188083124
0.5416252669613887
0.5414829215175212
0.541340783184249
0.5411988526424579
0.5410571305468641
0.5409156175266914
0.540774314186131
0.540633221104903
0.5404923388387893
0.5403516679201453
0.5402112088583964
0.5400709621405398
0.5399309282316173
0.5397911075752055
0.539651500593869
0.5395121076896005
0.5393729292443026
0.5392339656201757
0.5390952171601798
0.5389566841884452
0.538818367010686
0.5386802659145616
0.5385423811701038
0.5384047130301478
0.538267261730588
0.5381300274908527
0.5379930105142118
0.537856210988141
0.5377196290847194
0.5375832649608476
0.5374471187587149
0.5373111906060268
0.5371754806163599
0.5370399888895074
0.5369047155117103
0.5367696605560233
0.5366348240825647
0.536500206138811
0.5363658067599258
0.5362316259689553
0.5360976637771486
0.5359639201842306
0.5358303951786321
0.5356970887377264
0.5355640008281292
0.535431131405922
0.5352984804168857
0.5351660477967001
0.5350338334712454
0.5349018373567508
0.5347700593600835
0.5346384993789021
0.5345071573019076
0.5343760330090047
0.5342451263716018
0.5341144372526605
0.5339839655070401
0.5338537109815727
0.5337236735152916
0.5335938529396683
0.5334642490786893
0.5333348617490848
0.5332056907605196
0.5330767359157146
0.5329479970106229
0.5328194738346593
0.532691166170734
0.5325630737955157
0.5324351964795244
0.5323075339872922
0.532180086077522
0.5320528525032197
0.5319258330118356
0.5317990273454083
0.5316724352406602
0.5315460564291984
0.5314198906375797
0.5312939375874948
0.5311681969958004
0.5310426685747526
0.5309173520320568
0.5307922470709788
0.5306673533905109
0.5305426706854128
0.530418198646392
0.5302939369601708
0.5301698853096032
0.5300460433737356
0.5299224108279967
0.529798987344217
0.5296757725907658
0.5295527662326117
0.5294299679314637
0.5293073773458167
0.5291849941310816
0.5290628179396186
0.5289408484208827
0.5288190852214794
0.5286975279852234
0.5285761763532675
0.5284550299641618
0.5283340884538879
0.528213351456018
0.5280928186017303
0.5279724895198816
0.5278523638371192
0.527732441177898
0.5276127211645978
0.5274932034175599
0.5273738875551464
0.5272547731938557
0.5271358599483126
0.5270171474313913
0.5268986352542461
0.5267803230263632
0.5266622103556462
0.5265442968484557
0.5264265821096727
0.526309065742734
0.5261917473497252
0.5260746265313898
0.5259577028871953
0.5258409760154072
0.5257244455131012
0.5256081109762525
0.5254919719997289
0.5253760281773872
0.5252602791021126
0.5251447243658185
0.5250293635595457
0.5249141962734839
0.5247992220969788
0.5246844406186423
0.5245698514263444
0.5244554541072664
0.5243412482479346
0.5242272334342368
0.524113409251531
0.5239997752845972
0.5238863311177177
0.5237730763347037
0.5236600105189458
0.5235471332533976
0.5234344441206638
0.5233219427030058
0.5232096285823779
0.5230975013404477
0.5229855605586403
0.5228738058181694
0.5227622367000441
0.5226508527851245
0.5225396536541247
0.5224286388876735
0.5223178080662864
0.5222071607704466
0.5220966965806008
0.5219864150771957
0.5218763158406895
0.5217663984515841
0.5216566624904423
0.5215471075379298
0.5214377331748212
0.5213285389820125
0.5212195245405443
0.5211106894316585
0.5210020332367765
0.5208935555375394
0.5207852559158012
0.5206771339537083
0.5205691892336411
0.5204614213382953
0.5203538298506537
0.5202464143540342
0.5201391744321037
0.5200321096688778
0.5199252196487424
0.5198185039564871
0.5197119621772949
0.5196055938967794
0.5194993987009845
0.5193933761764044
0.5192875259100088
0.5191818474892241
0.519076340501987
0.5189710045367315
0.5188658391824136
0.5187608440285179
0.5186560186650631
0.5185513626826452
0.5184468756723979
0.5183425572260506
0.5182384069359212
0.5181344243949206
0.5180306091965737
0.5179269609350272
0.5178234792050536
0.5177201636020732
0.5176170137221535
0.517514029162015
0.5174112095190581
0.51730855439135
0.517206063377656
0.5171037360774285
0.5170015720908152
0.5168995710186906
0.5167977324626333
0.5166960560249656
0.5165945413087263
0.5164931879176937
0.5163919954564212
0.516290963530181
0.5161900917450223
0.516089379707769
0.5159888270260083
0.5158884333081117
0.5157881981632312
0.515688121201322
0.5155882020331215
0.515488440270181
0.5153888355248479
0.5152893874102971
0.5151900955405164
0.5150909595302972
0.5149919789952897
0.5148931535519449
0.5147944828175766
0.5146959664103201
0.5145976039491569
0.514499395053929
0.5144013393453135
0.514303436444854
0.5142056859749423
0.5141080875588421
0.5140106408206877
0.5139133453854628
0.5138162008790348
0.5137192069281524
0.5136223631604304
0.5135256692043565
0.5134291246893256
0.5133327292455997
0.513236482504326
0.5131403840975581
0.5130444336582195
0.5129486308201465
0.5128529752180637
0.5127574664875939
0.5126621042652573
0.5125668881884751
0.5124718178955762
0.5123768930257919
0.5122821132192622
0.5121874781170197
0.5120929873610278
0.5119986405941411
0.5119044374601334
0.5118103776036921
0.5117164606704089
0.5116226863067969
0.5115290541602839
0.5114355638791974
0.5113422151128053
0.5112490075112706
0.5111559407256806
0.5110630144080515
0.5109702282112967
0.5108775817892576
0.5107850747966952
0.5106927068892816
0.5106004777236195
0.5105083869572226
0.5104164342485199
0.5103246192568605
0.5102329416425272
0.5101414010666949
0.5100499971914725
0.5099587296798901
0.5098675981958825
0.5097766024043142
0.5096857419709542
0.5095950165625062
0.5095044258465675
0.5094139694916641
0.5093236471672428
0.5092334585436417
0.5091434032921365
0.5090534810849051
0.5089636915950397
0.5088740344965376
0.5087845094643073
0.5086951161741784
0.5086058543028832
0.5085167235280542
0.5084277235282377
0.5083388539828849
0.5082501145723508
0.5081615049778938
0.5080730248816764
0.5079846739667606
0.5078964519171089
0.5078083584175795
0.507720393153936
0.5076325558128334
0.5075448460818205
0.5074572636493476
0.5073698082047455
0.5072824794382428
0.5071952770409605
0.5071082007049047
0.507021250122961
0.5069344249889154
0.5068477249974298
0.5067611498440463
0.5066746992251889
0.5065883728381622
0.5065021703811525
0.50641609155321
0.5063301360542678
0.5062443035851358
0.5061585938474891
0.5060730065438716
0.5059875413776949
0.5059021980532388
0.5058169762756494
0.5057318757509301
0.5056468961859438
0.5055620372884181
0.5054772987669356
0.505392680330931
0.5053081816906988
0.5052238025573819
0.505139542642969
0.5050554016603042
0.5049713793230655
0.5048874753457925
0.5048036894438496
0.5047200213334528
0.5046364707316502
0.5045530373563342
0.5044697209262181
0.504386521160863
0.5043034377806461
0.5042204705067859
0.5041376190613123
0.5040548831671074
0.5039722625478343
0.5038897569280141
0.5038073660329633
0.503725089588828
0.5036429273225599
0.503560878961926
0.5034789442355077
0.5033971228726903
0.5033154146036564
0.5032338191594139
0.5031523362717497
0.5030709656732631
0.5029897070973556
0.5029085602782104
0.502827524950809
0.5027466008509353
0.5026657877151437
0.5025850852807944
0.5025044932860148
0.5024240114697236
0.5023436395716269
0.5022633773322012
0.5021832244926956
0.5021031807951445
0.5020232459823448
0.501943419797866
0.5018637019860495
0.5017840922919949
0.5017045904615794
0.50162519624142
0.5015459093789084
0.5014667296221909
0.5013876567201663
0.5013086904224845
0.5012298304795546
0.5011510766425161
0.5010724286632793
0.5009938862944749
0.5009154492894883
0.5008371174024462
0.5007588903882004
0.5006807680023508
0.5006027500012261
0.5005248361418868
0.5004470261821145
0.5003693198804297
0.5002917169960697
0.5002142172889918
0.5001368205198801
0.5000595264501321
0.49998233484186994
0.49990524545790893
0.4998282580617966
0.49975137241778506
0.49967458829082195
0.4995979054465787
0.4995213236514077
0.49944484267237976
0.4993684622772553
0.4992921822344945
0.49921600231325225
0.49913992228337306
0.49906394191538894
0.49898806098052617
0.4989122792506904
0.4988365964984763
0.49876101249715493
0.4986855270206835
0.49861013984368296
0.49853485074146225
0.49845965949000026
0.49838456586594293
0.4983095696466051
0.49823467060997184
0.4981598685346881
0.4980851632000638
0.4980105543860722
0.49793604187333373
0.49786162544313634
0.49778730487741546
0.49771307995876235
0.49763895047041035
0.4975649161962527
0.49749097692081645
0.4974171324292782
0.4973433825074497
0.497269726941793
0.49719616551939716
0.4971226980279919
0.49704932425593756
0.49697604399222417
0.49690285702647685
0.4968297631489398
0.49675676215048975
