0.07518370327444025
0.07537230637646103
0.07555964425110884
0.07574573677366617
0.07593060331451482
0.07611426275670315
0.07629673351273855
0.07647803354065298
0.07665818035937048
0.07683719106342125
0.07701508233702954
0.07719187046761211
0.07736757135871447
0.07754220054241381
0.07771577319121428
0.07788830412946314
0.07805980784430538
0.07823029849620372
0.07839978992904406
0.07856829567984483
0.07873582898808919
0.07890240280469953
0.07906802980066817
0.07923272237536187
0.07939649266451577
0.07955935254792709
0.07972131365686776
0.07988238738122343
0.08004258487637232
0.08020191706981941
0.08036039466758839
0.08051802816039115
0.08067482782957605
0.0808308037528712
0.08098596580992623
0.08114032368766413
0.08129388688544914
0.0814466647200814
0.08159866633061959
0.08174990068304647
0.08190037657477568
0.08205010263901205
0.08219908734896901
0.08234733902194785
0.0824948658232855
0.08264167577017667
0.08278777673537378
0.082933176450769
0.0830778825108644
0.083221902376135
0.08336524337628491
0.08350791271340541
0.08364991746503611
0.08379126458713265
0.0839319609169441
0.08407201317580561
0.08421142797184739
0.08435021180262195
0.08448837105765615
0.08462591202092802
0.08476284087327074
0.08489916369470762
0.08503488646672074
0.08517001507445487
0.08530455530885707
0.08543851286875903
0.08557189336289817
0.0857047023118845
0.08583694515011246
0.08596862722761928
0.08609975381189468
0.08623033008963778
0.08636036116847202
0.08648985207860732
0.08661880777446355
0.08674723313624795
0.0868751329714912
0.08700251201654396
0.08712937493803327
0.087255726334283
0.0873815707366941
0.08750691261109411
0.08763175635904807
0.08775610631913819
0.08787996676821143
0.08800334192259403
0.08812623593927747
0.0882486529170744
0.08837059689774548
0.0884920718670981
0.08861308175606085
0.08873363044172827
0.08885372174838245
0.08897335944849036
0.08909254726367535
0.08921128886566751
0.08932958787722985
0.08944744787306459
0.0895648723806953
0.08968186488133155
0.08979842881071153
0.08991456755992573
0.09003028447622131
0.0901455828637887
0.09026046598452994
0.09037493705880958
0.09048899926618817
0.09060265574614042
0.09071590959875635
0.0908287638854273
0.09094122162951643
0.09105328581701394
0.09116495939718049
0.09127624528317248
0.0913871463526573
0.09149766544841381
0.09160780537891948
0.09171756891892556
0.09182695881002088
0.09193597776118105
0.0920446284493096
0.09215291351976371
0.09226083558687341
0.09236839723444569
0.09247560101626115
0.0925824494565586
0.09268894505051158
0.09279509026469238
0.0929008875375297
0.09300633927975413
0.09311144787483681
0.09321621567941835
0.0933206450237293
0.09342473821200156
0.09352849752287277
0.09363192520978254
0.09373502350135936
0.09383779460180203
0.09394024069125252
0.09404236392616121
0.09414416643964604
0.09424565034184418
0.09434681772025684
0.09444767064008779
0.09454821114457551
0.09464844125531846
0.09474836297259492
0.09484797827567605
0.09494728912313409
0.09504629745314365
0.0951450051837782
0.09524341421330099
0.09534152642045048
0.0954393436647198
0.0955368677866326
0.09563410060801295
0.09573104393225014
0.09582769954455883
0.0959240692122358
0.09602015468490924
0.09611595769478674
0.0962114799568968
0.09630672316932735
0.09640168901345816
0.0964963791541916
0.09659079524017777
0.09668493890403583
0.09677881176257205
0.0968724154169939
0.0969657514531196
0.097058821441585
0.09715162693804787
0.09724416948338553
0.09733645060389261
0.09742847181147317
0.09752023460383108
0.09761174046465507
0.09770299086380366
0.09779398725748445
0.0978847310884317
0.09797522378608026
0.09806546676673784
0.09815546143375245
0.09824520917767929
0.0983347113764431
0.09842396939549916
0.09851298458799072
0.09860175829490479
0.09869029184522439
0.09877858655607949
0.09886664373289403
0.09895446466953257
0.09904205064844278
0.09912940294079678
0.09921652280662979
0.09930341149497651
0.09939007024400577
0.09947650028115305
0.09956270282325032
0.09964867907665453
0.09973443023737365
0.09981995749119123
0.0999052620137887
0.09999034497086572
0.10007520751825928
0.10015985080205973
0.10024427595872736
0.10032848411520387
0.10041247638902566
0.10049625388843285
0.10057981771247755
0.10066316895113163
0.10074630868539046
0.10082923798737731
0.10091195792044527
0.1009944695392775
0.10107677388998612
0.10115887201021136
0.10124076492921485
0.10132245366797733
0.10140393923928985
0.10148522264784769
0.10156630489033901
0.10164718695553622
0.10172786982438319
0.10180835447008162
0.10188864185817745
0.10196873294664607
0.10204862868597349
0.10212833001923956
0.10220783788219953
0.1022871532033623
0.1023662769040705
0.10244520989857696
0.10252395309412214
0.10260250739100861
0.10268087368267605
0.10275905285577462
0.10283704579023702
0.10291485335935006
0.10299247642982472
0.10306991586186603
0.10314717250924167
0.10322424721934884
0.10330114083328104
0.10337785418589486
0.10345438810587339
0.10353074341579138
0.10360692093217772
0.10368292146557805
0.10375874582061616
0.10383439479605523
0.10390986918485592
0.10398516977423801
0.10406029734573706
0.10413525267526205
0.10421003653315286
0.10428464968423559
0.10435909288787892
0.10443336689804769
0.1045074724633573
0.10458141032712696
0.10465518122743239
0.10472878589715755
0.10480222506404537
0.10487549945074938
0.10494860977488268
0.10502155674906785
0.1050943410809857
0.10516696347342243
0.1052394246243182
0.1053117252268136
0.10538386596929583
0.10545584753544407
0.10552767060427595
0.1055993358501903
0.10567084394301329
0.10574219554803992
0.1058133913260782
0.10588443193349124
0.10595531802223984
0.10602605023992229
0.10609662922981725
0.10616705563092278
0.10623733007799703
0.10630745320159743
0.10637742562811958
0.10644724797983601
0.10651692087493388
0.10658644492755324
0.10665582074782375
0.10672504894190113
0.10679413011200414
0.10686306485645004
0.10693185376968974
0.10700049744234369
0.1070689964612356
0.10713735140942747
0.10720556286625264
0.10727363140734963
0.10734155760469545
0.10740934202663747
0.10747698523792648
0.10754448779974847
0.10761185026975582
0.10767907320209842
0.10774615714745533
0.10781310265306443
0.10787991026275318
0.10794658051696732
0.10801311395280197
0.10807951110402966
0.10814577250112917
0.10821189867131459
0.10827789013856284
0.10834374742364185
0.10840947104413824
0.10847506151448456
0.10854051934598567
0.10860584504684619
0.10867103912219613
0.10873610207411723
0.10880103440166923
0.10886583660091474
0.10893050916494439
0.10899505258390223
0.10905946734501014
0.10912375393259242
0.10918791282809984
0.10925194451013312
0.10931584945446762
0.10937962813407526
0.10944328101914885
0.10950680857712496
0.10957021127270519
0.10963348956788045
0.1096966439219515
0.10975967479155191
0.10982258263066957
0.10988536789066762
0.10994803102030655
0.11001057246576403
0.11007299267065755
0.11013529207606274
0.1101974711205358
0.11025953024013208
0.11032146986842735
0.11038329043653645
0.11044499237313347
0.1105065761044711
0.11056804205439899
0.11062939064438439
0.11069062229352854
0.11075173741858792
0.11081273643398991
0.1108736197518535
0.11093438778200507
0.11099504093199786
0.11105557960712918
0.11111600421045739
0.11117631514281978
0.11123651280284892
0.1112965975869909
0.11135656988952082
0.11141643010256029
0.11147617861609341
0.11153581581798301
0.11159534209398746
0.1116547578277756
0.11171406340094359
0.11177325919303
0.11183234558153096
0.1118913229419166
0.11195019164764561
0.11200895207017973
0.11206760457900011
0.11212614954162055
0.11218458732360319
0.11224291828857215
0.11230114279822928
0.11235926121236654
0.11241727388888174
0.11247518118379105
0.11253298345124395
0.11259068104353637
0.11264827431112423
0.1127057636026372
0.11276314926489131
0.1128204316429031
0.11287761107990193
0.1129346879173429
0.11299166249491999
0.11304853515057887
0.11310530622052897
0.1131619760392562
0.11321854493953516
0.11327501325244181
0.11333138130736493
0.11338764943201846
0.11344381795245341
0.11349988719306937
0.11355585747662675
0.11361172912425785
0.11366750245547803
0.11372317778819808
0.11377875543873436
0.11383423572182076
0.11388961895061943
0.11394490543673158
0.11400009549020831
0.11405518941956186
0.11411018753177593
0.11416509013231596
0.1142198975251404
0.11427461001270996
0.11432922789599878
0.11438375147450444
0.11443818104625768
0.11449251690783281
0.1145467593543576
0.11460090867952269
0.11465496517559243
0.11470892913341271
0.11476280084242221
0.11481658059066144
0.1148702686647815
0.11492386535005412
0.11497737093038095
0.11503078568830201
0.11508410990500523
0.11513734386033625
0.11519048783280549
0.11524354209959882
0.11529650693658534
0.11534938261832615
0.11540216941808377
0.11545486760782941
0.11550747745825243
0.11555999923876865
0.11561243321752812
0.11566477966142431
0.11571703883610114
0.11576921100596216
0.11582129643417803
0.11587329538269477
0.11592520811224136
0.11597703488233839
0.1160287759513046
0.11608043157626594
0.11613200201316196
0.11618348751675465
0.11623488834063508
0.11628620473723111
0.11633743695781548
0.11638858525251146
0.11643964987030232
0.11649063105903695
0.11654152906543744
0.11659234413510693
0.11664307651253561
0.11669372644110813
0.11674429416311059
0.11679477991973801
0.11684518395109968
0.11689550649622754
0.11694574779308192
0.11699590807855832
0.11704598758849467
0.1170959865576766
0.1171459052198457
0.11719574380770445
0.11724550255292306
0.11729518168614635
0.11734478143699958
0.11739430203409469
0.11744374370503685
0.11749310667642981
0.1175423911738829
0.11759159742201702
0.11764072564446992
0.11768977606390285
0.11773874890200602
0.11778764437950498
0.11783646271616585
0.11788520413080188
0.11793386884127825
0.11798245706451808
0.11803096901650868
0.11807940491230658
0.11812776496604281
0.11817604939092918
0.11822425839926314
0.11827239220243334
0.11832045101092568
0.11836843503432735
0.11841634448133313
0.11846417955975062
0.1185119404765048
0.11855962743764412
0.11860724064834462
0.11865478031291651
