0.11859217483381267
0.098563021001056
0.08573172959804184
0.07651731452445781
0.06947623592580286
0.06387090635771242
0.05927415236994118
0.05541788100790662
0.05212393812655539
0.049268684720655945
0.046763310231120715
0.04454219864778668
0.042555712462720025
0.04076553711331606
0.03914157720419699
0.03765982881477912
0.03630088546002964
0.03504886674362241
0.033890635747728874
0.0328152178264786
0.03181336252627587
0.030877208932162652
0.030000026887837133
0.029176014645056224
0.028400139009931127
0.02766800786345491
0.02697576760734747
0.02632001998914379
0.025697754132145405
0.025106290596488886
0.024543235035632133
0.024006439562520167
0.023493970353467494
0.02300408033189375
0.02253518601449305
0.02208584778795638
0.021654753028590785
0.021240701590081425
0.020842593273643396
0.020459416965341152
0.02009024118167426
0.019734205809683013
0.01939051486426943
0.019058430114923246
0.01873726545817674
0.018426381931714142
0.01812518328230404
0.017833112013057255
0.017549645846535587
0.01727429454948296
0.01700659707255902
0.016746118964848396
0.016492450028308566
0.01624520218177654
0.016004007507869837
0.015768516459380807
0.015538396204180438
0.015313329090021902
0.015093011212276736
0.014877151068991774
0.014665468289010684
0.014457692419310208
0.014253561758550646
0.014052822223882926
0.013855226237926954
0.013660531622555469
0.013468500485209442
0.01327889808222767
0.01309149164209161
0.012906049129022061
0.012722337924099717
0.01254012339700077
0.01235916733637707
0.012179226198630481
0.012000049126723455
0.011821375677072817
0.011642933176053282
0.011464433605503746
0.011285569884922311
0.01110601137644787
0.01092539837902146
0.010743335293739897
0.010559382022069182
0.010373042980004353
0.010183752846571735
0.00999085775372689
0.00979358999154041
0.009591033260658058
0.009382073775955622
0.009165329541398592
0.008939044669112182
0.00870092527825348
0.008447872523258494
0.008175522345602624
0.007877391000964316
0.007543124432483674
0.007154376808798627
0.006672788270512175
0.005987917519541318
0.005979133768855705
0.006650987604760725
0.007116817978983604
0.007487493731495703
0.007801589640949277
0.008077574439698162
0.008325874537137578
0.008553014471859993
0.008763377506629987
0.008960065810004756
0.009145364289059906
0.009321009871936525
0.009488357203947842
0.009648485407156803
0.009802269587139341
0.009950430267937254
0.010093568526317235
0.010232191548658063
0.010366731608876483
0.010497560417920404
0.010625000145448465
0.010749332008180231
0.01087080304825622
0.01098963154412419
0.011106011376447957
0.011220115583384292
0.011332099282232888
0.011442102088793265
0.011550250136337217
0.01165665777126286
0.011761428987285015
0.01186465864446473
0.011966433512061031
0.0120668331644411
0.01216593075543832
0.012263793689385235
0.012360484206282437
0.012456059893469089
0.01255057413483171
0.012644076506546925
0.012736613127250976
0.01282822696810897
0.012918958129199628
0.013008844085614119
0.0130979199079033
0.013186218459650722
0.013273770575218316
0.013360605219734999
0.013446749633891015
0.013532229464764284
0.0136170688845961
0.013701290698697601
0.013784916443773472
0.013867966477495164
0.013950460060487255
0.014032415431233252
0.0141138498748452
0.014194779786156415
0.014275220727758005
0.014355187483442299
0.014434694107441862
0.014513753969956193
0.01459237979917603
0.014670583720225307
0.014748377291238134
0.01482577153682045
0.014902776979122482
0.01497940366676533
0.015055661201722553
0.015131558764365383
0.015207105136873627
0.015282308725027586
0.01535717757857284
0.015431719410313965
0.015505941613924254
0.015579851280666964
0.015653455215046727
0.015726759949519737
0.015799771758266176
0.015872496670159036
0.01594494048096036
0.016017108764775422
0.016089006884843545
0.016160640003716014
0.016232013092842584
0.016303130941605546
0.01637399816586869
0.016444619216027315
0.016514998384629095
0.016585139813578797
0.01665504750095444
0.016724725307437655
0.01679417696245169
0.016863406069923228
0.016932416113773687
0.01700121046312671
0.017069792377238973
0.017138165010187122
0.017206331415319076
0.017274294549483073
