0.3614890598965069
0.39544338914786753
0.41581902819331085
0.4305066332409862
0.4420287954580693
0.45151729224134696
0.45957956757244395
0.4665808592637748
0.47275880789128716
0.4782772827239149
0.48325442778189504
0.4877784692746267
0.49191719181866883
0.4957239092533113
0.4992413845099436
0.5025044932860132
0.5055420879938748
0.5083783354735935
0.5110336983825191
0.5135256692043618
0.5158693286859299
0.518077777204077
0.5201624725441775
0.5221334976580033
0.5239997752845842
0.5257692417237902
0.5274489888384312
0.5290453810774376
0.5305641526651695
0.5320104888983973
0.5333890946015694
0.5347042521243074
0.5359598707604635
0.5371595290828932
0.5383065113907821
0.5394038392353518
0.5404542988084834
0.5414604648358797
0.54242472150218
0.5433492808446092
0.5442361989778909
0.5450873904539268
0.5459046410108089
0.54668961892621
0.5474438851569945
0.5481689024204446
0.5488660433489296
0.5495365978320592
0.5501817796437314
0.5508027324385584
0.5514005351910969
0.5519762071414933
0.5525307123031001
0.5530649635812788
0.5535798265457835
0.5540761228954757
0.5545546336482631
0.5550161020874035
0.5554612364899211
0.5558907126631344
0.5563051763101369
0.5567052452458412
0.5570915114819524
0.5574645431994325
0.5578248866246157
0.5581730678282918
0.5585095944605122
0.5588349574427598
0.559149632632053
0.5594540824778532
0.5597487576921505
0.5600340989576554
0.5603105387011499
0.5605785029656458
0.5608384134196448
0.5610906895549462
0.5613357511329925
0.561574020958807
0.5618059280838871
0.5620319115733047
0.5622524250134975
0.562467942005465
0.5626789629771305
0.562886023782113
0.5630897067636816
0.5632906552591901
0.5634895930181866
0.5636873508000229
0.5638849037333422
0.5640834252900154
0.564284367940347
0.5644895884100032
0.5647015516329204
0.5649236827582218
0.5651610215782016
0.5654215658223114
0.5657194404428803
0.5660841682457283
0.5666009774660444
0.5666076210128314
0.566100621885836
0.5657480129121841
0.5654644778156123
0.5652205593071714
0.565002263107523
0.5648017573597555
0.5646141901322664
0.5644363394545469
0.564265955152867
0.5641014046846314
0.5639414679050325
0.5637852110519653
0.5636319056881448
0.5634809745418033
0.5633319541342006
0.5631844682878833
0.5630382089018534
0.5628929217171236
0.5627483955851248
0.5626044542510483
0.5624609499795983
0.562317758535228
0.5621747752002346
0.5620319115731655
0.5618890929747945
0.5617462563290563
0.5616033484183018
0.561460324437911
0.5613171467877068
0.5611737840611846
0.5610302101899333
0.5608864037199234
0.5607423471948682
0.5605980266279126
0.5604534310490819
0.5603085521146471
0.5601633837696665
0.560017921955582
0.5598721643551579
0.5597261101707055
0.5595797599300141
0.5594331153163905
0.5592861790192603
0.5591389546028067
0.5589914463907918
0.5588436593641436
0.5586955990704787
0.5585472715449448
0.5583986832391299
0.5582498409585573
0.5581007518069581
0.5579514231370497
0.5578018625065999
0.5576520776394084
0.5575020763906738
0.5573518667163477
0.5572014566455123
0.5570508542562487
0.5569000676539334
0.5567491049520121
0.5565979742549398
0.5564466836434853
0.556295241160866
0.5561436548014015
0.5559919324998888
0.5558400821225458
0.5556881114590835
0.5555360282156898
0.5553838400089481
0.5552315543605659
0.555079178692988
0.5549267203253209
0.5547741864703216
0.5546215842314967
0.5544689206009231
0.5543162024575715
0.5541634365656039
0.5540106295735836
0.5538577880136633
0.5537049183009779
0.5535520267335997
0.5533991194924988
0.5532462026416614
0.5530932821286342
0.552940363785044
0.5527874533271065
0.552634556356795
0.5524816783625612
0.5523288247203052
0.5521760006948216
0.5520232114405605
0.5518704620033028
0.5517177573212626
0.5515651022265431
0.5514125014465099
0.5512599596052975
0.5511074812252604
0.550955070728562
0.5508027324385492
