0.017274294549483073
0.017342057277042213
0.01740962237369732
0.01747699253012924
0.017544170355448144
0.017611158380499693
0.017677959060990345
0.017744574780489845
0.0178110078532665
0.017877260527018917
0.017943334985459802
0.018009233350784817
0.01807495768604078
0.018140509997375643
0.018205892236194524
0.01827110630120921
0.018336154040412982
0.018401037252948633
0.018465757690916504
0.018530317061087195
0.01859471702654914
0.018658959208280805
0.018723045186661024
0.018786976502912268
0.018850754660481896
0.01891438112636759
0.01897785733238979
0.01904118467640891
0.01910436452349155
0.019167398207032497
0.01923028702982854
0.019293032265112985
0.0193556351575391
0.019418096924139625
0.01948041875523289
0.019542601815303783
0.019604647243842588
0.01966655615616081
0.019728329644165744
0.019789968777107415
0.019851474602304475
0.01991284814582955
0.01997409041317939
0.020035202389917094
0.020096185042283495
0.02015703931780012
0.020217766145830613
0.02027836643813825
0.020338841089416408
0.020399190977796362
0.020459416965341166
0.02051951989852231
0.020579500608673876
0.020639359912437233
0.020699098612182335
0.02075871749642414
0.020818217340210846
0.02087759890551303
0.020936862941586875
0.020996010185333022
0.021055041361639642
0.02111395718371221
0.021172758353396944
0.021231445561484878
0.021290019488017904
0.021348480802570454
0.021406830164533736
0.021465068223381577
0.02152319561893333
0.021581212981605313
0.021639120932654136
0.02169692008441176
0.02175461104051638
0.021812194396127693
0.021869670738147513
0.021927040645417034
0.021984304688926475
0.022041463432001782
0.02209851743049238
0.02215546723295784
0.022212313380837085
0.022269056408621438
0.02232569684402141
0.022382235208122808
0.02243867201554236
0.022495007774580057
0.022551242987361372
0.022607378149981098
0.022663413752637276
0.022719350279766643
0.022775188210171188
0.022830928017141698
0.02288657016858264
0.0229421151271264
0.0229975633502474
0.023052915290375117
0.02310817139499843
0.02316333210677156
0.023218397863614702
0.023273369098812644
0.02332824624110947
0.023383029714802727
0.02343771993983197
0.023492317331867497
0.023546822302395094
0.023601235258796937
0.02365555660443547
0.023709786738729362
0.02376392605722865
0.02381797495169167
0.023871933810153442
0.02392580301699813
0.023979582953025876
0.02403327399552001
0.024086876518310082
0.02414039089183492
0.0241938174832063
0.024247156656262994
0.02430040877163405
0.024353574186791807
0.024406653256109682
0.024459646330910946
0.02451255375952599
0.024565375887339612
0.024618113056843034
0.024670765607679283
0.024723333876692906
0.024775818197973573
0.024828218902902006
0.024880536320194095
0.024932770775942206
0.02498492259365688
0.02503699209430668
0.025088979596360063
0.02514088541582099
0.025192709866268943
0.02524445325889283
0.025296115902529732
0.025347698103698323
0.02539920016663308
0.02545062239331749
0.025501965083517892
0.025553228534813274
0.025604413042628022
0.02565551890026183
0.025706546398920012
0.025757495827739663
0.025808367473823108
0.025859161622260755
0.025909878556161437
0.025960518556676665
0.02601108190302846
0.02606156887253414
0.026111979740630335
0.02616231478089841
0.026212574265088762
0.026262758463140565
0.02631286764321032
0.02636290207168891
0.026412862013225888
0.0264627477307518
0.026512559485496665
0.026562297537011965
0.02661196214319089
0.0266615535602875
0.02671107204293701
0.026760517844173194
0.02680989121544738
0.02685919240664797
0.026908421666116986
0.026957579240667797
0.02700666537560212
0.02705568031472755
0.027104624300373456
0.027153497573407674
0.027202300373250755
0.027251032937895294
0.02729969550391656
0.027348288306490796
0.027396811579408615
0.027445265555090338
0.027493650464599
0.027541966537655695
0.027590214002652217
0.027638393086665235
0.02768650401546893
0.027734547013549188
0.027782522304114324
0.02783043010910977
0.02787827064922867
0.027926044143925785
0.027973750811428482
0.02802139086874845
0.028068964531692386
0.028116472014876017
0.028163913531731737
0.028211289294523042
0.028258599514353337
0.028305844401175385
0.028353024163805803
0.02840013900993107
0.028447189146121002
0.028494174777836223
0.028541096109439668
0.028587953344205153
0.028634746684327788
0.02868147633093305
0.028728142484086037
0.028774745342800348
0.02882128510504724
0.02886776196776451
0.02891417612686598
0.02896052777724811
0.029006817112800506
0.029053044326413452
0.02909920960998566
0.029145313154433534
0.029191355149697843
0.02923733578475256
0.02928325524761291
0.029329113725341784
0.029374911404058297
0.029420648468945525
0.029466325104256154
0.0295119414933226
0.02955749781856089
0.02960299426148118
0.029648431002691177
0.029693808221906544
0.02973912609795517
0.029784384808784363
0.029829584531469073
0.029874725442216275
0.029919807716372523
0.029964831528431022
0.030009797052037043
0.030054704459993475
0.030099553924268874
0.030144345616001465
0.030189079705507594
0.030233756362284883
0.030278375755021354
0.030322938051597567
0.03036744341909491
0.030411892023801172
0.03045628403121493
0.030500619606052295
0.030544898912251133
0.030589122112977585
0.03063328937063117
0.030677400846849792
0.030721456702515637
0.030765457097759383
0.030809402191965794
0.030853292143779333
0.030897127111108244
0.03094090725113022
0.030984632720297018
0.031028303674339425
0.03107192026827189
0.031115482656397676
0.03115899099231317
0.031202445428912297
0.031245846118392588
0.03128919321225785
0.03133248686132346
0.03137572721572164
0.03141891442490496
0.03146204863764997
0.03150513000206444
0.03154815866558771
0.03159113477499857
0.03163405847641719
0.03167692991530952
0.03171974923649397
0.03176251658414037
0.03180523210177981
0.031847895932304936
0.03189050821797502
0.03193306910041953
0.031975578720643556
0.03201803721902911
0.03206044473534117
0.03210280140873072
0.0321451073777386
0.0321873627802986
0.032229567753742
0.03227172243480107
0.03231382695961254
0.032355881463721384
0.032397886082084056
0.03243984094907257
0.03248174619847689
0.03252360196351019
0.032565408376810885
0.03260716557044654
0.032648873675917386
0.032690532824159055
0.03273214314554714
0.03277370476989921
0.0328152178264787
0.03285668244399826
0.03289809875062247
0.03293946687397236
0.032980786941126064
0.03302205907862514
0.033063283412474685
0.033104460068148794
0.03314558917059246
0.03318667084422419
0.033227705212940675
0.033268692400118094
0.033309632528615726
0.03335052572077917
0.03339137209844318
0.033432171782934374
0.03347292489507361
0.03351363155518031
0.03355429188307404
0.03359490599807681
0.03363547401901832
0.03367599606423644
0.03371647225158027
0.03375690269841386
0.033797287521617925
0.03383762683759348
0.03387792076226359
0.033918169411076234
0.03395837289900741
0.03399853134056371
0.0340386448497843
0.034078713540243576
0.03411873752505457
0.03415871691687055
0.034198651827887845
0.03423854236984901
0.034278388654043396
0.034318190791312056
0.03435794889204839
0.03439766306620195
0.03443733342327886
0.034476960072346866
0.034516543122035295
0.03455608268053863
0.03459557885561894
0.03463503175460737
0.03467444148440779
0.0347138081514974
0.034753131861930235
0.03479241272133913
0.03483165083493784
0.03487084630752326
0.034909999243478325
0.034949109746772296
0.03498817792096549
0.03502720386920949
0.035066187694250336
0.035105129498430296
0.03514402938368967
0.03518288745156975
0.035221703803214266
0.03526047853937141
0.035299211760396215
0.035337903566252604
0.035376554056515394
0.03541516333037237
0.035453731486625506
0.03549225862369425
0.0355307448396166
0.03556919023205217
0.0356075948982821
0.035645958935213204
0.03568428243937862
0.03572256550694016
0.03576080823368963
0.035799010715052475
0.0358371730460872
0.035875295321488684
0.03591337763559061
0.03595142008236559
0.03598942275542807
0.03602738574803667
0.03606530915309445
0.03610319306315199
0.03614103757040957
0.0361788427667167
0.03621660874357619
0.036254335592144936
0.036292023403235806
0.03632967226731957
0.03636728227452631
0.03640485351464638
0.03644238607713457
0.036479880051108866
0.036517335525353814
0.03655475258832225
0.03659213132813554
0.03662947183258759
0.036666774189144
0.0367040384849452
0.03674126480680776
0.036778453241225875
0.03681560387437235
0.03685271679210205
0.03688979207995108
0.03692682982314055
0.036963830106576674
0.03700079301485165
0.03703771863224865
0.037074607042739
0.037111458329986545
0.03714827257734871
0.037185049867876165
0.03722179028431753
0.037258493909117375
0.03729516082442132
0.037331791112074186
0.037368384853623364
0.037404942130319335
0.03744146302311826
0.0374779476126822
0.03751439597938098
0.03755080820329434
0.03758718436421139
0.03762352454163462
0.03765982881477899
0.03769609726257478
0.03773232996366832
0.03776852699642281
0.03780468843892224
0.03784081436896797
0.03787690486408583
0.0379129600015224
0.037948979858249784
0.03798496451096514
0.0380209140360927
0.038056828509784084
0.03809270800792212
0.038128552606118325
0.038164362379717584
0.038200137403797484
0.03823587775317077
0.03827158350238512
0.038307254725726166
0.03834289149721718
0.038378493890621534
0.038414061979442714
0.0384495958369269
0.03848509553606298
0.03852056114958423
0.038555992749970056
0.03859139040944613
0.038626754199986076
0.03866208419331385
0.038697380460901744
0.038732643073975025
0.03876787210351144
0.03880306762024222
0.03883822969465352
0.03887335839698799
0.038908453797245085
0.038943515965183285
0.038978544970319294
0.03901354088193183
0.039048503769060446
0.039083433700507875
0.03911833074484063
0.03915319497039001
0.03918802644525381
0.03922282523729658
0.039257591414151444
0.03929232504322032
0.039327026191675926
0.039361694926462215
0.03939633131429567
0.03943093542166549
0.03946550731483698
0.039500047059849365
0.03953455472251951
0.03956903036844151
0.039603474062987795
0.03963788587131061
0.039672265858343214
0.03970661408879967
0.039740930627177054
0.03977521553775656
0.039809468884602746
0.039843690731566336
0.03987788114228509
0.039912040180183364
0.03994616790847413
0.03998026439015998
0.0400143296880338
0.040048363864679644
0.040082366982473486
0.04011633910358487
0.04015028028997721
0.04018419060340875
0.0402180701054339
0.04025191885740372
0.04028573692046678
