0.0044660065787685485
0.004614907139403358
0.004767913368231173
0.004925100850147968
0.005086545077359984
0.005252321388392538
0.005422504905977885
0.005597170473880857
0.00577639259274855
0.005960245355038793
0.006148802379129667
0.006342136742660494
0.006540320915228742
0.00674342669045936
0.0069515251176131415
0.007164686432754808
0.007382979989595487
0.007606474190093165
0.007835236414905286
0.008069332953775231
0.00830882893593484
0.008553788260641487
0.008804273527893251
0.009060345969465144
0.009322065380299352
0.009589490050388366
0.00986267669719186
0.010141680398712272
0.010426554527284068
0.010717350684179255
0.01101411863510414
0.011316906246658251
0.01162575942384289
0.011940722048719987
0.012261835920226435
0.012589140695301995
0.012922673831338924
0.013262470530045978
0.013608563682794575
0.01396098381750005
0.014319759047104863
0.014684915019731279
0.015056474870536088
0.015434459175347692
0.015818885906121946
0.016209770388269762
0.016607125259888472
0.017010960432979796
0.017421283056650486
0.017838097482344203
0.01826140523118644
0.018691204963391078
0.019127492449849737
0.019570260545858573
0.020019499167063914
0.02047519526760437
0.02093733282052325
0.02140589280039218
0.02188085316825561
0.02236218885884625
0.02284987177008227
0.02334387075490635
0.02384415161540515
0.02435067709929159
0.024863406898659374
0.025382297651104696
0.025907302943139213
0.02643837331594051
0.02697545627339515
0.027518496292451372
0.028067434835762434
0.028622210366614234
0.02918275836610046
0.029749011352557475
0.03032089890322162
0.030898347678101762
0.031481281446023024
0.032069621112837676
0.03266328475177166
0.03326218763587002
0.03386624227251861
0.034475358440016396
0.03508944322613364
0.035708401068675844
0.03633213379795269
0.036960540681161835
0.03759351846862102
0.038230961441818784
0.03887276146322813
0.03951880802784516
0.04016898831641913
0.04082318725028475
0.04148128754780531
0.042143169782312945
0.04280871244155371
0.04347779198852683
0.04415028292372036
0.0448260578486358
0.04550498753057297
0.04618694096862089
0.04687178546077825
0.04755938667214918
0.048249608704167696
0.048942314164759304
0.04963736423942222
0.050334618763115485
0.051033936292934595
0.051735174181473886
0.05243818865083938
0.053142834867248384
0.05384896701611325
0.05455643837759544
0.055265101402531436
0.05597480778867983
0.05668540855721707
0.057396754129419275
0.058108694403473826
0.05882107883133533
0.05953375649560311
0.060246576186296585
0.06095938647752655
0.06167203580395039
0.062384372536994
0.06309624506073536
0.06380750184743042
0.06451799153258081
0.06522756298952359
0.06593606540347247
0.06664334834491858
0.06734926184240886
0.06805365645457095
0.06875638334138964
0.0694572943346359
0.07015624200744408
0.07085307974295552
0.07154766180198355
0.07223984338967074
0.07292948072107702
0.07361643108566329
0.07430055291062931
0.07498170582305164
0.07565975071080966
0.07633454978223564
0.07700596662446452
0.07767386626045969
0.07833811520466069
0.07899858151724226
0.07965513485694975
0.08030764653246869
0.08095598955234151
0.08160003867335985
0.08223967044745228
0.08287476326702012
0.08350519740871279
0.0841308550756443
0.08475162043798984
0.08536737967200181
0.08597802099740301
0.08658343471315502
0.0871835132315949
0.08777815111093565
0.08836724508611776
0.08895069409802764
0.08952839932105466
0.0901002641890124
0.09066619441941387
0.09122609803610135
0.09177988539024859
0.09232746917972398
0.09286876446684256
0.09340368869449642
0.0939321617006939
0.09445410573149679
0.09496944545239819
0.09547810795812231
0.09598002278088691
0.09647512189713794
0.09696333973276886
0.09744461316685371
0.09791888153390149
0.09838608662466863
0.09884617268553669
0.0992990864164896
0.09974477696770426
0.10018319593479419
0.10061429735270816
0.10103803768834246
0.10145437583185807
0.10186327308675971
0.10226469315874484
0.10265860214337044
0.10304496851254569
0.10342376309989337
0.10379495908501166
0.104158531976663
0.10451445959491232
0.10486272205226488
0.1052033017338194
0.10553618327647349
0.10586135354721948
0.10617880162054463
0.1064885187549951
0.10679049836890941
0.10708473601537005
0.1073712293563995
0.10764997813643895
0.10792098415512286
0.10818425123942108
0.10843978521512296
0.1086875938777582
0.10892768696293711
0.10916007611616194
0.10938477486214859
0.10960179857366459
0.10981116443994213
0.11001289143467663
0.11020700028365249
0.11039351343200868
0.11057245501120208
0.11074385080566701
0.11090772821922312
0.11106411624123763
0.11121304541259219
0.11135454779146572
0.11148865691895918
0.1116154077846041
0.11173483679176138
0.11184698172294413
0.11195188170508816
0.11204957717480266
0.11214010984360123
0.11222352266316007
0.11229985979061324
0.11236916655391341
0.11243148941726189
0.11248687594666101
0.11253537477556874
0.11257703557071075
0.11261190899804116
0.11264004668889036
0.1126615012063012
0.1126763260115804
0.11268457543108143
0.11268630462322585
0.11268156954578704
0.11267042692344578
0.11265293421563358
0.11262914958468084
0.11259913186426862
0.11256294052820998
0.11252063565957784
0.1124722779201599
0.11241792852028729
0.1123576491890306
0.11229150214476058
0.11221955006610701
0.11214185606330901
0.11205848364995824
0.11196949671516171
0.1118749594961132
0.11177493655109089
0.11166949273287685
0.1115586931626115
0.11144260320408703
0.11132128843847736
0.11119481463952144
0.11106324774914211
0.11092665385353001
0.11078509915967447
0.1106386499723491
0.1104873726715643
0.11033133369046483
0.11017059949370245
0.11000523655626196
0.10983531134274585
0.10966089028712736
0.10948203977295978
0.10929882611404995
0.1091113155355847
0.10891957415571879
0.10872366796762134
0.10852366282197423
0.10831962440992104
0.10811161824647086
0.10789970965434403
0.1076839637482678
0.10746444541970837
0.10724121932204328
0.10701434985617225
0.10678390115655026
0.10654993707765653
0.10631252118088191
0.1060717167218346
0.10582758663806466
0.10558019353719386
0.10532959968545239
0.10507586699661914
0.10481905702135039
0.10455923093690814
0.10429644953726575
0.1040307732236011
0.10376226199515784
0.10349097544047939
0.1032169727290109
0.1029403126030499
0.10266105337005965
0.1023792528953236
0.10209496859494657
0.10180825742918187
0.10151917589610335
0.10122778002558427
0.10093412537360816
0.10063826701688727
0.10034025954778486
0.10004015706954
0.09973801319178904
0.09943388102637096
0.09912781318342201
0.09881986176773866
0.09851007837542264
0.09819851409077746
0.09788521948347736
0.09757024460598177
0.09725363899119754
0.0969354516503883
0.09661573107131166
0.0962945252165987
0.09597188152234448
0.09564784689692588
0.09532246772003472
0.09499578984191087
0.09466785858278687
0.09433871873252359
0.09400841455043765
0.09367698976532224
0.09334448757563985
0.09301095064989737
0.09267642112718999
0.09234094061791154
0.09200455020462506
0.09166729044308944
0.09132920136343858
0.09099032247150404
0.09065069275028259
0.09031035066153839
0.08996933414753866
0.08962768063291537
0.0892854270266547
0.08894260972419932
0.0885992646096716
0.08825542705820363
0.08791113193837219
0.0875664136147456
0.08722130595051081
0.08687584231021661
0.08653005556259258
0.08618397808345596
0.08583764175870995
0.08549107798741487
0.08514431768493502
0.08479739128616082
0.0844503287488012
0.08410315955673556
0.08375591272343544
0.0834086167954427
0.08306129985590127
0.0827139895281451
0.08236671297933681
0.08201949692415259
0.08167236762850874
0.08132535091333648
0.08097847215838852
0.08063175630608937
0.08028522786541087
0.07993891091578642
0.07959282911105281
0.0792470056834137
0.07890146344743329
0.078556224804049
0.07821131174460363
0.07786674585489795
0.07752254831925431
0.07717873992459867
0.07683534106455164
0.07649237174353019
0.07614985158085497
0.07580779981486852
0.0754662353070546
0.07512517654615908
0.07478464165231663
0.07444464838117235
0.07410521412800442
0.07376635593184161
0.0734280904795786
0.07309043411008093
0.07275340281828627
0.07241701225929681
0.07208127775245873
0.0717462142854326
0.07141183651825217
0.07107815878736817
0.07074519510967911
0.07041295918654428
0.0700814644077839
0.06975072385565873
0.06942075030883388
0.06909155624631991
0.0687631538513988
0.0684355550155254
0.06810877134220958
0.0677828141508745
0.06745769448069233
0.06713342309439915
0.0668100104820799
0.0664874668649364
0.06616580219902132
0.06584502617895324
0.0655251482416023
0.06520617756974909
0.06488812309571643
0.06457099350497447
0.06425479723971483
0.06393954250240094
0.0636252372592844
0.06331188924389444
0.06299950596049983
0.06268809468753733
0.06237766248101259
0.06206821617786992
0.06175976239933181
0.061452307554206304
0.061145857842167584
0.06084041925700065
0.06053599758981576
0.06023259843223669
0.05993022717954882
0.05962888903382338
0.059328589007007604
0.05902933192397927
0.05873112242557685
0.058433964971591534
0.058137863843731125
0.05784282314855016
0.05754884682034994
0.057255938624045516
0.05696410215800071
0.05667334085683362
0.05638365799418682
0.056095056685470074
0.055807539890568275
0.05552111041651961
0.0552357709201613
0.05495152391074681
0.054668371752526534
0.054386316667304035
0.05410536073695643
0.053825505905925664
0.05354675398368003
0.05326910664714399
0.05299256544309766
0.052717131790547045
0.052442806983064444
0.05216959219109668
0.05189748846424638
0.051626496733523514
0.051356617813564515
0.051087852404828216
0.05082020109575572
0.05055366436490771
0.0502882425830696
0.050023936015330034
0.04976074482313095
0.049498669066289885
0.04923770870499369
0.0489778636017659
0.04871913352340729
0.04846151814290789
0.04820501704133465
0.04794962970968869
0.04769535555074067
0.04744219388083823
0.047190143931685885
0.046939204852102734
0.04668937570975276
0.0464406554928497
0.04619304311183814
0.04594653740105015
0.04570113712033738
0.045456840956676486
0.04521364752575596
0.0449715553735347
0.04473056297777819
0.044490668749574414
0.04425187103482159
0.044014168115699276
0.043777558212111684
0.04354203948311325
0.043307610028308824
0.0430742678892338
0.04284201105071356
0.042610837442200455
