0.00449347473325705
0.004644262588012267
0.004799275088597427
0.004958594478868476
0.005122303220884708
0.005290483944221873
0.005463219394226691
0.005640592379263565
0.0058226857170067675
0.006009582179831656
0.006201364439360341
0.006398115010217677
0.006599916193054105
0.006806850016893198
0.00701899818086054
0.007236441995352859
0.007459262322704309
0.007687539517408498
0.00792135336595299
0.008160783026323996
0.00840590696723753
0.008656802907153177
0.008913547753125278
0.009176217539546838
0.0094448873668386
0.009719631340136953
0.010000522508031302
0.01028763280140229
0.010581032972410004
0.010880792533680753
0.011186979697740157
0.011499661316738616
0.011818902822515298
0.012144768167045059
0.012477319763311914
0.012816618426652993
0.013162723316614375
0.013515691879361844
0.013875579790687015
0.01424244089965089
0.014616327172904883
0.014997288639730946
0.015385373337840666
0.015780627259975324
0.01618309430134715
0.016592816207963712
0.017009832525877566
0.01743418055140339
0.017865895282346084
0.01830500937028358
0.018751553073949254
0.01920555421375951
0.0196670381275333
0.020136027627450342
0.020612542958297606
0.021096601757052177
0.021588219013852036
0.02208740703440472
0.022594175403887057
0.0231085309523876
0.02363047772194611
0.024160016935243417
0.024697146965996314
0.02524186331111189
0.025794158564655917
0.02635402239369028
0.026921441516032985
0.02749639967999512
0.028078877646147332
0.028668853171167935
0.029266300993823657
0.02987119282313136
0.030483497328749803
0.031103180133644756
0.0317302038090731
0.03236452787192383
0.033006108784456076
0.03365489995646688
0.034310851749921406
0.034973911486071776
0.035644023455089505
0.03632112892822993
0.03700516617254483
0.03769607046815354
0.03839377412807793
0.039098206520642914
0.03980929409443826
0.04052696040583234
0.041251126149022155
0.04198170918860192
0.04271862459462139
0.04346178468010595
0.04421109904099879
0.044966474598485934
0.045727815643652414
0.04649502388442117
0.04726799849471086
0.04804663616575247
0.048830831159493465
0.04962047536401609
0.05041545835089012
0.051215667434378054
0.05202098773240185
0.05283130222918217
0.053646491839451776
0.054466435474144065
0.0552910101074543
0.05612009084516592
0.05695355099413535
0.057791262132822374
0.058633094182754
0.059478915480806444
0.06032859285219061
0.061181991684022996
0.06203897599936459
0.06289940853161172
0.06376315079912007
0.06463006317994607
0.06550000498658998
0.06637283454062634
0.06724840924710904
0.06812658566864038
0.06900721959899672
0.06989016613620525
0.07077527975496795
0.07166241437833665
0.07255142344854029
0.0734421599968769
0.07433447671257928
0.07522822601057363
0.07612326009805268
0.07701943103978792
0.0779165908221153
0.07881459141552796
0.07971328483581966
0.08061252320372503
0.0815121588030095
0.08241204413696623
0.08331203198328485
0.08421197544725975
0.08511172801331202
0.08601114359480802
0.08691007658215597
0.08780838188917461
0.08870591499772915
0.08960253200063462
0.09049808964283648
0.09139244536087524
0.09228545732065588
0.0931769844535392
0.09406688649078318
0.09495502399636094
0.09584125839819096
0.09672545201781604
0.0976074680985704
0.09848717083228115
0.09936442538454868
0.1002390979186569
0.10111105561816627
0.1019801667082417
0.1028463004757745
0.1037093272883533
0.10456911861214715
0.10542554702875698
0.10627848625110045
0.10712781113839057
0.10797339771026981
0.10881512316016428
0.10965286586791656
0.11048650541176241
0.11131592257971121
0.11214099938038855
0.11296161905340216
0.11377766607928863
0.11458902618909511
0.11539558637365172
0.11619723489258885
0.11699386128314498
0.11778535636881901
0.11857161226790744
0.11935252240197441
0.12012798150429191
0.12089788562828974
0.12166213215605068
0.1224206198068826
0.12317324864599735
0.12391992009332298
0.12466053693247253
0.1253950033198924
0.12612322479420243
0.12684510828574927
0.12756056212637984
0.12826949605944502
0.12897182125004017
0.12966745029548465
0.1303562972360409
0.13103827756587047
0.13171330824422267
0.13238130770684658
0.13304219587761876
0.13369589418037198
0.1343423255509114
0.13498141444920253
0.13561308687171028
0.13623727036386898
0.13685389403266354
0.13746288855929378
0.13806418621190025
0.13865772085832215
0.13924342797886158
0.13982124467902368
0.14039110970220295
0.14095296344228678
0.1415067479561415
0.1420524069759525
0.14258988592138513
0.1431191319115324
0.14364009377661857
0.14415272206942664
0.1446569690764141
0.14515278882848895
0.1456401371114102
0.14611897147578423
0.14658925124662425
0.1470509375324444
0.1475039932338566
0.1479483830516444
0.14838407349428367
0.148811032884884
0.1492292313675273
0.14963864091297543
0.15003923532372576
0.15043099023839288
0.15081388313539504
0.1511878933359242
0.15155300200618566
0.15190919215888612
0.1522564486539585
0.15259475819850707
0.15292410934596318
0.15324449249443764
0.15355589988426466
0.15385832559472493
0.15415176553994447
0.15443621746396435
0.15471168093497628
0.1549781573387238
0.1552356498710681
0.1554841635297183
0.15572370510513098
0.1559542831705805
0.15617590807140613
0.15638859191344193
0.15659234855063878
0.15678719357188414
0.15697314428703193
0.1571502197121543
0.15731844055402555
0.1574778291938525
0.15762840967026615
0.1577702076615896
0.15790325046739767
0.15802756698938603
0.15814318771156946
0.15825014467982335
0.1583484714807926
0.15843820322018473
0.1585193765004706
0.1585920293980099
0.15865620143962786
0.15871193357866173
0.15875926817050068
0.15879824894764266
0.158828920994291
0.15885133072051333
0.1588655258359883
0.15887155532336208
0.15886946941123953
0.15885931954683502
0.1588411583683046
0.15881503967678615
0.15878101840816972
0.15873915060462357
0.15868949338589758
0.15863210492043087
0.15856704439628524
0.1584943719919259
0.15841414884687743
0.1583264370322739
0.15823129952132656
0.1581288001597319
0.15801900363604188
0.1579019754520166
0.15777778189298317
0.1576464899982177
0.1575081675313738
0.1573628829509768
0.15721070538100082
0.15705170458155074
0.15688595091966534
0.15671351534025993
0.1565344693372256
0.15634888492470322
0.15615683460854662
0.1559583913579921
0.15575362857754718
0.15554262007911884
0.1553254400543874
0.1551021630474457
0.15487286392771518
0.1546376178631489
0.15439650029373703
0.15414958690532302
0.1538969536037436
0.15363867648930082
0.15337483183157777
0.15310549604460488
0.1528307456623889
0.1525506573148077
0.1522653077038837
0.15197477358043857
0.1516791317211393
0.15137845890593882
0.15107283189591889
0.15076232741153842
0.15044702211129382
0.15012699257079395
0.14980231526225332
0.14947306653440884
0.14913932259285995
0.1488011594808363
0.14845865306039524
0.14811187899404935
0.14776091272682526
0.14740582946875716
0.14704670417781085
0.1466836115432429
0.14631662596939143
0.14594582155989913
0.14557127210236873
0.1451930510534466
0.14481123152433678
0.14442588626673958
0.14403708765921655
0.1436449076939752
0.14324941796407625
0.142850689651054
0.14244879351295311
0.14204379987277227
0.1416357786073185
0.14122479913645916
0.14081093041277748
0.14039424091161948
0.1399747986215319
0.1395526710350879
0.1391279251400916
0.1387006274111596
0.1382708438016756
0.13783863973611024
0.13740408010270225
0.13696722924649676
0.1365281509627345
0.13608690849058527
0.1356435645072226
0.13519818112223297
0.13475081987235246
0.13430154171652772
0.13385040703129372
0.1333974756064634
0.13294280664112249
0.13248645873992487
0.13202848990968058
0.1315689575562341
0.13110791848162245
0.13064542888151018
0.13018154434289578
0.1297163198420807
0.1292498097428979
0.1287820677951923
0.1283131471335481
0.12784310027625673
0.12737197912451995
0.1268998349618805
0.12642671845387923
0.1259526796479257
0.12547776797338364
0.12500203224186124
0.12452552064770225
0.12404828076867119
0.12357035956683013
0.12309180338959597
0.12261265797098017
0.12213296843299837
0.12165277928724991
0.12117213443665889
0.12069107717737326
0.12020965020081664
0.11972789559588617
0.11924585485129433
0.11876356885804726
0.11828107791205614
0.11779842171687674
0.11731563938657152
0.11683276944869125
0.1163498498473701
0.11586691794653148
0.11538401053319708
0.11490116382090018
0.11441841345319331
0.11393579450724889
0.11345334149754982
0.11297108837966324
0.1124890685540966
0.112007314870229
0.11152585963031758
0.11104473459357184
0.11056397098029438
0.11008359947608531
0.10960365023610377
0.10912415288938604
0.10864513654321684
0.10816662978754796
0.10768866069946473
0.10721125684769414
0.10673444529715365
0.10625825261353747
0.10578270486793587
0.10530782764148719
0.10483364603005826
0.10436018464895061
0.1038874676376309
0.10341551866448234
0.1029443609315745
0.10247401717945034
0.10200450969192632
0.1015358603009048
0.10106809039119699
0.10060122090535209
0.10013527234849354
0.09967026479315735
0.099206217884134
0.09874315084330887
0.09828108247450112
0.09782003116829971
0.09736001490689286
0.09690105126889209
0.0964431574341465
0.09598635018854798
0.09553064592882457
0.09507606066732166
0.09462261003676808
0.09417030929502695
0.09371917332983129
0.093269216663499
0.09282045345763143
0.09237289751779007
0.09192656229815249
0.09148146090614642
0.09103760610705999
0.0905950103286274
0.0901536856655909
0.08971364388423547
0.0892748964268971
0.08883745441644364
0.08840132866072747
0.08796652965700832
0.08753306759634774
0.08710095236797186
0.08667019356360403
0.08624080048176574
0.0858127821320451
0.08538614723933358
0.0849609042480289
0.0845370613262045
0.08411462636974557
0.08369360700645001
0.08327401060009554
0.08285584425447137
0.0824391148173739
0.08202382888456752
0.08160999280371012
0.08119761267824016
0.08078669437123023
0.0803772435092017
0.0799692654859038
0.07956276546605556
0.07915774838905049
0.07875421897262452
0.07835218171648584
0.0779516409059082
0.07755260061528679
0.07715506471165548
0.07675903685816846
0.07636452051754264
0.0759715189554635
0.07558003524395293
0.07519007226470012
0.07480163271235449
0.07441471909778172
0.07402933375128193
0.07364547882577127
