0.10604119202049384
0.09287931476549885
0.08221738985685273
0.0736309123324975
0.06655526431072634
0.060601324215457164
0.055505221139632605
0.051082810831194925
0.04720142152711934
0.043762687610302164
0.04069185602409581
0.03793090484407394
0.0354339731247717
0.03316423765035878
0.03109172352203679
0.02919173443480727
0.027443704576343597
0.025830343873146533
0.02433699146512551
0.022951119672323314
0.021661948505857676
0.020460142581152668
0.01933757028159104
0.018287110525566183
0.01730249634471609
0.01637818722129722
0.015509264107446893
0.014691342490401008
0.013920499932251057
0.01319321530750292
0.012506317561144231
0.011856942266297299
0.011242494611019754
0.01066061771539982
0.010109165391923775
0.00958617862879077
0.009089865207650788
0.008618581972484676
0.008170819350452267
0.007745187793598569
0.0073404058653507576
0.006955289740647054
0.006588743925325616
0.006239753030636626
0.005907374463857459
0.005590731916629121
0.005289009550080263
0.005001446790199551
0.0047273336592053225
0.004466006578768292
0.0042168445898096915
0.00397926594082134
0.003752725003029693
0.0035367094760146746
0.003330737852033399
0.0031343571112427623
0.0029471406233695027
0.002768686234376219
0.0025986145191366494
0.0024365671834178544
0.0022822056003263015
0.002135209468063285
0.001995275577322462
0.0018621166778981166
0.0017354604352338918
0.0016150484686204107
0.0015006354635973412
0.0013919883519166888
0.0012888855530883807
0.0011911162721243394
0.0010984798486469455
0.00101078515297447
0.0009278500252855246
0.0008495007542304121
0.0007755715918028767
0.0007059043015279886
0.0006403477373130139
0.0005787574505199712
0.0005209953230824096
0.0004669292246589395
0.00041643269196372547
0.0003693846286453974
0.0003256690241523691
0.0002851746902105363
0.0002477950135934804
0.00021342772407644027
0.00018197467640978853
0.00015334164540594481
0.00012743813316036892
0.00010417718760383308
0.00008347523160944469
0.0000652519019278151
0.00004942989729668523
0.00003593483513067311
0.000024695116206207234
0.000015641796846135295
8.708468095797677e-6
3.831141462458932e-6
9.481408108319057e-7
0
9.293659367149145e-7
3.680906699140985e-6
8.201224418022385e-6
0.00001443877264197804
0.000022343777906199606
0.00003186816526191841
0.00004296548753602886
0.0000555908581022235
0.00006970088694702604
0.00008525361987615559
0.00010220848064257187
0.0001205262158666346
0.0001401688425681255
0.0001610995981774191
0.00018328289288993202
0.00020668426423069977
0.00023127033371657954
0.00025700876549661876
0.00028386822687015336
0.0003118183505858869
0.0003408296988199576
0.0003708737287570641
0.0004019227596779272
0.00043394994149969623
0.00046692922465848153
0.0005008353313154098
0.0005356437277661058
0.000571330598037309
0.0006078728185971638
0.0006452479341061369
0.0006834341342004183
0.0007224102312068797
0.0007621556387911038
0.0008026503514602691
0.0008438749249017625
0.000885810457112994
0.0009284385702674255
0.0009717413933220242
0.0010157015452889433
0.001060302119171512
0.0011055266665218368
0.001151359182591299
0.0011977840920489626
0.0012447862352525547
0.0012923508550280946
0.0013404635839557068
0.001389110432121454
0.0014382777753288063
0.0014879523437501228
0.0015381212109860827
0.0015887717835243991
0.001639891790587586
0.0016914692743412313
0.0017434925804509192
0.001795950348981886
0.0018488315056141916
0.0019021252531711864
0.0019558210634415124
0.0020099086692910925
0.0020643780570365096
0.002119219459092235
0.0021744233468670923
0.0022299804238931076
0.002285881619200566
0.00234211808090622
0.002398681170012358
0.002455562454431459
0.0025127537031817936
0.0025702468807977004
0.00262803414190688
0.002686107825988583
0.0027444604523109845
0.0028030847150151035
0.0028619734783645566
0.0029211197721568487
0.0029805167872615085
0.0030401578713046516
0.0031000365245037256
0.0031601463956089995
0.0032204812779935525
0.003281035105841032
0.0033418019504738994
0.0034027760167760768
0.0034639516397426615
0.003525323281107856
0.0035868855261002655
0.003648633080284472
0.0037105607664989215
0.003772663521879889
0.0038349363949774715
0.0038973745429664586
0.003959973228913248
0.0040227278191585294
0.0040856337807351414
0.004148686678894786
0.004211882174690297
0.004275216022629626
0.004338684068393217
0.004402282246622327
0.0044660065787685485
