0.13341145679536698
0.11050280959786823
0.09492401306649842
0.0833310435182226
0.07422317727089087
0.06680823912588002
0.06061705067117015
0.055348721908302784
0.05079882413473391
0.04682226077366175
0.043312457834935425
0.04018894520389871
0.03738956479284791
0.0348653778211106
0.03257722121807091
0.030493311349029772
0.028587535063805958
0.026838204712581415
0.02522713412259124
0.023738941428640414
0.02236051531805608
0.021080601000667998
0.019889475236439955
0.01877868852209022
0.017740858555633954
0.016769503298799768
0.015858904936175477
0.015003998172528454
0.014200277871065606
0.013443722186892326
0.012730728208651218
0.01205805776832336
0.011422791571343835
0.010822290176914343
0.01025416065072296
0.009716227940282589
0.009206510202233453
0.008723197452668113
0.008264633024373184
0.007829297405277887
0.0074157941052372875
0.0070228372572911785
0.006649240707599251
0.006293908387589461
0.005955825794200724
0.005634052430817833
0.005327715083658507
0.005036001826830505
0.004758156664711431
0.0044934747332570565
0.004241297992754349
0.004001011353756682
0.0037720391857575426
0.0035538421648100074
0.003345914421973996
0.0031477809593293965
0.002958995304459682
0.002779137377896271
0.0026078115511069533
0.002444644875286707
0.002289285463528506
0.00214140101096744
0.002000677439246635
0.0018668176531861022
0.0017395403988762388
0.0016185792135924582
0.0015036814589600902
0.0013946074297064865
0.001291129531138602
0.0011930315191914162
0.0011001077975189254
0.0010121627666539318
0.0009290102207558694
0.000850472787903931
0.0007763814102831022
0.0007065748609588821
0.0006408992942475936
0.0005792078269675717
0.000521360148105888
0.0004672221546591377
0.0004166656116078695
0.0003695678341651392
0.0003258113906027347
0.00028528382410548427
0.0002478773922369422
0.0002134888227196931
0.00018201908434218933
0.0001533731719025361
0.00012745990418890052
0.0001041917340774386
0.00008348456990232779
0.00006525760731969908
0.00004943317094838022
0.000035936565126195165
0.000024695933171467758
0.000015642124585922427
8.708569677725876e-6
3.831161122407406e-6
9.481420150614589e-7
0
9.293670940714059e-7
3.680924847462616e-6
8.201314511188711e-6
0.000014439051903835385
0.000022344446691609308
0.00003186952581559659
0.0000429679608183964
0.00005559499883916628
0.00006970739706173073
0.00008526336041475373
0.00010222248233639859
0.00012054568842810066
0.00014019518283366495
0.00016113439719033559
0.0001833279420084175
0.00020674156034513648
0.000231342083646802
0.00025709738964132785
0.00028397636217044036
0.00031194885285763113
0.00034098564451439783
0.000371058416193123
0.00040213970980041997
0.0004342028981900569
0.00046722215465913857
0.0005011724237759425
0.0005360293934717373
0.0005717694683330735
0.0006083697440344175
0.0006458079828546744
0.0006840625902241361
0.000723112592251534
0.0007629376141835773
0.0008035178597520648
0.0008448340913660927
0.0008868676111091975
0.0009296002425034124
0.0009730143130043823
0.0010170926371934359
0.0010618185006344392
0.0011071756443648984
0.0011531482499923598
0.001199720925368776
0.0012468786908166989
0.0012946069658827473
0.001342891556594849
0.0013917186432010932
0.001441074768369039
0.0014909468258254115
0.0015413220494171417
0.0015921880025756233
0.00164353256816702
0.0016953439387120128
0.0017476106069596528
0.001800321356800312
0.001853465254503573
0.0019070316402677
0.0019610101200677153
0.002015390557790018
0.0020701630676416283
0.002125318006823293
0.0021808459684554415
0.0022367377747472307
0.002292984470398697
0.002349577316227116
0.0024065077830084693
0.0024637675455257066
0.002521348476815937
0.0025792426426085036
0.0026374422959469616
0.0026959398719876813
0.0027547279829684933
0.002813799413340843
0.0028731471150594164
0.00293276420302329
0.0029926439506629578
0.0030527797856677343
0.0031131652858487485
0.0031737941751319443
0.0032346603196770247
0.0032957577241171966
0.0033570805279157616
0.003418623001835149
0.003480379544514481
0.003542344679151748
0.0036045130502869033
0.003666879420682438
0.0037294386682978804
0.003792185783355023
0.0038551158654907096
0.003918224120994275
0.003981505860126501
0.004044956494517603
0.004108571534641232
0.004172346587362305
0.0042362773535557854
0.004300359625794357
0.004364589286102519
0.004428962303774965
0.00449347473325705
