0.22318595289295645
0.1857524108269156
0.1598481649547275
0.14026143156151435
0.12470714256402976
0.1119544984693534
0.10125856586187941
0.09213264441459418
0.08424090099908464
0.0773418537141531
0.07125615765067829
0.06584709197099714
0.06100815744548107
0.056654878200546564
0.05271920285070542
0.04914557381648781
0.045888101626787435
0.04290849134299325
0.04017449319741228
0.03765872628706237
0.03533777269730864
0.033191470919806475
0.03120235833326139
0.029355226679301464
0.027636764241277364
0.02603526529443158
0.024540392284673855
0.023142979725742044
0.02183487139001235
0.020608784282935992
0.019458194324679816
0.018377239746801503
0.017360639039617022
0.01640362092352678
0.015501864312767793
0.014651446627536941
0.013848799115948218
0.013090668089712801
0.012374081171113153
0.011696317804454777
0.011054883411021765
0.01044748666873558
0.009872019481289244
0.00932653927004398
0.008809253278495228
0.008318504626010215
0.007852759886457622
0.007410597999844159
0.006990700352489721
0.0065918418841065815
0.006212883099592275
0.005852762879789271
0.005510491999457942
0.005185147272507169
0.004875866254917447
0.00458184244431195
0.004302320922857193
0.0040365943965025314
0.0037839995892620585
0.0035439139560851673
0.003315752682096385
0.003098965939632128
0.002893036377742173
0.0026974768216499697
0.002511828162069817
0.0023356574165060325
0.0021685559465362725
0.0020101378167102324
0.0018600382823290725
0.0017179123944728513
0.001583433711952758
0.0014562931109412102
0.001336197683664593
0.0012228697188663951
0.0011160457568867989
0.0010154757133590663
0.0009209220658084074
0.000832159098113706
0.0007489721981215145
0.0006711572043907489
0.0005985197980694684
0.0005308749365593832
0.00046804632587846404
0.0004098659287554119
0.00035617350602512056
0.00030681618890332474
0.0002616480801936926
0.00022052988286702947
0.00018332855362979844
0.00014991698169153158
0.00012017369050194638
0.00009398256336917748
0.00007123259213188774
0.000051817652181586604
0.000035636306722504385
0.000022591650283406297
0.000012591209654032288
5.5469560165755505e-6
1.375583464950925e-6
1.3483804256380571e-6
5.329778621888203e-6
0.00001185906180045857
0.000020857232004724436
0.00003224946341077932
0.00004596443238034217
0.00006193393413842761
0.0000800926138790472
0.00010037776078206834
0.0001227291350362384
0.000147088820981809
0.0001734010958470087
0.00020161231152299836
0.00023167078764846585
0.0002635267124780716
0.00029713205165379254
0.0003324404629756424
0.00036940721724644244
0.00040798912393754505
0.000448144461249082
0.0004898329106385442
0.0005330154949739064
0.0005776545201711817
0.0006237135200720315
0.0006711572043909439
0.0007199514092449481
0.0007700630504550177
0.0008214600792045689
0.000874111439890722
0.0009279870301382004
0.0009830576628729068
0.0010392950300833414
0.0010966716685353148
0.001155160926967927
0.0012147369349517062
0.0012753745732042058
0.0013370494451740412
0.0013997378501152456
0.0014634167572788537
0.0015280637812727777
0.001593657158584047
0.0016601757251021817
0.001727598894671008
0.0017959066385448504
0.0018650794657682171
0.0019350984043696503
0.0020059449834129903
0.002077601215745121
0.002150049581536166
0.0022232730124393443
0.002297254876459398
0.0023719789634545838
0.002447429471160846
0.0025235909918683666
0.0026004484995580503
0.002677987337627967
0.0027561932070321944
0.0028350521549708975
0.0029145505639151972
0.0029946751411804823
0.003075412908791547
0.0031567511938366145
0.00323867761908554
0.0033211800940566613
0.003404246806367032
0.0034878662134129926
0.0035720270343529903
0.0036567182424162487
0.003741929057463223
0.003827648938812103
0.003913867578345677
0.004000574893871261
0.004087761022660782
0.004175416315311284
0.0042635313297175546
0.004352096825342257
0.004441103757635893
0.004530543272668415
0.004620406701926032
0.004710685557304313
0.004801371526266838
0.00489245646715891
0.004983932404668592
0.00507579152547252
0.005168026173985516
0.005260628848279502
0.005353592196102443
0.005446909011071352
0.005540572228934305
0.005634574923998931
0.005728910305647845
0.005823571714963536
0.0059185526214673104
0.006013846619963571
0.006109447427478373
0.00620534888026355
0.006301544930950084
0.006398029645739182
0.0064947972016923105
0.006591841884106583
