0.07986373102127511
0.08011784131100144
0.08037077471451592
0.0806225472477589
0.08087317450938925
0.08112267169623377
0.08137105361801508
0.08161833471141038
0.08186452905346997
0.08210965037441982
0.08235371206991655
0.08259672721273854
0.08283870856397216
0.08307966858371542
0.08331961944131229
0.08355857302515249
0.08379654095206036
0.08403353457628256
0.08426956499809903
0.08450464307209
0.08473877941504553
0.08497198441357222
0.08520426823137565
0.08543564081626448
0.08566611190686715
0.08589569103908769
0.08612438755230799
0.08635221059535302
0.08657916913221597
0.08680527194757362
0.08703052765209515
0.08725494468753803
0.08747853133166433
0.08770129570297129
0.08792324576525123
0.08814438933197376
0.08836473407052081
0.0885842875062683
0.08880305702650938
0.08902104988425384
0.08923827320188744
0.08945473397469526
0.08967043907428214
0.0898853952518486
0.09009960914138024
0.09031308726270951
0.09052583602448876
0.0907378617270488
0.09094917056517536
0.091159768630783
0.09136966191551293
0.09157885631323205
0.09178735762246153
0.09199517154872344
0.09220230370681226
0.09240875962299384
0.09261454473713801
0.09281966440477596
0.09302412389910583
0.09322792841292508
0.09343108306051164
0.09363359287944024
0.09383546283234935
0.0940366978086531
0.09423730262620045
0.09443728203288627
0.09463664070821519
0.09483538326481918
0.09503351424992859
0.09523103814680223
0.09542795937611931
0.09562428229732663
0.09582001120994796
0.09601515035485794
0.09620970391552389
0.09640367601920136
0.09659707073811162
0.09678989209057233
0.09698214404210716
0.09717383050652398
0.09736495534695526
0.09755552237688209
0.09774553536112243
0.09793499801679743
0.09812391401426931
0.09831228697806012
0.09850012048773354
0.09868741807877415
0.0988741832434222
0.09906041943150291
0.09924613005122593
0.09943131846996911
0.09961598801503996
0.0998001419744196
0.09998378359748317
0.10016691609571356
0.10034954264338508
0.10053166637823638
0.10071329040212858
0.10089441778168351
0.10107505154890745
0.10125519470180401
0.10143485020496498
0.101614020990153
0.10179270995687047
0.10197091997291197
0.10214865387490381
0.10232591446883632
0.10250270453057501
0.10267902680637103
0.10285488401335074
0.10303027883999559
0.10320521394661872
0.10337969196582002
0.10355371550293968
0.10372728713649629
0.10390040941861974
0.10407308487546903
0.1042453160076476
0.10441710529060308
0.10458845517502463
0.10475936808722631
0.10492984642952542
0.10509989258061389
0.10526950889591585
0.10543869770794571
0.10560746132665357
0.10577580203976458
0.10594372211311308
0.1061112237909636
0.10627830929633644
0.10644498083131548
0.10661124057735752
0.10677709069558898
0.10694253332710281
0.10710757059324587
0.10727220459590127
0.10743643741776569
0.1076002711226193
0.10776370775559452
0.10792674934343653
0.10808939789475613
0.1082516554002851
0.10841352383312074
0.10857500514896729
0.10873610128637112
0.1088968141669587
0.10905714569565762
0.10921709776092803
0.10937667223497476
0.10953587097397147
0.10969469581826316
0.10985314859258334
0.11001123110625104
0.11016894515337404
0.11032629251304733
0.11048327494954373
0.11063989421250381
0.11079615203712456
0.11095205014434127
0.11110759024100632
0.11126277402006893
0.1114176031607471
0.11157207932869709
0.11172620417618391
0.11187997934224465
0.11203340645285072
0.1121864871210678
0.11233922294721228
0.11249161551900434
0.1126436664117202
0.11279537718834198
0.1129467493997029
0.11309778458463093
0.11324848427009133
0.11339884997132607
0.11354888319199088
0.11369858542428785
0.11384795814910337
0.1139970028361317
0.11414572094401068
0.1142941139204407
0.11444218320231674
0.1145899302158433
0.11473735637666138
0.11488446308996375
0.1150312517506103
0.11517772374324765
0.11532388044241754
0.11546972321267274
0.11561525340868142
0.11576047237534116
0.11590538144788143
0.11604998195196783
0.11619427520381005
0.11633826251025903
0.11648194516890684
0.1166253244681912
0.11676840168748527
0.1169111780971985
0.11705365495886925
0.11719583352525732
0.11733771504043804
0.1174793007398889
0.11762059185058212
0.11776158959107005
0.1179022951715731
0.11804270979406482
0.11818283465235464
0.11832267093217294
0.11846221981125052
0.11860148245940187
0.11874046003860156
0.11887915370306476
0.11901756459932437
0.11915569386630583
0.11929354263540437
0.11943111203055645
0.11956840316831617
0.1197054171579246
0.11984215510138187
0.11997861809351928
0.12011480722206412
0.12025072356771385
0.12038636820419747
0.1205217421983479
0.12065684661016148
0.12079168249287031
0.12092625089299909
0.12106055285043052
0.12119458939847179
0.1213283615639083
0.12146187036707262
0.12159511682189816
0.12172810193598022
0.12186082671063704
0.12199329214096266
0.12212549921588851
0.1222574489182371
0.12238914222477748
0.12252058010628121
0.12265176352757548
0.1227826934475972
0.12291337081944605
0.12304379659043563
0.12317397170214582
0.12330389709047454
0.12343357368568475
0.12356300241245805
0.12369218418994225
0.12382111993179752
0.1239498105462496
0.12407825693613064
0.12420645999893087
0.12433442062684316
0.1244621397068086
0.12458961812056116
0.12471685674467277
0.12484385645059864
0.12497061810471798
0.1250971425683799
0.1252234306979432
0.12534948334482135
0.12547530135552243
0.1256008855716891
0.1257262368301426
0.12585135596291833
0.1259762437973097
0.12610090115590616
0.1262253288566299
0.12634952771277774
0.1264734985330556
0.1265972421216185
0.12672075927810636
0.1268440507976821
0.12696711747106554
0.12708996008457188
0.12721257942014574
0.12733497625539558
0.12745715136363087
0.12757910551389412
0.1277008394709956
0.127822353995547
0.12794364984399464
0.12806472776865296
0.12818558851773582
0.12830623283538975
0.12842666146172454
0.12854687513284616
0.1286668745808879
0.1287866605340389
0.12890623371657878
0.12902559484890308
0.12914474464755776
0.1292636838252638
0.12938241309095191
0.12950093314978647
0.12961924470319813
0.12973734844891008
0.12985524508096605
0.12997293528975878
0.13009041976205746
0.1302076991810347
0.13032477422629438
0.13044164557389587
0.13055831389638414
0.13067477986281217
0.13079104413876896
0.13090710738640593
0.1310229702644591
0.13113863342827772
0.13125409752984687
0.1313693632178127
0.13148443113750719
0.13159930193097277
0.1317139762369836
0.13182845469107207
0.13194273792555142
0.13205682656953938
0.13217072124897813
0.13228442258666298
0.13239793120225754
0.13251124771232348
0.1326243727303367
0.13273730686671226
0.13285005072882555
0.1329626049210338
0.1330749700446971
0.13318714669819884
0.1332991354769687
0.13341093697350057
0.13352255177737538
0.13363398047527986
0.13374522365102773
0.1338562818855793
0.13396715575706003
0.13407784584078228
0.13418835270926277
0.13429867693224284
0.13440881907670715
0.13451877970690224
0.13462855938435592
0.1347381586678953
0.1348475781136645
0.13495681827514505
0.13506587970317047
0.13517476294594702
0.13528346854907095
0.135391997055544
0.1355003490057931
0.13560852493768674
0.13571652538655185
0.1358243508851902
0.1359320019638976
0.13603947915047623
0.13614678297025604
0.1362539139461064
0.13636087259845642
0.1364676594453077
0.13657427500225283
0.13668071978248866
0.13678699429683402
0.1368930990537442
0.13699903455932638
0.13710480131735434
0.13721039982928585
0.137315830594274
0.13742109410918527
0.13752619086861192
0.13763112136488848
0.13773588608810547
0.1378404855261219
0.13794492016458323
0.13804919048693226
0.13815329697442413
0.1382572401061405
0.13836102035900355
0.1384646382077888
0.13856809412513774
0.1386713885815748
0.1387745220455161
0.13887749498328653
0.13898030785912927
0.13908296113522198
0.1391854552716878
0.13928779072660824
0.1393899679560372
0.13949198741401073
0.13959384955256268
0.13969555482173443
0.139797103669589
0.13989849654222208
0.1399997338837741
0.14010081613644368
0.14020174374049713
0.1403025171342811
0.14040313675423569
0.14050360303490445
0.14060391640894473
0.14070407730714268
0.1408040861584209
0.14090394338985246
0.14100364942666938
0.14110320469227594
0.14120260960825767
0.14130186459439442
0.1414009700686688
0.14149992644727835
0.14159873414464588
0.14169739357342997
0.1417959051445344
0.14189426926712045
0.1419924863486158
0.14209055679472518
0.14218848100943887
0.14228625939504694
0.14238389235214338
0.14248138027964183
0.14257872357478102
0.14267592263313647
0.14277297784862933
0.14286988961353825
0.14296665831850516
0.1430632843525462
0.14315976810306405
0.1432561099558525
0.14335231029510853
0.14344836950344117
0.14354428796187974
0.14364006604988308
0.1437357041453506
0.14383120262462623
0.1439265618625134
0.14402178223227902
0.14411686410566468
0.1442118078528942
0.14430661384268217
0.14440128244224343
0.1444958140173007
0.14459020893209293
0.14468446754938416
0.144778590230471
0.14487257733519138
0.14496642922193248
0.14506014624763905
0.14515372876782118
0.14524717713656252
0.1453404917065278
0.14543367282897066
0.1455267208537421
0.14561963612929757
0.1457124190027043
0.14580506981965008
0.14589758892445076
0.14598997666005498
0.14608223336805654
0.14617435938869763
0.1462663550608776
0.14635822072216106
0.1464499567087838
0.14654156335566068
0.14663304099639285
0.14672438996327403
0.14681561058729975
0.14690670319817115
0.1469976681243043
0.14708850569283627
0.14717921622963226
0.147269800059292
0.14736025750515705
0.14745058888931636
0.14754079453261476
0.1476308747546588
0.14772082987382124
0.14781066020725198
0.14790036607088042
0.14798994777942331
0.1480794056463925
0.14816873998409902
0.14825795110366136
0.14834703931501012
0.14843600492689513
0.1485248482468919
0.14861356958140715
0.14870216923568438
0.14879064751381169
0.1488790047187256
0.14896724115221907
0.1490553571149464
0.14914335290642872
0.14923122882506087
0.14931898516811587
0.1494066222317524
0.14949414031101896
0.14958153969986146
0.1496688206911266
0.14975598357656827
0.1498430286468542
0.14992995619157057
0.150016766499228
0.15010345985726622
