0.006591841884106583
0.00668915808397262
0.006786740295492357
0.006884583113682233
0.006982681232042257
0.007081029440297161
0.007179622622189153
0.007278455753357283
0.007377523899249736
0.007476822213124099
0.0075763459340792766
0.007676090385153033
0.007776050971480957
0.007876223178487837
0.007976602570144794
0.008077184787266965
0.00817796554586343
0.008278940635512672
0.008380105917819092
0.008481457324865103
0.00858299085774761
0.008684702585113663
0.008786588641770754
0.008888645227311804
0.008990868604768635
0.009093255099335324
0.009195801097080536
0.009298503043729362
0.009401357443450347
0.009504360857684606
0.009607509904012296
0.009710801255025922
0.009814231637252313
0.009917797830095733
0.010021496664796304
0.010125325023422492
0.01022927983789401
0.010333358089022165
0.010437556805566761
0.010541873063322656
0.01064630398423891
0.010750846735530466
0.01085549852883777
0.01096025661940029
0.011065118305232295
0.011170080926340155
0.011275141863946838
0.011380298539732723
0.011485548415098646
0.011590888990443918
0.011696317804454777
0.011801832433429041
0.011907430490582533
0.01201310962540244
0.012118867522999299
0.01222470190347357
0.0123306105213031
0.01243659116473773
0.012542641655210011
0.012648759846751423
0.012754943625438109
0.012861190908831463
0.012967499645440124
0.013073867814182221
0.01318029342387964
0.013286774512740455
0.013393309147866036
0.013499895424765344
0.013606531466875026
0.013713215425096506
0.013819945477338686
0.013926719828062796
0.014033536707855206
0.01414039437299272
0.01424729110501653
0.01435422521032625
0.014461195019775254
0.01456819888827194
0.01467523519438723
0.014782302339985258
0.014889398749839787
0.014996522871271787
0.015103673173788723
0.015210848148736737
0.015318046308952825
0.015425266188426481
0.01553250634196646
0.01563976534487629
0.01574704179263593
0.015854334300588104
0.01596164150362584
0.016068962055897768
0.016176294630507862
0.016283637919226965
0.016390990632203097
0.016498351497687906
0.016605719261753228
0.016713092688031398
0.016820470557444386
0.016927851667940582
0.017035234834247633
0.017142618887616617
0.017250002675573178
0.017357385061680112
0.017464764925299785
0.017572141161360272
0.017679512680120066
0.017786878406950958
0.017894237282113912
0.01800158826054201
0.018108930311622147
0.01821626241899238
0.018323583580330028
0.018430892807155184
0.01853818912462073
0.018645471571328308
0.018752739199128895
0.018859991072932434
0.018967226270528926
0.019074443882397485
0.019181643011530945
0.01928882277325954
0.019395982295070984
0.019503120716448885
0.019610237188694705
0.019717330874771122
0.01982440094913501
0.019931446597573156
0.02003846701705522
0.020145461415568316
0.020252429011972925
0.020359369035847327
0.02046628072734301
0.020573163337038358
0.020680016125797045
0.020786838364626452
0.020893629334541083
0.02100038832642238
0.02110711464089168
0.02121380758816935
0.021320466487956182
0.021427090669294987
0.021533679470450488
0.021640232238787124
0.021746748330642794
0.02185322711121159
0.021959667954424035
0.022066070242833368
0.022172433367498516
0.022278756727875583
0.022385039731696994
0.022491281794876875
0.02259748234139097
0.022703640803173414
0.022809756620019394
0.022915829239474113
0.023021858116732533
0.02312784271454477
0.023233782503111814
0.023339676959991215
0.02344552557000431
0.02355132782513725
0.023657083224451814
0.02376279127399245
0.02386845148669761
0.023974063382310243
0.02407962648729052
0.02418514033473182
0.0242906044642734
0.024396018422015716
0.024501381760442267
0.02460669403833726
0.024711954820701973
0.024817163678680428
0.024922320189478174
0.025027423936290174
0.02513247450821951
0.02523747150020749
0.025342414512956914
0.02544730315286468
0.025552137031945723
0.02565691576776163
0.025761638983357146
0.025866306307187743
0.02597091737305152
0.026075471820027264
0.026179969292401354
0.02628440943961209
0.026388791916179356
0.02649311638164178
0.026597382500501334
0.02670158994215334
0.026805738380833485
0.02690982749555154
0.027013856970041657
0.02711782649269295
0.027221735756503513
0.027325584459017966
0.02742937230227253
0.027533098992739664
0.02763676424127745
0.027740367763072874
0.027843909277589115
0.02794738850851809
0.028050805183720724
0.02815415903518686
0.028257449798976014
0.02836067721517416
0.028463841027842263
0.02856694098497015
0.028669976838426838
0.028772948343917748
0.028875855260933118
0.028978697352706948
0.029081474386172274
0.02918418613191351
0.029286832364126235
0.029389412860569376
0.02949192740252847
0.02959437577477055
0.029696757765502874
0.029799073166331506
0.029901321772221413
0.03000350338145737
0.030105617795602425
0.03020766481946213
0.0303096442610439
0.030411555931518296
0.030513399645184455
0.030615175219430465
0.030716882474700377
0.030818521234452025
0.030920091325127987
0.031021592576118126
0.031123024819722782
0.03122438789112039
0.03132568162833622
0.03142690587220279
0.03152806046633344
0.03162914525708427
0.03173016009352757
0.03183110482741401
0.03193197931314543
0.03203278340774463
0.032133516970819925
0.03223417986454022
0.03233477195360173
0.032435293105200866
0.032535743189001404
0.03263612207711145
0.032736429644049395
0.03283666576672101
0.032936830324385574
0.033036923198635305
0.033136944273363216
0.033236893434739595
0.033336770571182374
0.03343657557333533
0.03353630833403785
0.03363596874830228
0.033735556713289844
0.033835072128281324
0.033934514894656514
0.03403388491587033
0.034133182097425906
0.03423240634685164
0.034331557573679304
0.034430635689421125
0.034529640607545625
0.0346285722434539
0.03472743051446165
0.03482621533977193
0.03492492664045817
0.03502356433943894
0.03512212836145746
0.03522061863306329
0.03531903508258924
0.035417377640130414
0.035515646237525546
0.03561384080833601
0.03571196128782617
0.03581000761294427
0.03590797972230112
0.03600587755615603
0.03610370105639069
0.03620145016649807
0.03629912483155679
0.03639672499821954
0.036494250614688986
0.03659170163070491
0.03668907799752301
0.03678637966790132
0.03688360659607814
0.0369807587377595
0.037077836050100066
0.03717483849168603
0.03727176602252058
0.03736861860400641
0.03746539619893092
0.03756209877144691
0.037658726287062384
0.037755278712619286
0.03785175601628355
0.037948158167526
0.03804448513710836
0.03814073689706947
0.03823691342070924
0.03833301468257511
0.03842904065844861
0.03852499132532895
0.03862086666142039
0.03871666664611903
0.03881239125999696
0.03890804048479012
0.03900361430338725
0.03909911269981119
0.039194535659210675
0.03928988316784544
0.039385155213074355
0.039480351783339085
0.039575472868159184
0.03967051845811208
0.039765488544823945
0.03986038312095858
0.0399552021802041
0.040049945717261864
0.04014461372783405
0.04023920620861237
0.04033372315726671
0.040428164572434054
0.04052253045370632
0.0406168208016219
0.04071103561765095
0.04080517490418766
0.04089923866453817
0.04099322690290957
0.04108713962440132
0.041180976834992306
0.041274738541534316
0.04136842475173674
0.04146203547416131
0.04155557071820958
0.04164903049411347
0.041742414812927967
0.04183572368651716
0.04192895712754792
0.042022115149481135
0.04211519776655947
0.04220820499379983
0.04230113684698577
0.042393993342654666
0.04248677449809359
0.042579480331326906
0.04267211086110878
0.04276466610691445
0.04285714608893306
0.04294955082805678
0.04304188034587419
0.04313413466466182
0.04322631380737681
0.043318417797646516
0.04341044665976148
0.043502400418670234
0.04359427909996706
0.043686082729888415
0.043777811335301745
0.043869464943701024
0.043961043583196704
0.044052547282509506
0.04414397607096498
0.044235329978481265
0.044326609035568364
0.044417813273316356
0.044508942723387956
0.044599997418017095
0.04469097738999557
0.044781882672669276
0.04487271329993397
0.044963469306224066
0.045054150726506766
0.045144757596279936
0.04523528995155939
0.04532574782887809
0.045416131265276945
0.04550644029829764
0.045596674965979966
0.04568683530685293
0.04577692135992913
0.045866933164699766
0.04595687076112706
0.046046734189641184
0.04613652349113221
0.046226238706943576
0.04631587987886944
0.04640544704914662
0.04649494026045145
0.046584359555890124
0.04667370497899833
0.04676297657373256
0.04685217438446447
0.04694129845597909
0.04703034883346552
0.04711932556251522
0.04720822868911487
0.0472970582596402
0.04738581432085427
0.04747449691990067
0.04756310610429888
0.04765164192193882
0.04774010442107731
0.04782849365033247
0.047916809658679504
0.04800505249544441
0.048093222210302156
0.04818131885327163
0.04826934247470743
0.04835729312530153
0.04844517085607368
0.04853297571836882
0.04862070776385484
0.04870836704451425
0.04879595361264301
0.04888346752084716
0.04897090882203325
0.04905827756941215
0.04914557381648797
0.04923279761705925
0.049319949025209926
0.049407028095310584
0.049494034882012324
0.04958096944024084
0.04966783182519547
0.04975462209234587
0.049841340297424305
0.049927986496427414
0.05001456074560844
0.05010106310147424
0.05018749362078317
0.050273852360541264
0.05036013937799814
0.050446354730643565
0.050532498476202205
0.05061857067263619
0.05070457137813421
0.050790500651112964
0.05087635855021283
0.05096214513429463
0.051047860462435514
0.05113350459392677
0.05121907758826991
0.0513045795051748
0.05139001040455479
0.05147537034652646
0.05156065939140222
0.05164587759969123
0.05173102503209585
0.05181610174950579
0.05190110781299908
0.051986043283837255
0.05207090822346202
0.05215570269349284
0.05224042675572564
0.0523250804721287
0.05240966390483882
0.05249417711616055
0.052578620168563364
0.05266299312467781
0.05274729604729324
0.05283152899935763
0.052915692043969516
0.05299978524438143
0.05308380866399365
0.053167762366353746
0.05325164641515364
0.05333546087422393
0.053419205807538
0.05350288127920312
0.05358648735346292
0.05367002409469185
0.05375349156739371
0.053836889836201864
0.053920218965872936
0.05400347902128592
0.05408667006744258
0.05416979216946182
0.05425284539257949
0.05433582980214386
0.054418745463618315
0.05450159244257307
0.05458437080468873
0.05466708061575007
0.054749721941646
0.05483229484836643
0.054914799402002924
0.054997235668742886
0.05507960371487025
0.055161903606762194
0.05524413541088917
0.055326299193809825
0.05540839502217182
0.055490422962709875
