0.4592161439534043
0.40722529441542016
0.37078618471720104
0.3425805831381014
0.3195995365134921
0.30026243713078
0.28362276829506594
0.269064241735678
0.2561613091178339
0.24460698749249596
0.23417217180013927
0.22468116095199353
0.21599616658928691
0.20800709482647933
0.20062457232198588
0.19377504796207076
0.18739726697366482
0.18143967851792064
0.17585849395423364
0.1706162084857407
0.16568045912354187
0.16102313090606388
0.15661964916368312
0.15244841312376892
0.1484903382307885
0.14472848303458355
0.14114774254540177
0.13773459432547722
0.13447688679053044
0.13136366156941479
0.12838500355099977
0.1255319135959667
0.1227961999235538
0.12017038497906202
0.11764762520714839
0.11522164164094677
0.11288665960335488
0.11063735611714454
0.10846881386978906
0.10637648077218641
0.10435613431060449
0.10240385002086091
0.10051597352032451
0.0986890956204211
0.09692003011234776
0.0952057938826539
0.09354358906107386
0.09193078694723572
0.09036491349466584
0.08884363616591451
0.08736475198864747
0.08592617667188486
0.08452593465238864
0.08316214996078478
0.081833037808161
0.08053689680179066
0.07927210171247633
0.07803709671695752
0.07683038905277924
0.07565054301767744
0.07449617425881803
0.07336594429167746
0.07225855519383148
0.07117274441778615
0.07010727966623431
0.0690609537650253
0.06803257947435916
0.0670209841648212
0.0660250042730336
0.06504347945512245
0.06407524631460687
0.06311913159529992
0.06217394465725179
0.06123846907108836
0.06031145307695668
0.059391598611668046
0.05847754851707237
0.0575678714479576
0.0566610438306573
0.05575542800366577
0.05484924543079455
0.05394054338881565
0.05302715301662236
0.052106635655029494
0.05117621321209493
0.05023267610234143
0.049272259398403
0.048290472469120806
0.04728185904834241
0.04623964982522778
0.04515524271918336
0.0440173949586529
0.0428109070457313
0.04151435072136868
0.04009584467612867
0.03850438430050404
0.036649388047737846
0.03434088120791635
0.03102950353324597
0.03098676249378322
0.034236030912081515
0.03646982290895785
0.03823927007138924
0.039735119537716544
0.041048302620847375
0.04222994759690312
0.04331192107889628
0.04431554382391082
0.04525584109145165
0.04614383071962897
0.046987849438746294
0.047794367697696925
0.04856851400327195
0.04931442553182297
0.05003549025681442
0.05073451872242507
0.05141386885119652
0.05207553848297876
0.05272123521540286
0.05335242998511335
0.05397039873931291
0.054576255275817484
0.055170977400060994
0.05575542800464743
0.05633037218622064
0.0568964912989543
0.057454394556446776
0.05800462868881863
0.05854768605037962
0.05908401144061506
0.05961400790447968
0.06013804166792015
0.0606564463774924
0.06116952674575264
0.061677561703970624
0.06218080714884843
0.0626794983263116
0.06317385192548364
0.06366406791423443
0.06415033115758555
0.06463281284911035
0.06511167177769892
0.0655870554532502
0.06605910111384769
0.06652793661910122
0.06699368125704308
0.06745644646501552
0.06791633647621459
0.06837344890679281
0.06882787528361102
0.06927970152260352
0.06972900836113989
0.0701758717538751
0.07062036322806213
0.07106255021251431
0.07150249633387763
0.07194026168874733
0.07237590309352211
0.07280947431205836
0.07324102626612612
0.07367060722628371
0.07409826299060508
0.07452403704678703
0.07494797072283854
0.0753701033267712
0.07579047227310934
0.0762091132041004
0.07662606009708285
0.07704134536814625
0.07745499996671733
0.07786705346228096
0.07827753412687453
0.07868646901147039
0.07909388401502748
0.07949980395196712
0.07990425261336649
0.08030725282359799
0.08070882649501175
0.0811089946766022
0.08150777760232264
0.08190519473424039
0.08230126480368928
0.08269600584890911
0.08308943525299683
0.08348156977621973
0.08387242558889159
0.08426201829997686
0.08465036298656177
0.0850374742196776
0.08542336608884167
0.0858080522265164
0.08619154582845875
0.08657385967677692
0.08695500615782902
0.0873349972813255
0.08771384469796072
0.08809155971567789
0.08846815331538077
0.08884363616586921
