0.14702907422963393
0.11058990709969005
0.08875445583485839
0.0738688324144802
0.06299326874475213
0.05468617784550147
0.04813842144158293
0.042853996644353146
0.03850919846444044
0.03488260780152985
0.0318171264515723
0.02919797456004304
0.026939249344597935
0.024975354582382897
0.023255338236394106
0.02173903774995831
0.020394387964816622
0.019195499014999017
0.018121257277744347
0.01715428963778351
0.016280185112534474
0.015486901993209267
0.014764310818516941
0.014103838208795925
0.013498186550639916
0.012941111384896868
0.012427243157820692
0.011951943408219208
0.011511187924822301
0.011101471198976594
0.010719727820360873
0.010363267444197572
0.010029720709477805
0.009716994038004426
0.00942323167912045
0.009146783709715453
0.0088861789283284
0.008640101814892755
0.008407372881185893
0.008186931826346742
0.007977823083251439
0.007779183356070552
0.007590230837149677
0.007410255857233753
0.007238612778621136
0.0070747128888354275
0.00691801820359195
0.0067680360446656495
0.006624314278282297
0.0064864370562941216
0.006354021152933957
0.006226712652114645
0.006104184007147333
0.005986131494048549
0.005872272815645479
0.005762345063576246
0.00565610285350328
0.005553316679864285
0.005453771306920455
0.005357264476459486
0.00526360562833709
0.005172614667048676
0.00508412120663372
0.004997963222094375
0.004913986367542659
0.004832042842710778
0.00475199147168278
0.0046736952075567
0.004597022644865767
0.004521845162755366
0.004448037111576717
0.004375476239206508
0.004304040552718468
0.004233608824863651
0.004164060342027114
0.004095271684697944
0.004027120491051478
0.0039594739402356
0.0038922048938392437
0.0038251714050308175
0.0037582256923691967
0.0036912088560446667
0.0036239482680568277
0.0035562532823842463
0.0034879105792335044
0.003418677683981612
0.003348274186994876
0.003276369499836768
0.003202567498252955
0.0031263802034892756
0.003047193667429874
0.002964209411812176
0.002876361310443989
0.0027821310636914043
0.0026793513242552667
0.0025645016728273024
0.00243050994053074
0.002265771303553119
0.0020835388606863345
0.002080387256509894
0.002267957539269826
0.0024181121456518105
0.002545532700019499
0.002653156248661654
0.002748302607831784
0.0028341032760007636
0.002912825880597131
0.0029859406369294773
0.0030545347580349883
0.0031193796758149915
0.003181066362919277
0.0032400607312675503
0.0032967267578593224
0.003351363646764504
0.003404217616352314
0.003455492144855747
0.003505360047298143
0.003553967778436912
0.0036014415241740253
0.003647890236678441
0.0036934090041882152
0.0037380812127012714
0.0037819802875791427
0.003825171405030807
0.0038677126379852724
0.003909655826799352
0.0039510475914328845
0.003991929892454335
0.004032343195545599
0.004072316546694022
0.004111884183369485
0.004151074632157253
0.004189915305088632
0.0042284284041973035
0.004266635952747193
0.0043045581855252375
0.004342213757426091
0.004379620575567681
0.004416794311002592
0.0044537490052902135
0.00449049885491416
0.004527056031180476
0.004563433162029357
0.004599640719905017
0.004635689233609071
0.004671588168388357
0.004707346141346287
0.004742971995328845
0.004778473462808262
0.004813858001004074
0.004849132227767792
0.00488430289995174
0.004919376149678615
0.004954357455607466
0.004989252401555012
0.005024066083184621
0.005058803295773533
0.00509346855334176
0.00512806611133916
0.005162600071938722
0.005197074209714617
0.005231492241620433
0.005265857517673272
0.005300173278509152
0.00533444258346034
0.005368668436139213
0.005402853501264194
0.0054370004125516725
0.005471111749123967
0.005505189804935913
0.0055392368022249006
0.005573254960837863
0.005607246296016698
0.005641212682702899
0.005675156032618672
0.00570907808331982
0.005742980453007594
0.005776864816229878
0.005810732617877576
0.0058445853571715885
0.0058784243994794
0.005912251061334022
0.00594606658860699
0.005979872201184367
0.006013669013642554
0.006047458173733648
0.006081240675756367
0.006115017547771275
0.006148789743389899
0.006182558164526159
0.006216323707884824
0.0062500871776142095
0.006283849402312156
0.00631761113691155
0.0063513731190182245
0.006385136044912925
0.00641890058299783
0.0064526673749523596
0.006486437056294139
