0.5556352928095393
0.5555493399273114
0.5554635317079818
0.5553778683754873
0.5552923501523537
0.5552069772588333
0.5551217499124745
0.5550366683273052
0.5549517327134484
0.5548669432765014
0.5547823002172312
0.5546978037310084
0.554613454007564
0.5545292512306356
0.554445195577636
0.5543612872193692
0.554277526319974
0.5541939130364738
0.5541104475187757
0.5540271299094943
0.5539439603437296
0.5538609389490277
0.5537780658453128
0.5536953411447524
0.5536127649517073
0.5535303373627725
0.5534480584665928
0.5533659283440099
0.5532839470679668
0.553202114703502
0.5531204313077935
0.5530388969302446
0.5529575116123815
0.5528762753880335
0.5527951882832965
0.5527142503165884
0.552633461498777
0.5525528218331723
0.5524723313156455
0.5523919899346812
0.5523117976714498
0.5522317544999428
0.5521518603869852
0.5520721152923742
0.5519925191689538
0.5519130719627198
0.5518337736129258
0.551754624052145
0.5516756232063892
0.5515967709952142
0.5515180673318261
0.5514395121231702
0.5513611052700408
0.5512828466671821
0.5512047362034004
0.5511267737616661
0.5510489592192039
0.5509712924476264
0.5508937733129936
0.55081640167597
0.5507391773919013
0.5506621003108837
0.5505851702779521
0.5505083871331024
0.5504317507114215
0.5503552608432182
0.5502789173540367
0.550202720064874
0.5501266687921894
0.5500507633480272
0.5499750035401206
0.5498993891719849
0.5498239200430037
0.5497485959485301
0.5496734166799699
0.5495983820248879
0.5495234917670883
0.54944874568669
0.5493741435602512
0.5492996851608067
0.5492253702579926
0.5491511986181189
0.5490771700042609
0.5490032841762992
0.5489295408910361
0.5488559399023227
0.5487824809610152
0.5487091638151583
0.5486359882100087
0.5485629538881205
0.5484900605894685
0.548417308051401
0.5483446960088456
0.5482722241942819
0.548199892337845
0.5481277001674294
0.5480556474086774
0.5479837337851153
0.5479119590181711
0.5478403228272467
0.5477688249298269
0.5476974650414607
0.5476262428758715
0.5475551581450251
0.5474842105591581
0.547413399826817
0.5473427256549673
0.5472721877490259
0.5472017858129121
0.5471315195490649
0.547061388658568
0.546991392841125
0.5469215317951798
0.5468518052179013
0.5467822128052742
0.5467127542520998
0.5466434292521406
0.5465742374980157
0.5465051786813971
0.5464362524929386
0.5463674586223577
0.5462987967585358
0.5462302665894553
0.546161867802293
0.54609360008348
0.5460254631186928
0.5459574565929031
0.5458895801904841
0.5458218335951196
0.5457542164899505
0.5456867285575496
0.5456193694799683
0.5455521389387826
0.5454850366151157
0.5454180621896721
0.5453512153427751
0.545284495754359
0.5452179031040689
0.5451514370712264
0.5450850973349168
0.5450188835739235
0.5449527954668707
0.5448868326921806
0.5448209949280938
0.5447552818527478
0.5446896931441318
0.5446242284801821
0.5445588875387667
0.5444936699977194
0.5444285755348224
0.5443636038279163
0.5442987545548448
0.5442340273935149
0.5441694220218848
0.5441049381180307
0.544040575360125
0.5439763334264937
0.5439122119955823
0.5438482107460355
0.543784329356686
0.5437205675065504
0.5436569248748935
0.5435934011412268
0.5435299959852815
0.5434667090871088
0.5434035401270361
0.5433404887856833
0.5432775547440171
0.5432147376833156
0.5431520372852291
0.5430894532317653
0.5430269852052956
0.5429646328886217
0.5429023959649124
0.5428402741177809
0.5427782670312657
0.5427163743898352
0.5426545958784272
0.5425929311824443
0.5425313799877702
0.5424699419807635
0.5424086168483081
0.5423474042777775
0.5422863039570637
0.5422253155746064
0.5421644388193692
0.5421036733808878
0.5420430189492254
0.5419824752150317
0.541922041869546
0.541861718604559
0.5418015051124794
0.541741401086318
0.5416814062196621
0.5416215202067522
0.541561742742441
0.5415020735222134
0.5414425122421899
0.541383058599111
0.5413237122904168
0.5412644730141669
0.5412053404690934
0.5411463143545976
0.5410873943707721
0.5410285802183574
0.5409698715988028
0.5409112682142444
0.5408527697675154
0.5407943759621424
0.5407360865023617
0.5406779010931273
0.5406198194400934
0.5405618412496458
0.5405039662288812
0.5404461940856462
0.5403885245284837
0.5403309572666964
0.5402734920103169
0.540216128470125
0.5401588663576373
0.5401017053851191
0.5400446452655824
0.5399876857128066
0.5399308264413265
0.5398740671664245
0.539817407604136
0.5397608474712874
0.5397043864854566
0.5396480243649953
0.5395917608290051
0.5395355955973992
0.5394795283908285
0.5394235589307458
0.5393676869393614
0.5393119121396759
0.5392562342554784
0.5392006530113306
0.5391451681325736
0.5390897793453475
0.5390344863765659
0.5389792889539388
0.5389241868059595
0.5388691796619094
0.5388142672518726
0.5387594493067008
0.5387047255580566
0.5386500957383856
0.5385955595809323
0.5385411168197299
0.5384867671895985
0.5384325104261738
0.5383783462658556
0.5383242744458573
0.5382702947041859
0.5382164067796356
0.5381626104117982
0.5381089053410618
0.5380552913086027
0.5380017680563993
0.5379483353272195
0.5378949928646192
0.5378417404129571
0.5377885777173758
0.5377355045238206
0.5376825205790218
0.5376296256304927
0.5375768194265532
0.5375241017162996
0.5374714722496339
0.5374189307772304
0.5373664770505493
0.5373141108218653
0.5372618318442044
0.537209639871392
0.5371575346580468
0.5371055159595589
0.5370535835321062
0.5370017371326423
0.5369499765189133
0.5368983014494286
0.5368467116834881
0.5367952069811562
0.5367437871032883
0.5366924518115095
0.5366412008681989
0.5365900340365396
0.5365389510804538
0.5364879517646612
0.5364370358546301
0.5363862031165965
0.5363354533175757
0.5362847862253285
0.5362342016083895
0.5361836992360426
0.5361332788783408
0.5360829403061002
0.5360326832908717
0.535982507604974
0.5359324130214843
0.5358823993142203
0.5358324662577407
0.5357826136273772
0.5357328411991892
0.5356831487499776
0.5356335360573036
0.5355840028994452
0.5355345490554402
0.5354851743050539
0.5354358784287897
0.5353866612078806
0.5353375224242916
0.5352884618607221
0.5352394793005987
0.5351905745280756
0.5351417473280177
0.5350929974860346
0.5350443247884377
0.5349957290222656
0.5349472099752759
0.5348987674359323
0.5348504011934192
0.5348021110376322
0.5347538967591605
0.5347057581493252
0.5346576950001308
0.5346097071042923
0.534561794255238
0.5345139562470738
0.5344661928746134
0.5344185039333663
0.5343708892195277
0.5343233485299959
0.5342758816623503
0.5342284884148539
0.5341811685864558
0.5341339219768036
0.5340867483861981
0.5340396476156354
0.533992619466791
0.533945663742002
0.5338987802442908
0.5338519687773363
0.5338052291455059
0.533758561153809
0.5337119646079327
0.5336654393142328
0.5336189850797013
0.5335726017120118
0.5335262890194842
0.5334800468110923
0.5334338748964567
0.5333877730858471
0.5333417411901925
0.5332957790210608
0.5332498863906556
0.5332040631118278
0.5331583089980672
0.5331126238634986
0.5330670075228809
0.5330214597916085
0.5329759804857032
0.5329305694218144
0.5328852264172167
0.5328399512898143
0.5327947438581296
0.5327496039413024
0.5327045313590992
0.5326595259318886
0.5326145874806594
0.5325697158270157
0.5325249107931672
0.5324801722019228
0.532435499876712
0.5323908936415597
0.532346353321089
0.5323018787405228
0.5322574697256827
0.5322131261029888
0.5321688476994407
0.5321246343426385
0.5320804858607736
0.5320364020826182
0.5319923828375286
0.5319484279554423
0.5319045372668797
0.5318607106029417
0.5318169477952993
0.5317732486761968
0.5317296130784552
0.5316860408354651
0.5316425317811794
0.5315990857501248
0.531555702577388
0.5315123820986132
0.5314691241500116
0.5314259285683409
0.531382795190931
0.5313397238556485
0.5312967144009227
0.5312537666657263
0.5312108804895874
0.5311680557125666
0.5311252921752828
0.5310825897188827
0.5310399481850655
0.5309973674160521
0.5309548472546276
0.5309123875440692
0.530869988128223
0.5308276488514425
0.5307853695586217
0.5307431500951714
0.5307009903070308
0.5306588900406639
0.530616849143051
0.5305748674616811
0.5305329448445826
0.5304910811402733
0.5304492761977961
0.5304075298667104
0.5303658419970688
0.5303242124394355
0.5302826410448915
0.5302411276650011
0.5301996721518479
0.5301582743579978
0.5301169341365213
0.5300756513409921
0.5300344258254682
0.5299932574444962
0.5299521460531227
0.5299110915068732
0.5298700936617617
0.5298291523742907
0.5297882675014373
0.529747438900674
0.5297066664299296
0.5296659499476258
0.5296252893126576
0.5295846843843907
0.52954413502266
0.52950364108778
0.5294632024405148
0.5294228189421192
0.5293824904542896
0.5293422168391969
0.5293019979594752
0.5292618336782055
0.5292217238589382
0.5291816683656765
0.5291416670628771
0.529101719815442
0.5290618264887349
0.5290219869485628
0.5289822010611752
0.5289424686932742
0.5289027897120026
0.5288631639849516
0.5288235913801342
0.5287840717660218
0.5287446050115188
0.5287051909859514
0.5286658295591009
0.5286265206011566
0.5285872639827562
0.5285480595749587
0.5285089072492513
0.5284698068775479
0.5284307583321849
0.5283917614859167
0.528352816211925
0.5283139223838054
0.5282750798755744
0.5282362885616609
0.5281975483169137
0.5281588590165817
0.5281202205363366
0.528081632752257
0.5280430955408264
0.5280046087789332
0.5279661723438759
0.5279277861133502
0.5278894499654567
0.5278511637786996
0.5278129274319691
0.5277747408045655
0.5277366037761778
0.5276985162268921
0.5276604780371801
0.5276224890879162
0.5275845492603527
0.5275466584361359
0.527508816497292
0.5274710233262427
0.5274332788057843
0.5273955828190988
0.5273579352497471
0.5273203359816674
0.527282784899182
0.5272452818869805
0.5272078268301359
