0.006486437056294139
0.006520210185619588
0.006553987357556119
0.006587769093487312
0.006621555929301125
0.006655348342897368
0.006689146825417729
0.0067229518218209754
0.0067567637806456825
0.00679058310794966
0.006824410220313934
0.006858245493743225
0.006892089294113394
0.00692594198902866
0.0069598039034154124
0.006993675365099562
0.007027556691366559
0.007061448172294839
0.007095350105047016
0.007129262750596804
0.0071631863767866255
0.00719712123702936
0.007231067571050432
0.007265025605564734
0.007298995559250975
0.007332977651231963
0.007366972079315235
0.0074009790339646915
0.007434998705918104
0.0074690312627434296
0.0075030768801143
0.00753713571175473
0.007571207922085527
0.007605293647587106
0.0076393930320625344
0.007673506208988139
0.007707633305453766
0.007741774439236541
0.007775929730735913
0.007810099282607857
0.007844283203030449
0.007878481591297365
0.007912694535631428
0.007946922126734219
0.007981164449505513
0.008015421580930503
0.008049693595225975
0.008083980563588054
0.008118282552082086
0.00815259961951985
0.008186931826347022
0.00822127922390444
0.008255641864980645
0.008290019795520322
0.008324413056936406
0.008358821690126384
0.008393245731395438
0.008427685214539815
0.008462140169068133
0.008496610622077889
0.008531096598232864
0.008565598118154242
0.008600115201758423
0.008634647864978081
0.00866919611994947
0.008703759979632283
0.008738339451726626
0.008772934541750948
0.008807545254565891
0.00884217159282281
0.008876813554315712
0.00891147113622933
0.008946144336326501
0.008980833146396932
0.009015537557601058
0.009050257560425191
0.009084993142182777
0.009119744289513367
0.00915451098484855
0.009189293213479338
0.00922409095533815
0.009258904188690851
0.009293732892284343
0.00932857704203036
0.009363436613224238
0.00939831157945899
0.009433201911696385
0.009468107581342063
0.009503028558150358
0.009537964808394587
0.009572916300683817
0.009607883000175255
0.009642864870562463
0.009677861875042297
0.009712873976210306
0.009747901135276743
0.009782943311190078
0.00981800046327698
0.009853072549489772
0.00988815952647864
0.009923261350405596
0.009958377976154875
0.009993509357378505
0.010028655447298598
0.010063816198646136
0.010098991562257131
0.010134181488577743
0.01016938592829465
0.010204604829598278
0.010239838140977162
0.010275085809866967
0.010310347782649599
0.010345624005991424
0.01038091442491506
0.01041621898410254
0.010451537627275194
0.010486870298436772
0.010522216940648428
0.01055757749488281
0.01059295190362025
0.010628340107847302
0.010663742047166212
0.010699157662604281
0.010734586893230482
0.01077002967788318
0.01080548595465217
0.010840955661399152
0.010876438736279468
0.010911935115693413
0.010947444735846738
0.01098296753379196
0.011018503444374373
0.011054052402830429
0.011089614344672965
0.011125189203846553
0.011160776915114311
0.011196377411236936
0.011231990626261821
0.011267616493205474
0.011303254944975251
0.011338905913522492
0.011374569330738448
0.011410245129269884
0.011445933240018889
0.01148163359425307
0.011517346122792087
0.01155307075682287
0.011588807426291465
0.011624556061529605
0.01166031659245976
0.01169608894901873
0.011731873060365921
0.011767668856064138
0.011803476265321826
0.011839295216276063
0.011875125638566837
0.011910967460068953
0.011946820609081671
0.011982685014311985
0.012018560603493217
0.01205444730410082
0.012090345044373977
0.012126253751635983
0.012162173353634235
0.012198103777252061
0.012234044949816544
0.012269996798759068
0.012305959250396228
0.012341932232104455
0.012377915670777836
0.012413909492561229
0.012449913624353215
0.012485927992614816
0.012521952523683497
0.012557987144366666
0.01259403178048847
0.012630086358638782
0.012666150805030193
0.0127022250455248
0.012738309006465645
0.012774402613855134
0.012810505793657168
0.012846618472305034
0.012882740575153227
0.012918872028827874
0.012955012758907968
0.01299116269147064
0.01302732175233672
0.013063489867580198
0.01309966696304778
0.013135852964848928
0.013172047799102063
0.013208251391261897
0.013244463667772204
0.013280684554420077
0.013316913977510081
0.013353151862722448
0.013389398136497867
0.01342565272511352
0.013461915554265865
0.013498186550639966
0.013534465640338196
0.013570752749586067
0.01360704780492184
0.013643350732788736
0.013679661459541395
0.013715979912077677
0.013752306016597918
0.013788639699867575
0.013824980888985932
0.013861329510593292
0.013897685491500816
0.013934048758865678
0.01397041923963287
0.014006796861107822
0.014043181550570646
0.014079573235305651
0.014115971842589285
0.014152377300265731
0.01418878953563644
0.014225208476752262
0.014261634051142738
0.014298066186906553
0.014334504812187903
0.014370949854977767
0.014407401243677438
0.014443858906575811
0.014480322772004452
0.014516792768887881
0.014553268825868333
0.01458975087150765
0.014626238835280341
0.014662732645910595
0.01469923223272041
0.01473573752495656
0.014772248452457198
0.014808764944516219
0.014845286930867419
0.014881814341671495
0.014918347106741437
0.01495488515617007
0.014991428420484154
0.015027976830046875
0.01506453031535118
0.015101088807184866
0.015137652236347629
0.015174220534062423
0.015210793631427333
0.015247371459555606
0.015283953950291737
0.015320541034939296
0.015357132645393066
0.01539372871372341
0.015430329171760111
0.01546693395193232
0.015503542986573339
0.015540156208344817
0.015576773549961684
0.015613394944203239
0.015650020324177408
0.01568664962319125
0.015723282774500635
0.01575991971182134
0.01579656036856928
0.0158332046790082
0.015869852576860934
0.015906503996569253
0.01594315887242419
0.015979817139062817
0.016016478731105403
0.016053143583522556
0.01608981163139634
0.016126482810041635
0.016163157054772125
0.016199834301379102
0.01623651448542245
0.01627319754294378
0.016309883410113316
0.01634657202334443
0.016383263318963694
0.016419957233663487
0.016456653704392154
0.016493352668126807
0.01653005406221086
0.016566757823819098
0.01660346389060004
0.016640172200466267
0.016676882691273823
0.01671359530104106
0.016750309968266493
0.016787026631297584
0.01682374522896369
0.016860465700054315
0.01689718798364107
0.01693391201886291
0.01697063774534059
0.017007365102472038
0.017044094030238044
0.01708082446859807
0.017117556357601798
0.01715428963778399
0.017191024249567186
0.017227760133763648
0.017264497231284873
0.01730123548322856
0.017337974830896802
0.017374715215786277
0.017411456579592463
0.017448198864212686
0.017484942011654424
0.017521685964225195
0.017558430664337245
0.01759517605462276
0.017631922077914357
0.017668668677257488
0.017705415795821466
0.017742163376984615
0.01777891136434367
0.01781565970162548
0.01785240833294214
0.01788915720236554
0.017925906254192884
0.017962655433019885
0.01799940468349979
0.01803615395067755
0.018072903179565395
0.0181096523154885
0.018146401303916836
0.018183150090622772
0.01821989862136903
0.01825664684230486
0.018293394699568453
0.018330142139693435
0.018366889109279527
0.01840363555516325
0.018440381424411383
0.018477126664091865
0.018513871221739857
0.018550615044819162
0.01858735808110588
0.01862410027868961
0.01866084158559128
0.018697581950224
0.01873432132108894
0.0187710596469286
0.018807796876573746
0.018844532959174355
0.018881267844042843
0.01891800148059302
0.018954733818478963
0.018991464807596253
0.01902819439794268
0.01906492253975694
0.019101649183387397
0.019138374279558442
0.019175097778893688
0.01921181963247339
0.019248539791412087
0.019285258207071363
0.019321974830923936
0.019358689614754284
0.019395402510392946
0.019432113469918834
0.019468822445656078
0.019505529389976007
0.019542234255567732
0.01957893699523459
0.019615637561961916
0.019652335908920203
0.019689031989528
0.019725725757322884
0.019762417166029243
0.019799106169490197
0.019835792721864032
0.019872476777434207
0.01990915829060059
0.019945837216082236
0.01998251350859827
0.020019187123237598
0.020055858015092718
0.02009252613957227
0.020129191452208258
0.020165853908723493
0.020202513464966758
0.02023917007698475
0.02027582370112216
0.020312474293745046
0.020349121811406103
0.020385766210964475
0.020422407449356663
0.020459045483652592
0.020495680271167275
0.020532311769468126
0.02056893993614015
0.020605564728962914
0.020642186106019866
0.020678804025415717
0.02071541844561724
0.020752029325003477
0.02078863662231222
0.020825240296423884
0.020861840306346333
0.02089843661134299
0.02093502917070362
0.02097161794407087
0.0210082028910687
0.021044783971672584
0.02108136114583493
0.021117934373865214
0.021154503616102032
0.021191068833081184
0.021227629985632206
0.02126418703456941
0.021300739940951482
0.021337288666032204
0.021373833171152715
0.021410373417897154
0.021446909368044262
0.021483440983409527
0.021519968226002724
0.021556491058126254
0.02159300944212586
0.021629523340535948
0.021666032716031392
0.021702537531535157
0.02173903774995867
0.021775533334603314
0.02181202424871595
0.021848510455883343
0.02188499191973399
0.021921468604089066
0.02195794047291373
0.021994407490361693
0.022030869620728165
0.022067326828454793
0.022103779078170585
0.022140226334646008
0.022176668562749656
0.02221310572767643
0.022249537794536495
0.022285964728761744
0.022322386495930564
0.02235880306171694
0.022395214391934027
0.02243162045263324
0.022468021209917283
0.022504416630160486
0.02254080667975259
0.022577191325354885
0.022613570533681192
0.02264994427167684
0.022686312506342364
0.022722675204993898
0.02275903233487007
0.02279538386357011
0.022831729758702755
0.022868069988062765
0.022904404519587074
0.022940733321394072
0.022977056361741483
0.02301337360898773
0.023049685031633065
0.02308599059840018
0.023122290278109834
0.0231585840396822
0.023194871852260057
0.023231153685082755
0.02326742950753083
0.023303699289127643
0.023339962999609967
0.02337622060869661
0.02341247208644444
0.02344871740284918
0.023484956528244585
0.02352118943294351
0.0235574160874752
0.0235936364624682
0.0236298505287673
0.023666058257274556
0.0237022596190303
0.023738454585251426
0.023774643127288685
0.02381082521659494
0.023847000824829604
0.023883169923641673
0.023919332484965482
0.02395548848082923
0.023991637883327227
0.024027780664760027
0.02406391679756208
0.024100046254229488
0.024136169007428154
0.024172285030034695
0.024208394294907655
0.024244496775188557
0.024280592443968047
0.024316681274686468
0.02435276324070439
0.024388838315617445
0.02442490647318939
0.02446096768721206
