0.08884363616586921
0.08921801863747322
0.08959131081563981
0.08996352251312092
0.09033466328189921
0.0907047424246281
0.09107376900500762
0.09144175185804805
0.09180869959941056
0.09217462063499268
0.09253952316897808
0.09290341521247394
0.09326630459101334
0.0936281989517367
0.09398910577178815
0.0943490323629019
0.09470798587916646
0.09506597332321717
0.09542300155108982
0.09577907727825749
0.09613420708510521
0.09648839742154146
0.09684165461172566
0.09719398485891036
0.09754539424963556
0.09789588875781452
0.0982454742487574
0.0985941564828288
0.09894194111935947
0.09928883371967769
0.0996348397509235
0.09997996458858727
0.10032421351983206
0.10066759174657601
0.10101010438790473
0.10135175648290344
0.1016925529932188
0.10203249880529222
0.10237159873279861
0.10270985751880558
0.10304727983831541
0.10338387029966417
0.10371963344677425
0.10405457376122206
0.10438869566392833
0.10472200351664998
0.10505450162391453
0.10538619423456151
0.1057170855433028
0.10604717969228193
0.1063764807721866
0.10670499282389458
0.10703271983975912
0.10735966576479912
0.1076858344979861
0.10801122989333857
0.10833585576099083
0.10865971586861825
0.10898281394216555
0.10930515366672308
0.10962673868802408
0.10994757261296065
0.11026765901043867
0.11058700141276302
0.11090560331585961
0.11122346818048115
0.11154059943279633
0.11185700046530692
0.11217267463747357
0.11248762527644265
0.11280185567774102
0.11311536910591309
0.11342816879521131
0.11374025795022145
0.11405163974633059
0.11436231733045134
0.11467229382146593
0.11498157231092682
0.11529015586345412
0.11559804751729107
0.11590525028468911
0.11621176715250453
0.11651760108272428
0.11682275501284761
0.11712723185606173
0.1174310345021175
0.11773416581745559
0.11803662864566583
0.11833842580792173
0.11863956010321806
0.11894003430890965
0.11923985118096639
0.11953901345427059
0.11983752384307397
0.12013538504125952
0.12043259972261522
0.12072917054127272
0.1210251001317937
0.12132039110967288
0.12161504607153102
0.121909067595368
0.12220245824082482
0.12249522054952905
0.12278735704529288
0.12307887023428608
0.1233697626054946
0.12366003663071239
0.12394969476493015
0.12423873944636359
0.12452717309709369
0.12481499812268443
0.12510221691305348
0.12538883184196115
0.1256748452678341
0.1259602595335572
0.1262450769670448
0.12652929988087405
0.126812930573001
0.12709597132667488
0.12737842441058886
0.12766029207923685
0.1279415765727892
0.12822228011763898
0.1285024049261932
0.12878195319717572
0.1290609271159173
0.1293393288543218
0.12961716057087755
0.12989442441126492
0.13017112250813823
0.13044725698117052
0.13072282993757053
0.13099784347195437
0.13127229966647994
0.1315462005909557
0.1318195483032118
0.1320923448489726
0.1323645922619242
0.13263629256406448
0.13290744776563657
0.1331780598655052
0.13344813085079152
0.13371766269738725
0.1339866573700744
0.13425511682228689
0.1345230429966023
0.1347904378244852
0.1350573032267597
0.13532364111334505
0.13558945338367367
0.13585474192659308
0.13611950862043898
0.136383755333222
0.13664748392277284
0.1369106962366679
0.13717339411249316
0.13743557937766349
0.13769725384987694
0.1379584193368996
0.13821907763673194
0.13847923053782982
0.13873887981901076
0.13899802724947147
0.13925667458920796
0.13951482358870795
0.13977247598919654
0.14002963352287315
0.14028629791255567
0.14054247087224297
0.1407981541068166
0.14105334931229965
0.1413080581759501
0.14156228237608348
0.14181602358254775
0.14206928345638264
0.14232206365013372
0.1425743658078217
0.142826191565091
0.14307754254915442
0.14332842037896756
0.14357882666522243
0.1438287630104191
0.14407823100888817
0.14432723224706803
0.14457576830318788
0.14482384074769813
0.14507145114304626
0.1453186010439048
0.14556529199725135
0.14581152554217575
0.14605730321023297
0.1463026265253719
0.14654749700390912
0.14679191615480036
0.14703588547940602
0.14727940647183863
0.14752248061868337
0.1477651093994106
0.1480072942862075
0.14824903674404807
0.14849033823076824
0.14873120019715103
0.14897162408686437
0.14921161133662023
0.14945116337627545
0.14969028162863124
0.14992896750975382
0.1501672224288474
0.15040504778838362
0.15064244498407806
0.15087941540502717
0.1511159604337
0.15135208144590756
0.1515877798110751
0.15182305689189177
0.15205791404487484
0.1522923526199053
0.1525263739606582
0.15275997940434133
0.15299317028196557
0.15322594791824204
0.15345831363178128
0.15369026873485445
0.15392181453374013
0.15415295232858833
0.15438368341353786
0.1546140090766718
0.15484393060010562
0.15507344925994293
0.15530256632660325
0.15553128306444003
0.15575960073208772
0.1559875205823304
0.15621504386228574
0.15644217181331185
0.15666890567103656
0.1568952466655076
0.15712119602115163
0.15734675495678035
0.15757192468576217
0.15779670641584
0.1580211013493369
0.15824511068318944
0.15846873560881414
0.15869197731236168
0.1589148369745604
0.1591373157708828
0.15935941487149954
0.15958113544134606
0.15980247864015812
0.16002344562241808
0.16024403753755778
0.16046425552984853
0.16068410073841252
0.16090357429741603
0.16112267733592148
0.16134141097800142
0.16155977634277127
0.16177777454444628
0.161995406692213
0.16221267389053723
0.16242957723886747
0.16264611783194233
0.1628622967596434
0.1630781151070805
0.16329357395471442
0.16350867437814837
0.16372341744840693
0.16393780423176957
0.1641518357899598
0.16436551318008383
0.16457883745460286
0.16479180966148166
0.1650044308441662
0.16521670204155417
0.1654286242881203
0.16564019861382376
0.16585142604423944
0.1660623076005612
0.1662728442995892
0.1664830371537492
0.16669288717117944
0.16690239535570273
0.16711156270680744
0.16732039021984327
0.1675288788858679
0.16773702969174262
0.16794484362007903
0.16815232164946256
0.16835946475423907
0.16856627390468318
0.16877275006699355
0.16897889420324627
0.16918470727156487
0.1693901902259683
0.16959534401647958
0.16980016958921398
0.17000466788628624
0.17020883984586455
0.17041268640220567
0.17061620848574258
0.17081940702294326
0.17102228293649369
0.17122483714524686
0.17142707056419948
0.1716289841046094
0.17183057867398924
0.17203185517604433
0.1722328145107978
0.1724334575745695
0.1726337852599869
0.17283379845603805
0.1730334980480025
0.17323288491758565
0.17343195994291016
0.17363072399847243
0.17382917795517858
0.17402732268045104
0.17422515903816768
0.1744226878886577
0.17461991008880798
0.17481682649195834
0.1750134379481279
0.17520974530378558
0.1754057494019995
0.17560145108249564
0.1757968511815653
0.1759919505321187
0.176186749963799
0.1763812503029001
0.17657545237232944
0.1767693569917769
0.17696296497762615
0.17715627714304322
0.17734929429790877
0.1775420172488454
0.1777344467993886
0.17792658374976691
0.1781184288971072
0.17830998303531914
0.17850124695519684
0.17869222144445157
0.17888290728761808
0.17907330526616375
0.17926341615852218
0.1794532407399603
0.17964277978284307
0.17983203405637466
0.18002100432682427
0.18020969135742934
0.18039809590846967
0.18058621873723832
0.18077406059806236
0.1809616222423727
0.1811489044186162
0.18133590787240034
0.18152263334640262
0.18170908158044188
0.18189525331143128
0.18208114927348118
0.18226677019785814
0.182452116812966
0.1826371898444881
0.18282199001521213
0.1830065180452506
0.18319077465186456
0.18337476054959662
0.18355847645030046
0.18374192306303264
0.1839251010941988
0.18410801124744886
0.1842906542238291
0.18447303072165577
0.1846551414366063
0.18483698706173357
0.18501856828744495
0.18519988580152977
0.18538094028917484
0.185561732432997
0.18574226291302362
0.18592253240669007
0.1861025415889381
0.18628229113212671
0.18646178170608976
0.18664101397816693
0.18681998861320143
0.18699870627349835
0.1871771676189588
0.18735537330695787
0.1875333239924378
0.1877110203279121
0.18788846296346698
0.1880656525467246
0.188242589722943
0.18841927513501278
0.18859570942338127
0.1887718932261532
0.1889478271790924
0.18912351191557517
0.18929894806670006
0.1894741362611548
0.1896490771253853
0.1898237712835028
0.1899982193573735
0.19017242196648335
0.19034637972817095
0.19052009325738625
0.1906935631669837
0.19086679006744098
0.19103977456706733
0.19121251727197836
0.19138501878605532
0.19155727971098857
0.19172930064628446
0.19190108218925447
0.19207262493512237
0.19224392947685084
0.1924149964053344
0.19258582630933047
0.19275641977541624
0.19292677738815425
0.19309689972989202
0.19326678738095876
0.19343644091959553
0.19360586092192075
0.19377504796206013
0.1939440026120343
0.19411272544183825
0.19428121701940163
0.19444947791069245
0.1946175086795891
0.19478530988803122
0.1949528820959168
0.19512022586118064
0.19528734173975615
0.19545423028560585
0.19562089205078534
0.19578732758532164
0.19595353743736202
0.19611952215308504
0.1962852822767656
0.19645081835072414
0.19661613091547261
0.19678122050946378
0.19694608766942043
0.19711073293012765
0.19727515682444385
0.19743935988346303
0.19760334263633933
0.19776710561042096
0.19793064933120672
0.19809397432239967
0.19825708110583729
0.1984199702015551
0.19858264212780793
0.1987450974010241
0.19890733653587636
0.1990693600452074
0.1992311684401553
0.19939276223005845
0.19955414192246623
0.19971530802326423
0.19987626103650388
0.20003700146456244
0.20019752980809244
0.2003578465660202
0.20051795223555108
0.20067784731218483
0.2008375322897579
0.2009970076604177
0.20115627391460164
0.20131533154109746
0.20147418102703796
0.20163282285786152
0.20179125751741298
0.20194948548787217
0.20210750724976703
0.20226532328202737
0.20242293406191175
0.20258034006516146
0.20273754176582368
0.20289453963637505
0.2030513341477275
0.20320792576917726
0.2033643149684278
0.2035205022116961
0.20367648796351995
0.20383227268697712
0.20398785684355217
0.20414324089317915
0.20429842529428632
0.2044534105037493
0.20460819697693144
0.20476278516768687
0.20491717552834535
0.20507136850973848
0.20522536456120913
0.20537916413058782
0.20553276766426526
0.20568617560713703
0.20583938840258392
