0.4497819252345691
0.47200985430960213
0.4841371010361535
0.4924220061001233
0.49870903491158647
0.5037762276527068
0.5080206536433638
0.5116712122944278
0.5148716418485786
0.5177181289343934
0.5202782814288969
0.5226015126782136
0.5247251023648666
0.526677923356119
0.5284828345700068
0.5301582743579961
0.5317193550924125
0.5331786356327576
0.5345466794402479
0.5358324662577463
0.5370437014023324
0.5381870519728678
0.5392683299130533
0.54029263577971
0.5412644730141536
0.5421878397654686
0.5430663034140425
0.5439030616093845
0.5447009926833862
0.5454626976115009
0.5461905351892371
0.5468866517169326
0.5475530062046655
0.548191391896473
0.5488034547499567
0.5493907093816687
0.5499545528905853
0.5504962768953124
0.5510170780594906
0.5515180673318208
0.5520002780879417
0.5524646733304165
0.5529121520773489
0.5533435550496701
0.5537596697497505
0.5541612350106574
0.5545489450827736
0.554923453315891
0.555285375485995
0.5556352928095484
0.5559737546825854
0.5563012811767878
0.5566183653207125
0.5569254751914146
0.5572230558378567
0.5575115310563973
0.5577913050349811
0.5580627638828187
0.5583262770585907
0.5585821987119147
0.5588308689488953
0.5590726150344583
0.5593077525418829
0.5595365864609868
0.5597594122747589
0.5599765170180638
0.560188180326035
0.5603946754892013
0.5605962705257638
0.5607932292881425
0.560985812620796
0.5611742795911794
0.5613588888181269
0.5615398999288103
0.5617175751802862
0.5618921812950332
0.562063991568599
0.5622332883267289
0.5624003658318143
0.5625655337725474
0.5627291215120286
0.5628914833379628
0.5630530050477398
0.5632141123348366
0.5633752816546396
0.5635370545444784
0.5637000568707555
0.5638650252689088
0.5640328443588417
0.5642046005890482
0.5643816627776073
0.5645658072728393
0.564759421831932
0.5649658575825937
0.5651900834474561
0.565440029500524
0.5657297564330075
0.5660887266084739
0.5666021127072757
0.5666087338645268
0.5661050023712806
0.5657577313539811
0.5654815300634956
0.5652468721645413
0.565039698339813
0.5648521149909119
0.5646792113044907
0.5645177089859318
0.564365303868657
0.5642203115690605
0.5640814621050522
0.5639477737549683
0.5638184718900281
0.5636929347179211
0.5635706558231454
0.5634512175961839
0.5633342719363119
0.5632195259504867
0.5631067311599928
0.5629956752262958
0.5628861755230841
0.5627780740661487
0.5626712334841469
0.5625655337724079
0.5624608696567964
0.5623571484348098
0.5622542881930934
0.5621522163262455
0.5620508682942148
0.5619501865791795
0.5618501197991714
0.5617506219550161
0.5616516517857074
0.5615531722133822
0.5614551498652548
0.5613575546585972
0.5612603594399566
0.5611635396704368
0.5610670731492668
0.560970939771558
0.5608751213146165
0.5607796012491719
0.5606843645719357
0.5605893976569214
0.5604946881236416
0.5604002247187294
0.5603059972101184
0.5602119962931428
0.5601182135052702
0.5600246411499645
0.559931272227842
0.5598381003748277
0.5597451198060691
0.5596523252652194
0.5595597119785338
0.5594672756133688
0.5593750122400966
0.5592829182978876
0.5591909905632846
0.5590992261215979
0.5590076223407985
0.558916176848097
0.5588248875076524
0.558733752401095
0.5586427698090524
0.5585519381945091
0.5584612561875583
0.558370722571308
0.5582803362689661
0.5581900963319588
0.5581000019291582
0.558010052336631
0.5579202469286535
0.5578305851690367
0.5577410666033565
0.5576516908518727
0.5575624576025924
0.5574733666054159
0.5573844176664228
0.5572956106425164
0.557206945436784
0.5571184219940029
0.5570300402964464
0.5569418003602515
0.5568537022318861
0.5567657459847362
0.5566779317164705
0.5565902595460733
0.556502729611239
0.5564153420663541
0.5563280970798907
0.5562409948328253
0.5561540355165747
0.556067219331382
0.555980546484712
0.555894017189865
0.555807631664623
0.5557213901301137
0.5556352928095393
