0.19858242068825926
0.162685815714065
0.1390415665831524
0.12175981005219509
0.10839379657871961
0.09767170541305627
0.08884510675130726
0.08143636232771136
0.07512247280069467
0.06967524831988366
0.06492785153245409
0.06075487592342372
0.057059877957705424
0.05376725077084571
0.05081674539421998
0.048159669591784846
0.045756184919211934
0.043573343176962105
0.04158363299014588
0.03976388598744358
0.038094441348936636
0.036558499178959536
0.03514161400780122
0.03383129373336864
0.03261667890472978
0.031488283929524845
0.030437786513523007
0.029457855032587212
0.028542006003392725
0.0276844856349773
0.026880170793979714
0.026124485733002877
0.02541333170275729
0.02474302716033333
0.02411025674261053
0.02351202753004233
0.022945631404783992
0.022408612528495953
0.021898739139935855
0.02141397901368719
0.020952478033525276
0.0205125414265953
0.020092617277965297
0.019691282006551136
0.019307227533883187
0.018939249917360894
0.018586239254973855
0.018247170696549093
0.017921096419686103
0.017607138450500995
0.017304482222632787
0.01701237078613089
0.016730099586813086
0.016457011747792953
0.016192493792987074
0.01593597176264692
0.01568690767029755
0.015444796264389528
0.015209162055540248
0.014979556578291111
0.01475555585459643
0.014536758036168397
0.01432278119801933
0.014113261258577533
0.013907850007304927
0.013706213213948028
0.013508028803677307
0.013312985064970523
0.013120778883202145
0.012931113956033724
0.012743698981709864
0.012558245778349809
0.012374467289861947
0.012192075465145984
0.012010778919878671
0.011830280344866816
0.011650273565781593
0.011470440172342784
0.01129044552902654
0.011109934070963851
0.010928523580134929
0.010745798164845539
0.010561299470564842
0.010374515538786116
0.010184866410964617
0.009991685120502686
0.009794192412997489
0.009591461697224484
0.009382370105179868
0.00916552793530361
0.008939172306373415
0.008701003245127925
0.008447917504348508
0.008175546290838796
0.00787740196098843
0.007543128844097795
0.007154378181436922
0.00667278853741111
0.0059879175359953355
0.0059791337846660285
0.006650987851189202
0.0071168191968177755
0.007487497492656575
0.00780159861998221
0.00807759265493778
0.008325908714383684
0.008553071043814175
0.008763466562863547
0.00896019892044682
0.009145555287346842
0.009321275079374284
0.009488715440746703
0.009648958082851374
0.009802880631066083
0.009951206422083282
0.010094539214786143
0.010233388979356172
0.010368190778042718
0.010499319164442066
0.010627099099894202
0.010751814650398596
0.010873715668119208
0.010993023247712867
0.01110993407096384
0.011224623932356603
0.011337250707680721
0.01144795673080679
0.011556870807581911
0.011664109940130724
0.01176978072725939
0.011873980591754752
0.011976798829035544
0.012078317483476247
0.012178612139952203
0.012277752575815112
0.012375803362290699
0.01247282436155801
0.012568871179573454
0.012663995561030568
0.01275824574289007
0.01285166675789539
0.01294430071261963
0.013036187034730194
0.013127362694277068
0.013217862396444305
0.013307718765811981
0.013396962501971076
0.01348562252541489
0.013573726110782766
0.013661299004169777
0.013748365530925231
0.013834948696572626
0.013921070275644406
0.014006750893962045
0.014092010105555393
0.01417686646026791
0.014261337569489847
0.014345440162916123
0.014429190144228764
0.014512602641071853
0.01459569204988809
0.014678472079849628
0.014760955793489352
0.014843155641350128
0.014925083497439259
0.015006750692066641
0.015088168039474086
0.015169345867269248
0.015250294041812277
0.015331021991597815
0.015411538731446576
0.015491852882124759
0.015571972691096744
0.015651906050964132
0.015731660517086278
0.015811243323722253
0.015890661399507146
0.015969921382578196
0.01604902963370065
0.01612799224927958
0.016206815073633432
0.016285503711094232
0.016364063535954265
0.016442499703091997
0.016520817158141576
0.016599020646232785
0.016677114721171116
0.016755103753016455
0.016832991936701965
0.0169107832992332
0.016988481706546276
0.01706609087047358
0.0171436143551819
0.017221055583097118
0.01729841784101978
0.01737570428503707
0.017452917946450586
0.017530061736327793
0.017607138450501207
