0.28533944685947504
0.2595352137228004
0.24052128365165734
0.22548539798932685
0.21308065957810862
0.20255345929283108
0.1934359907285461
0.18541647361732455
0.17827611350940348
0.1718552225162743
0.16603358716320185
0.16071840963745138
0.15583654884259718
0.1513293350890911
0.14714899347860758
0.14325610995585264
0.13961779430031776
0.13620632148444733
0.13299810904157097
0.12997293528975876
0.1271133333388124
0.1244041154670823
0.12183199559443678
0.11938528653798113
0.1170536549588691
0.11482792130017548
0.11269989516226939
0.11066223884746376
0.10870835348656689
0.10683228341056744
0.1050286353712255
0.10329250992867965
0.10161944287183668
0.10000535496072398
0.09844650861005418
0.09693947039246588
0.09548107844493188
0.09406841402509104
0.09269877659503127
0.09136966191551293
0.09007874271902959
0.08882385159970989
0.08760296581507361
0.08641419374146789
0.08525576276376819
0.08412600841197836
0.08302336458407569
0.08194635471673614
0.08089358378421668
0.0798637310212752
0.07885554327917058
0.0778678289347607
0.07689945228193126
0.07594932834232233
0.075016418038684
0.07409972367945886
0.073198284707352
0.0723111736680514
0.07143749235757844
0.07057636810848174
0.06972695017577946
0.06888840618364153
0.06805991859281608
0.0672406811469874
0.06642989525326091
0.06562676624772695
0.06483049949138832
0.06404029623395552
0.06325534917325801
0.062474837625054264
0.06169792220162013
0.0609237388759662
0.06015139228107535
0.05937994805741921
0.058608424015071894
0.05783577981442383
0.05706090478682961
0.05628260340507998
0.055499577762037816
0.054710406207083416
0.053913516998326756
0.05310715541530952
0.05228934218130539
0.051457820169452266
0.05060998505725377
0.04974279358653171
0.04885263993021207
0.0479351855647579
0.04698511951671546
0.04599581105314492
0.04495879005339882
0.043862939087617396
0.04269317722928916
0.0414281878394283
0.04003619376290935
0.03846628631522982
0.03662797019582952
0.03433134402641192
0.03102710185192541
0.03098440787608507
0.034226862684631654
0.036449633551321296
0.038204053438113846
0.039681046714558445
0.040971705700069985
0.04212730753192408
0.043179857735119634
0.04415080748481318
0.04505530514680019
0.04590448508546712
0.04670679470029581
0.04746880972356475
0.04819575901092902
0.04889187554181505
0.04956063884689165
0.05020494708583894
0.050827242099408414
0.051429602168571203
0.05201381206983729
0.05258141683435
0.053133763592467666
0.05367203456302395
0.054197273362464674
0.054710406207083395
0.05521225916325187
0.055703572304912484
0.05618501142639214
0.05665717780425062
0.05712061638884034
0.057575822721842154
0.058023248812258794
0.058463308155103144
0.058896380039981974
0.059322813267673156
0.05974292937054283
0.060157025414868656
0.06056537644905795
0.06096823765054923
0.06136584621514809
0.061758423025347765
0.06214617412811469
0.06252929204789977
0.0629079569565589
0.06328233771867188
0.06365259282792597
0.06401887124799241
0.06438131316943717
0.06474005069262422
0.06509520844509288
0.06544690414094115
0.0657952490886334
0.06614034865283712
0.06648230267527921
0.06682120585885519
0.06715714811888165
0.06749021490471678
0.06782048749482164
0.06814804326776261
0.0684729559515474
0.0687952958533172
0.06911513007121677
0.06943252269013235
0.06974753496267992
0.07006022547683474
0.07037065031129755
0.07067886317973128
0.0709849155647598
0.07128885684260824
0.07159073439917825
0.07189059373820048
0.07218847858217814
0.07248443096663951
0.07277849132822053
0.073070698587112
0.07336109022421583
0.07364970235349615
0.07393656978981503
0.07422172611261796
0.07450520372577148
0.0747870339138074
0.07506724689484974
0.07534587187044765
0.07562293707252254
0.07589846980764461
0.07617249649879429
0.07644504272480313
0.07671613325760653
0.07698579209745882
0.07725404250625857
0.07752090703906908
0.07778640757397805
0.07805056534040526
0.07831340094591631
0.07857493440168155
0.0788351851466264
0.07909417207037234
0.07935191353502889
0.07960842739591834
0.07986373102127511
