0.017607138450501207
0.017684150774217013
0.017761101286190472
0.01783799246279685
0.017914826682519112
0.017991606228926316
0.018068333294974603
0.018145009986404136
0.018221638324556182
0.01829822025020326
0.018374757625946682
0.01845125223973938
0.018527705807236585
0.018604119974669486
0.018680496321230762
0.01875683636172168
0.018833141548956482
0.018909413275772873
0.01898565287733913
0.01906186163321252
0.01913804076945475
0.01921419146040196
0.019290314830443602
0.019366411956156748
0.019442483867621953
0.019518531550298708
0.01959455594636096
0.019670557956664052
0.019746538441624606
0.019822498223125252
0.019898438085632946
0.019974358777498497
0.02005026101220069
0.020126145469808978
0.02020201279772652
0.02027786361220971
0.020353698499142286
0.02042951801536505
0.020505322689428243
0.02058111302274125
0.020656889490365336
0.020732652542037232
0.02080840260302999
0.020884140074940837
0.02095986533652811
0.02103557874445308
0.021111280634177016
0.021186971320481647
0.021262651098403144
0.02133832024369885
0.02141397901368735
0.021489627647757446
0.02156526636811337
0.021640895380244402
0.021716514873517893
0.021792125021761297
0.02186772598394747
0.021943317904387995
0.022018900913492453
0.022094475128266396
0.022170040652594196
0.02224559757780678
0.022321145983198922
0.022396685936267428
0.02247221749330054
0.022547740699651875
0.022623255590231577
0.02269876218979227
0.022774260513329033
0.022849750566405
0.022925232345580703
0.023000705838629527
0.02307617102486255
0.02315162787551731
0.023227076354035807
0.02330251641626107
0.02337794801081009
0.023453371079362417
0.02352878555678769
0.02360419137161327
0.023679588446027713
0.023754976696297857
0.0238303560329473
0.023905726360945165
0.023981087579969574
0.02405643958456511
0.024131782264455472
0.024207115504572427
0.0242824391853991
0.02435775318308219
0.02443305736962175
0.02450835161305822
0.02458363577759278
0.024658909723823785
0.02473417330885205
0.024809426386468988
0.024884668807269663
0.02495990041884979
0.025035121065829502
0.02511033059014246
0.025185528831090445
0.025260715625419396
0.02533589080752859
0.02541105420959534
0.02548620566157977
0.025561344991437605
0.025636472025216232
0.025711586587143963
0.025786688499696415
0.025861777583776856
0.02593685365871815
0.026011916542455046
0.02608696605157586
0.02616200200141494
0.026237024206116864
0.026312032478773364
0.02638702663141751
0.02646200647521584
0.02653697182039513
0.026611922476477163
0.02668685825220157
0.02676177895568572
0.0268366843944773
0.0269115743755624
0.02698644870549356
0.027061307190425342
0.02713614963614156
0.02721097584815144
0.027285785631726695
0.0273605787919801
0.027435355133834927
0.02751011446217542
0.027584856581815118
0.027659581297612857
0.027734288414450182
0.02780897773730221
0.027883649071283257
0.027958302221685834
0.028032936993996064
0.028107553193956216
0.028182150627618387
0.02825672910132174
0.028331288421771395
0.028405828396039223
0.02848034883164218
0.028554849536525182
0.028629330319094506
0.028703790988283125
0.02877823135353916
0.028852651224861248
0.028927050412852196
0.02900142872867434
0.029075785984152034
0.029150121991761493
0.02922443656460785
0.029298729516524725
0.029373000662058744
0.029447249816460724
0.02952147679575253
0.029595681416690164
0.029669863496856273
0.02974402285459571
0.029818159309069663
0.029892272680310035
0.029966362789130854
0.03004042945723836
0.030114472507210912
0.030188491762502715
0.030262487047437864
0.030336458187299607
0.030410405008233006
0.030484327337346684
0.0305582250026575
0.030632097833146053
0.03070594565875594
0.03077976831038129
0.030853565619868403
0.030927337420084834
0.031001083544845466
0.031074803828993084
0.031148498108323056
0.031222166219681585
0.031295808000902564
0.03136942329083239
0.03144301192934587
0.03151657375735133
0.031590108616776184
0.031663616350568656
0.03173709680273538
0.03181054981832061
0.031883975243393536
0.03195737292508925
0.03203074271158019
0.032104084452099
0.0321773979969124
0.032250683197358986
0.0323239399058417
0.03239716797578282
0.032470367261696
0.03254353761913567
0.03261667890472955
0.03268979097616337
0.0327628736921596
0.03283592691252428
0.032908950498125776
0.03298194431085993
0.03305490821371852
0.033127842070726714
0.033200745746984145
0.03327361910861075
0.03334646202283183
0.03341927435788122
0.033492055983057094
0.033564806768729284
0.03363752658629267
0.03371021530817372
0.03378287280788602
0.03385549895994939
0.03392809363993118
0.03400065672443278
0.034073188091109596
0.034145687618619615
0.03421815518667502
0.03429059067599777
0.034362993968332575
0.034435364946456395
0.03450770349415211
0.03458000949622546
0.034652282838479015
0.034724523407744026
0.03479673109183016
0.03486890577956753
0.034941047360761576
0.03501315572624143
0.035085230767795766
0.03515727237821096
0.03522928045125777
0.03530125488168762
0.03537319556521037
0.03544510239851255
0.03551697527925723
0.035588814106058374
0.035660618778487335
0.035732389197075234
0.03580412526329348
0.035875826879561416
0.0359474939492539
0.0360191263766533
0.036090724066993145
0.036162286926437505
0.036233814862060565
0.036305307781869814
0.036376765594762855
0.03644818821057063
0.03651957554002436
0.036590927494747634
0.036662243987264524
0.03673352493099397
0.03680477024022842
0.036875979830168416
0.036947153616856444
0.0370182915172427
0.03708939344911974
0.0371604593311623
0.03723148908288719
0.03730248262467343
0.037373439877756216
0.03744436076420055
0.03751524520691923
0.037586093129669665
0.03765690445701759
0.037727679114378555
0.037798417027965166
0.03786911812482505
0.0379397823328171
0.03801040958058213
0.03808099979759762
0.038151552914117724
0.03822206886118716
0.03829254757065133
0.03836298897512285
0.03843339300801278
0.038503759603485774
0.03857408869648749
0.038644380222727856
0.03871463411866102
0.03878485032151553
0.03885502876925776
0.03892516940061023
0.0389952721550206
0.03906533697268484
0.03913536379452313
0.03920535256218602
0.0392753032180527
0.03934521570520847
0.03941508996745486
0.03948492594929836
0.039554723595960614
0.039624482853349935
0.03969420366807679
0.039763885987443424
0.039833529759425404
0.039903134932688114
0.039972701456569816
0.040042229281091045
0.04011171835692796
0.04018116863542668
0.04025058006858233
0.040319952609054674
0.04038928621014335
0.04045858082580755
0.040527836410640415
0.04059705291985957
0.04066623030933317
0.040735368535551666
0.04080446755561837
0.04087352732727347
0.04094254780886286
0.04101152895934333
0.04108047073827538
0.041149373105829716
0.04121823602277462
0.04128705945046132
0.041355843350843066
0.041424587686449625
0.041493292420406926
0.04156195751640138
0.04163058293869858
0.0416991686521441
0.04176771462213284
0.041836220814627983
0.041904687196154325
0.041973113733781674
0.04204150039514017
0.04210984714839274
0.04217815396224915
0.04224642080595935
0.0423146476493095
0.04238283446260726
0.042450981216690095
0.042519087882920116
0.042587154433171084
0.04265518083984445
0.0427231670758377
0.042791113114567424
0.04285901892993976
0.04292688449637991
0.042994709788792655
0.04306249478258166
0.043130239453635456
0.04319794377834055
0.04326560773354407
0.043333231296591994
0.043400814445289315
0.04346835715792087
0.04353585941323612
0.043603321190444765
0.043670742469225636
0.04373812322970775
0.04380546345247186
0.0438727631185534
0.04394002220943807
0.044007240707048756
0.0440744185937454
0.04414155585232932
0.044208652466043094
0.04427570841854348
0.044342723693924724
0.04440969827670395
0.044476632151809824
0.044543525304602
0.04461037772084279
0.04467718938670913
0.04474396028878482
0.04481069041406292
0.04487737974993207
0.044944028284177984
0.04501063600498807
0.045077202900936704
0.045143728960991246
0.04521021417449666
0.04527665853119697
0.04534306202119644
0.04540942463499011
0.04547574636344366
0.045542027197795446
0.04560826712964664
0.045674466150972974
0.04574062425410009
0.04580674143172491
0.04587281767689924
0.0459388529830246
0.046004847343855904
0.04607080075349824
0.04613671320639672
0.04620258469734581
0.046268415221482576
0.04633420477427091
0.04639995335151895
0.0464656609493608
0.046531327564268525
0.04659695319303662
0.046662537832774666
0.04672808148092846
0.046793584135258484
0.04685904579383889
0.04692446645506062
0.04698984611761929
0.04705518478053041
0.047120482443110984
0.04718573910497788
0.04725095476605688
0.047316129426565205
0.04738126308702629
0.04744635574824901
0.047511407411339086
0.047576418077687956
0.047641387748980156
0.04770631642717749
0.047771204114528024
0.04783605081356212
0.0479008565270862
0.04796562125817993
0.04803034501019881
0.0480950277867703
0.04815966959178459
0.048224270429404435
0.04828883030405723
0.0483533492204283
0.04841782718346814
0.048482264198380184
0.048546660270625035
0.04861101540591836
0.04867532961022492
0.04873960288976177
0.048803835250987464
0.04886802670061438
0.04893217724559275
0.04899628689311227
0.049060355650605424
0.04912438352573994
0.04918837052641709
0.049252316660774446
0.04931622193717522
0.04938008636422019
0.04944390995073323
0.04950769270575811
0.04957143463856614
0.049635135758654025
0.04969879607573331
0.0497624155997335
0.04982599434079712
0.04988953230928878
0.049953029515780005
0.050016485971046944
0.05007990168608538
0.05014327667208902
0.050206610940461624
0.05026990450280995
0.05033315737093302
0.050396369556842215
0.050459541072739714
0.050522671931023895
0.0505857621442873
0.05064881172531792
0.050711820687092284
0.05077478904277849
0.05083771680573148
0.05090060398948709
0.050963450607773395
0.0510262566744953
0.0510890222037415
0.05115174720978354
0.05121443170705982
0.05127707571019974
0.05133967923399498
0.051402242293415654
0.051464764903605006
0.05152724707987426
0.051589688837701646
0.05165209019273653
0.051714451160786955
0.05177677175783696
0.05183905200001875
0.05190129190363676
0.051963491485146424
0.05202565076117075
0.052087769748482275
0.05214984846401046
0.0522118869248411
0.052273885148209465
0.05233584315150223
0.052397760952253514
0.05245963856815777
0.05252147601703824
0.05258327331687693
0.052645030485794685
0.05270674754206044
0.05276842450407523
0.052830061390388636
0.05289165821968407
