0.0032482335936067936
0.003268422741801439
0.0032886323085011167
0.003308858313971693
0.0033291019035183453
0.0033493639605584402
0.003369643203186364
0.0033899394853300906
0.003410253545281476
0.0034305842580383164
0.0034509322811245046
0.0034712958235725124
0.0034916770253771703
0.0035120734514355618
0.0035324870287134938
0.0035529161619505
0.0035733607079969708
0.003593821084560528
0.0036142970724409216
0.0036347884413432193
0.0036552944795233805
0.00367581551666356
0.0036963513494435215
0.003716902211960999
0.0037374670055234397
0.003758045995068689
0.0037786393773259356
0.0037992465460965647
0.0038198673194720038
0.0038405018630402275
0.0038611496292254273
0.0038818107663680314
0.003902485069421969
0.003923172045307206
0.003943872099548021
0.003964584738802533
0.003985309780870311
0.004006047046415594
0.004026796604415987
0.00404755825729836
0.00406833159126474
0.004089116877616237
0.004109913706721083
0.004130721902860739
0.004151541298413557
0.004172372104717494
0.004193213759219389
0.004214066457816168
0.0042349298462435
0.004255803759339898
0.0042766883586092055
0.004297583150144963
0.00431848843136586
0.004339403585151979
0.004360328887358655
0.004381264028862322
0.004402208853855002
0.004423163462737642
0.004444127561766992
0.004465101000519369
0.004486083743571365
0.004507075750426095
0.00452807686249122
0.004549086821608697
0.004570105693502444
0.004591133425199217
0.0046121696705778426
0.004633214575615137
0.00465426789829615
0.004675329586931804
0.004696399585092764
0.00471747766704801
0.004738563862038538
0.004759658107862248
0.004780760187321519
0.004801870044160407
0.004822987691221143
0.004844112919726983
0.004865245739612752
0.004886385949828496
0.004907533622345695
0.0049286885592580805
0.004949850698308874
0.004971020034699785
0.004992196440606658
0.0050133797914895615
0.005034570079885728
0.005055767236671514
0.005076971192624106
0.005098181826340328
0.005119399071208397
0.005140622909924019
0.0051618532236717375
0.005183090038414812
0.005204333189782207
0.00522558261101905
0.005246838321374426
0.005268100206258901
0.005289368237814847
0.005310642304613018
0.005331922417645544
0.005353208465861603
0.005374500380244219
0.0053957981663443864
0.005417101752207974
0.005438411031322641
0.005459726005197626
0.005481046636352527
0.005502372819946855
0.005523704552405978
0.005545041730521166
0.005566384379417559
0.00558773239650865
0.005609085742500206
0.005630444406226871
0.005651808316140191
0.005673177431016212
0.005694551708171389
0.005715931104639152
0.005737315577189717
0.005758705082496024
0.005780099601010235
0.005801499087634171
0.005822903472562652
0.005844312758732987
0.0058657268762334095
0.005887145824688147
0.005908569534362509
0.005929997959029906
0.005951431116407359
0.005972868936620473
0.005994311372277102
0.006015758436631175
0.0060372100404418975
0.006058666214037831
0.006080126869038122
0.006101592013453978
0.006123061597365306
0.006144535589353303
0.006166013975366871
0.006187496705102586
0.006208983779900144
0.0062304751487152425
0.006251970793970619
0.006273470681020805
0.006294974790856713
0.006316483087867189
0.0063379955667404175
0.006359512175740063
0.00638103290801943
0.0064025577406266
0.006424086635755502
0.006445619569864871
0.006467156532477528
0.006488697498135045
0.006510242440986411
0.0065317913348156165
0.006553344165813599
0.006574900906466445
0.006596461541483514
0.006618026054423069
0.006639594404224418
0.006661166585702535
0.0066827425804144355
0.0067043223694252755
0.006725905921866021
0.006747493228846599
0.006769084269775622
0.006790679023112797
0.006812277467212406
0.006833879600531713
0.006855485389366523
0.006877094820619395
0.006898707880005219
0.006920324542899954
0.006941944803731943
0.006963568636571889
0.006985196034155795
0.00700682696972842
0.007028461434680444
0.0070500994192139775
0.007071740886353504
0.007093385842846519
0.007115034268069288
0.007136686141324406
0.007158341449458723
0.00718000017891968
0.007201662315432206
0.007223327851998838
0.007244996757254686
0.007266669038355178
0.007288344663246433
0.007310023629769721
0.007331705912751353
0.007353391515743138
0.007375080412418999
0.007396772597689249
0.007418468051405208
0.007440166767017213
0.007461868723530981
0.007483573919788921
0.007505282333680309
0.007526993955999363
0.007548708783169795
0.007570426785455078
0.007592147964365121
0.007613872301896588
0.007635599791774544
0.007657330420894088
0.007679064169936547
0.007700801036468808
0.007722541000278759
0.0077442840632294474
0.0077660302039249925
0.0077877794118388155
0.007809531675733902
0.007831286989340519
0.00785304533493781
0.00787480670505072
0.007896571091460735
0.00791833848019845
0.007940108861852872
0.007961882226522247
0.007983658558782544
0.008005437852567247
0.00802722009625758
0.008049005277768223
0.008070793389189
0.008092584422034593
0.008114378358068568
0.008136175196862744
0.008157974919198934
0.008179777519001546
0.008201582989457702
0.00822339131449253
0.008245202486288523
0.00826701649637218
0.008288833331617852
0.008310652986582246
0.008332475447225854
0.008354300702992137
0.008376128746931197
0.008397959567439562
0.008419793156471572
0.008441629501565632
0.00846346859736857
0.008485310426669163
0.008507154986947438
0.008529002263796553
0.008550852246258393
0.008572704929999994
0.008594560302914792
0.008616418356117213
0.008638279076683124
0.008660142454806934
0.008682008486900346
0.00870387715871616
0.008725748459041546
0.008747622379499774
0.008769498911234555
0.00879137804802669
0.008813259773671285
0.008835144081181108
0.008857030959788445
0.008878920404598225
0.008900812400885904
0.008922706939808154
0.008944604011904512
0.008966503610352904
0.008988405721853396
0.009010310338700532
0.009032217449725106
0.009054127046317691
0.00907603911927484
0.00909795365635295
0.009119870650366789
0.009141790090893132
0.009163711969869648
0.009185636273454634
0.009207562995389778
0.009229492123744657
0.009251423651337423
0.00927335756547779
0.009295293858200314
0.009317232518617663
0.009339173540351756
0.009361116909254107
0.009383062615807495
0.009405010652405727
0.009426961008717153
0.009448913673972222
0.009470868639425627
0.009492825893631181
0.009514785429351759
0.009536747234391596
0.009558711298522655
0.009580677611167166
0.009602646165753221
0.00962461695093924
0.009646589955074633
0.009668565170455926
0.009690542584754823
0.009712522189535463
0.00973450397388708
0.00975648792661626
0.009778474042312154
0.00980046230503387
0.0098224527086009
0.009844445242461815
0.009866439893820588
0.009888436655413616
0.009910435515753394
0.009932436464955697
0.009954439492784557
0.00997644458872037
0.009998451743800232
0.010020460944981277
0.010042472184536149
0.010064485450682472
0.01008650073493955
0.010108518024970817
0.010130537311665288
0.010152558583911666
0.010174581831967934
0.010196607044091293
0.010218634211679865
0.010240663322448175
0.010262694368821995
0.010284727337972182
0.010306762218416577
0.010328799001715369
0.010350837677456228
0.010372878234964291
0.01039492066171353
0.010416964949599115
0.010439011085620349
0.010461059062656923
0.010483108865608945
0.010505160486802752
0.010527213916748605
0.010549269141125665
0.010571326151434282
0.010593384935898176
0.01061544548541797
0.010637507787719195
0.010659571833159626
0.010681637610434714
0.010703705109376547
0.010725774318181861
0.010747845226179909
0.010769917822504926
0.010791992096030049
0.01081406803808711
0.01083614563435769
0.0108582248770386
0.010880305752720762
0.010902388253087786
0.010924472364277016
0.010946558077506507
0.010968645381085567
0.010990734264432783
0.011012824715453041
0.011034916724374278
0.011057010279908122
0.011079105369346483
0.011101201984689288
0.011123300111568287
0.01114539974152454
0.011167500862245173
0.011189603463581305
0.0112117075328093
0.011233813059401016
0.011255920032596829
0.01127802844139939
0.011300138274620893
0.011322249520916271
0.011344362167541396
0.011366476206148847
0.011388591623629646
0.011410708408964665
0.011432826552014904
0.011454946040263494
0.011477066862103712
0.011499189007914211
0.011521312465685872
0.011543437223272434
0.0115655632704626
0.011587690595791494
0.011609819186584583
0.011631949034134136
0.011654080124363832
0.011676212447217236
0.01169834599233673
0.011720480746248166
0.011742616699280953
0.01176475383861585
0.011786892154255291
0.011809031633998577
0.01183117226655811
0.01185331404134058
0.011875456944792858
0.011897600967929748
0.011919746097812076
0.011941892323259531
0.011964039632908721
0.011986188016137649
0.012008337460379239
0.012030487953820083
0.012052639486296599
0.01207479204566327
0.012096945620577325
0.012119100199504358
0.012141255770799962
0.012163412322649638
0.01218556984482397
0.012207728324397562
0.012229887750008198
0.012252048110989825
0.01227420939568635
0.012296371591476242
0.012318534688123585
0.012340698673568006
0.01236286353565244
0.012385029264508653
0.012407195846882485
0.012429363271848968
0.012451531528339587
0.012473700604319456
0.012495870487701264
0.012518041167796454
0.01254021263302645
0.01256238487167403
0.012584557871918313
0.012606731621829329
0.012628906110848171
0.012651081326807508
0.01267325725892062
0.01269543389403101
0.01271761122187429
0.012739789231273528
0.012761967908801594
0.012784147244539428
0.0128063272262698
0.012828507843117898
0.01285068908197464
0.012872870933135027
0.012895053383984726
0.012917236423230132
0.012939420038735093
0.012961604219675104
0.012983788954426935
0.013005974231255707
0.013028160038344701
0.013050346365110405
0.013072533198873386
0.01309472052817727
0.013116908342166785
0.013139096629183286
0.013161285377482687
0.01318347457527201
0.013205664211266385
0.013227854274105527
0.013250044752341244
0.013272235634425941
0.013294426908108524
0.013316618562301928
0.013338810586434519
0.013361002967402688
0.013383195695053899
0.013405388756772628
0.0134275821422115
0.013449775839189758
0.01347196983661435
0.013494164122117526
0.013516358685067663
0.013538553514122089
0.013560748597279838
0.013582943923663906
0.013605139481127217
0.013627335258615836
0.01364953124497923
0.013671727428454834
0.013693923797752588
0.013716120340953625
0.013738317047744536
0.013760513905529077
0.01378271090328666
0.0138049080304709
0.013827105274297842
0.013849302624628348
0.013871500069627965
0.013893697597942086
0.013915895198137202
0.013938092858742599
0.01396029056924527
0.013982488316998774
0.014004686091901154
0.014026883882204027
0.014049081676125532
0.014071279463360967
0.014093477232007089
