0.005408328259277239
0.005615184127349545
0.0058293355723332985
0.006051007326817426
0.006280429300846071
0.006517836607977058
0.006763469586086894
0.007017573812872817
0.007280400115606756
0.007552204575090496
0.007833248523407279
0.00812379853549194
0.008424126413873117
0.008734509166952089
0.009055228980038575
0.009386573179320158
0.00972883418844377
0.010082309477534874
0.01044730150450304
0.010824117648409369
0.011213070134935027
0.011614475953515627
0.01202865676638486
0.012455938809041202
0.012896652782420377
0.013351133736347245
0.013819720944521802
0.01430275777072345
0.014800591526404012
0.015313573319536627
0.015842057894754184
0.01638640346486949
0.016946971533711313
0.01752412671029649
0.018118236514667607
0.018729671175110835
0.019358803417170105
0.020006008244416857
0.020671662711171126
0.021356145687289285
0.02205983761528166
0.022783120259803127
0.02352637644988083
0.024289989813991816
0.025074344508232448
0.02587982493789777
0.026706815472684164
0.02755570015576861
0.028426862407102786
0.02932068472126944
0.030237548360020003
0.03117783304012462
0.03214191661656397
0.033130174761659185
0.034142980640295
0.035180704581819905
0.03624371374869386
0.037332371802684394
0.03844703856856632
0.03958806969598474
0.04075581631985087
0.04195062471958489
0.04317283597771881
0.04442278563812903
0.04570080336454634
0.04700721259948039
0.04834233022420687
0.049706466220075844
0.051099923331690444
0.052522996732253795
0.053975973691584696
0.055459133247142973
0.05697274587858722
0.0585170731861198
0.060092367573151215
0.061698871933590596
0.06333681934424808
0.06500643276262612
0.06670792473056067
0.06844149708407693
0.07020734066976703
0.07200563506811333
0.07383654832409492
0.07570023668535047
0.077596844348352
0.0795265032127722
0.08148933264447324
0.0834854392473135
0.0855149166441712
0.08757784526736845
0.08967429215877877
0.0918043107799435
0.09396794083232542
0.09616520808802727
0.09839612423112172
0.10066068670984817
0.1029588785997828
0.10529066847828991
0.10765601031028935
0.11005484334552142
0.11248709202750204
0.11495266591420485
0.11745145961061579
0.11998335271328137
0.12254820976681284
0.12514588023256812
0.1277761984693987
0.1304389837266397
0.13313404014922048
0.13586115679499705
0.13862010766426297
0.14141065174142076
0.14423253304872813
0.1470854807121345
0.14996920903908595
0.15288341760825158
0.15582779137102892
0.1588020007647863
0.16180570183762957
0.16483853638465276
0.16790013209543983
0.17099010271272325
0.17410804820197143
0.17725355493174685
0.18042619586463315
0.18362553075852625
0.18685110637805896
0.1901024567159044
0.19337910322381108
0.19668055505297394
0.20000630930360552
0.2033558512833871
0.20672865477449798
0.21012418230899343
0.21354188545217687
0.21698120509370625
0.2204415717461073
0.22392240585038845
0.22742311808841278
0.23094310970171517
0.23448177281646068
0.23803849077413455
0.24161263846770095
0.24520358268282683
0.2488106824438633
0.25243328936420545
0.2560707480006885
0.25972239621167525
0.2633875655184576
0.2670655814696252
0.27075576400805884
0.27445742784016913
0.2781698828070246
0.28189243425704713
0.2856243834198602
0.2893650277810148
0.29311366145717566
0.29686957557145743
0.30063205862856357
0.3044003968893909
0.30817387474473673
0.3119517750878346
0.3157333796853269
0.3195179695464133
0.3233048252898203
0.3270932275082971
0.3308824571303416
0.33467179577885187
0.33846052612642064
0.34224793224698735
0.346033299963572
0.3498159171918348
0.35359507427919684
0.3573700643392612
0.3611401835813215
0.36490473163469556
0.36866301186767864
0.37241433170089167
0.37615800291482704
0.3798933419513917
0.38361967020925525
0.3873363143328378
0.3910426064947514
0.39473788467156373
0.39842149291270246
0.4020927816023927
0.4057511077144709
0.4093958350599806
0.4130263345274138
0.4166419843155322
0.42024217015863696
0.4238262855442416
0.42739373192305374
0.4309439189112172
0.434476264484753
0.43799019516616255
0.4414851462031534
0.4449605617394661
0.44841589497778456
0.451850608334718
0.4552641735878676
0.45865607201496694
0.46202579452513104
0.46537284178223953
0.4686967243204643
0.47199696265201274
0.47527308736711105
0.47852463922629673
0.4817511692450746
0.4849522387710026
0.48812741955329697
0.4912762938050139
0.4943984542579233
0.49749350421013877
0.500561057566626
0.5036007388726761
0.5066121833404599
0.5095950368687824
0.5125489560561323
0.515473608207179
0.5183686713328173
0.5212338341439007
0.5240687960387955
0.5268732670848882
0.5296469679941849
0.5323896300931462
0.5351009952869055
0.5377808160179973
0.5404288552197776
0.5430448862646453
0.5456286929072522
0.5481800692228258
0.5506988195407791
0.553184758373746
0.555637710342203
0.5580575100948407
0.5604440022248209
0.5627970411820941
0.5651164911819184
0.5674022261097473
0.569654129422625
0.5718720940472587
0.574056022274906
0.5762058256532434
0.578321424875353
0.5804027496659847
0.5824497386652365
0.584462339309807
0.5864405077119518
0.5883842085362987
0.590293414874653
0.5921681081189382
0.594008277832403
0.5958139216192316
0.5975850449926912
0.5993216612419378
0.6010237912976177
0.6026914635963834
0.6043247139444445
0.6059235853802751
0.6074881280365961
0.6090183990017403
0.6105144621805176
0.611976388154682
0.6134042540431123
0.6147981433618035
0.6161581458837684
0.6174843574989548
0.6187768800742559
0.6200358213137196
0.6212612946190382
0.6224534189504004
0.6236123186877963
0.6247381234928453
0.6258309681712255
0.6268909925357845
0.6279183412703946
0.62891316379462
0.6298756141292682
0.6308058507628773
0.6317040365192104
0.6325703384257999
0.6334049275836108
0.6342079790378621
0.6349796716500601
0.635720187971292
0.6364297141168189
0.63710843964201
0.6377565574196645
0.6383742635187435
0.6389617570845609
0.6395192402204544
0.6400469178709725
0.6405449977066011
0.6410136900100591
0.6414532075641819
0.6418637655414172
0.642245581394951
0.642598874751484
0.6429238673056683
0.6432207827162255
0.6434898465037506
0.6437312859502192
0.6439453300002034
0.6441322091638005
0.6442921554212868
0.6444254021294973
0.6445321839299292
0.6446127366585812
0.6446672972575207
0.644696103688176
0.6446993948463592
0.6446774104790121
0.6446303911026628
0.6445585779236047
0.6444622127597694
0.6443415379643057
0.644196796350841
0.6440282311204232
0.6438360857901311
0.6436206041233401
0.6433820300616323
0.6431206076583383
0.6428365810136971
0.6425301942116185
0.6422016912580333
0.6418513160208221
0.6414793121712927
0.6410859231272047
0.6406713919973155
0.6402359615274336
0.639779874047958
0.6393033714228926
0.6388066950003046
0.6382900855642253
0.6377537832879565
0.6371980276887758
0.6366230575840155
0.6360291110484952
0.6354164253732907
0.6347852370258164
0.634135781611202
0.6334682938349439
0.6327830074668079
0.6320801553059672
0.6313599691473486
0.630622679749174
0.6298685168016676
0.629097708896918
0.6283104834998641
0.6275070669203922
0.6266876842865206
0.6258525595186506
0.6250019153048605
0.6241359730772338
0.6232549529891849
0.622359073893773
0.6214485533229825
0.6205236074679492
0.6195844511601077
0.6186312978532487
0.6176643596064617
0.616683847067944
0.6156899694596567
0.6146829345628113
0.6136629487041647
0.6126302167431058
0.6115849420595153
0.610527326542381
0.6094575705791456
0.6083758730457813
0.6072824312975574
0.6061774411604963
0.6050610969234964
0.6039335913311032
0.6027951155769169
0.6016458592976115
0.6004860105675603
0.5993157558940457
0.5981352802130326
0.5969447668855024
0.595744397694322
0.5945343528416377
0.5933148109467756
0.5920859490446402
0.5908479425845904
0.5896009654297825
0.5883451898569654
0.5870807865567174
0.5858079246341024
0.5845267716097466
0.5832374934213111
0.5819402544253501
0.5806352173995493
0.5793225435453236
0.5780023924907678
0.5766749222939462
0.5753402894465123
0.5739986488776423
0.5726501539582799
0.5712949565056726
0.5699332067881968
0.5685650535304536
0.567190643918636
0.5658101236061447
0.5644236367194554
0.5630313258642184
0.5616333321315892
0.5602297951047727
0.5588208528657835
0.5574066420024011
0.5559872976153206
0.5545629533254911
0.5531337412816235
0.5516997921678752
0.5502612352116913
0.5488181981918001
0.547370807446359
0.5459191878812362
0.5444634629784266
0.5430037548045973
0.5415401840197466
0.5400728698859829
0.5386019302764063
0.537127481684095
0.535649639231184
0.5341685166780368
0.5326842264324995
0.5311968795592337
0.5297065857891238
0.5282134535287529
0.5267175898699421
0.5252191005993492
0.5237180902081193
0.522214661901589
0.520708917609032
0.5192009579934482
0.5176908824613888
0.516178789172812
0.5146647750509726
0.5131489357923313
0.5116313658764886
0.5101121585761365
0.508591405967021
0.5070691989379227
0.5055456272006373
0.5040207792999659
0.502494742623705
0.5009676034126368
0.49943944677051283
0.49791035667403377
0.4963804159828166
0.4948497064493531
0.4933183087289503
0.49178630238965804
0.49025376592217323
0.48872077674972575
0.48718741123793996
0.48565374470466915
0.4841198514298056
0.48258580466505774
0.48105167664369897
0.47951753859028146
0.47798346073031517
0.4764495122999127
0.47491576155539383
0.4733822757828521
0.47184912130767936
0.4703163635040496
0.4687840668043577
0.4672522947086154
0.46572110979379877
0.46419057372315065
0.46266074725543416
0.4611316902541369
0.4596034616966246
0.45807611968324474
0.4565497214463772
0.4550243233594319
0.4534999809457928
0.4519767488877091
0.4504546810351278
0.4489338304144744
0.4474142492373744
0.44589598890931803
0.4443791000382686
0.4428636324432122
0.441349635162647
0.4398371564630169
0.4383262438470826
0.4368169440622338
0.4353093031087423
0.43380336624795257
0.4322991780104126
0.4307967822039433
0.42929622192164757
0.42779753954985533
0.4263007767760095
0.4248059745964886
0.42331317332436696
0.4218224125971145
