0.45377685309952087
0.34232217767043055
0.27432786109465024
0.22749727778839213
0.1929693389707478
0.1663585998019167
0.14519476559532718
0.12796096676673535
0.11366613928629868
0.10163159108297651
0.09137504598548332
0.08254340302743292
0.0748716703231651
0.06815680079578226
0.06224042432763091
0.05699710610603247
0.0523261553951427
0.048145782547097754
0.04438884888676171
0.04099972136243625
0.03793190866784251
0.03514625995648269
0.03260957502637402
0.03029351977694668
0.028173771107529902
0.026229336318084648
0.024442006676664997
0.022795915176841396
0.021277175955668283
0.01987358826332388
0.018574391866555327
0.017370063737735333
0.016252148113226932
0.015213113697442954
0.014246233083933076
0.013345480463516662
0.012505444465941006
0.011721253588405249
0.010988512143575928
0.010303245038872817
0.009661850001722858
0.009061056108443318
0.008497887670435533
0.007969632690243367
0.007473815229362165
0.007008171136017415
0.006570626667947107
0.006159279617397069
0.00577238260500087
0.005408328259280065
0.005065636039405326
0.0047429404942137075
0.004438980779299072
0.004152591278989035
0.0038826932008372353
0.003628287027888444
0.003388445729366341
0.0031623086430440407
0.002949075953999818
0.002748003703519966
0.0025583992705248033
0.0023796172746195577
0.0022110558561728886
0.0020521532940654666
0.0019023849263764235
0.0017612603431261071
0.0016283208239933106
0.0015031369967398417
0.0013853066947137325
0.0012744529945267623
0.0011702224164491428
0.0010722832726694342
0.000980324149227808
0.000894052509896899
0.0008131934106996269
0.0007374883152621091
0.0006666940020618444
0.0006005815557256493
0.0005389354350760283
0.00048155261126073983
0.0004282417704437123
0.0003788225753251739
0.0003331249810490978
0.00029098860079202567
0.0002522621175760489
0.00021680273806153196
0.00018447568589752256
0.00015515373102105505
0.00012871675271767082
0.00010505133409499618
0.00008405038566353321
0.00006561279654655625
0.000049643111804208455
0.00003605123449400746
0.000024752152183801845
0.000015665687550184694
8.716274267948036e-6
3.832761102591096e-6
9.482513516510136e-7
0
9.294722984054868e-7
3.6824066989727013e-6
8.208184150985415e-6
0.000014459280348715608
0.00002239092040316761
0.000031960810375337634
0.000043128914090160374
0.0000558572618852744
0.00007010978364730848
0.00008585216099822978
0.00010305169566575214
0.00012167719103856295
0.00014169884547248596
0.0001630881554761918
0.00018581782760774212
0.0002098616982163395
0.000235194659888551
0.00026179259409880656
0.0002896323093499484
0.00031869148415664757
0.0003489486145689313
0.00038038296566533824
0.0004129745267677337
0.00044670396987627945
0.0004815526112694937
0.0005175023757194883
0.0005545357634076866
0.0005926358190445375
0.0006317861030958871
0.000671970665117096
0.0007131740186977096
0.0007553811182308746
0.0007985773370727874
0.0008427484472301402
0.0008878806002765268
0.0009339603094623522
0.0009809744330695723
0.0010289101586277933
0.0010777549882108528
0.0011274967245710134
0.0011781234581197501
0.001229623554699518
0.0012819856440313745
0.0013351986088251016
0.0013892515745913235
0.001444133899893351
0.0014998351672902781
0.0015563451747093756
0.0016136539272426755
0.0016717516294857656
0.001730628678228342
0.0017902756555496545
0.0018506833222391703
0.0019118426116440136
0.001973744623698255
0.0020363806194011805
0.0020997420154578407
0.0021638203792235357
0.0022286074239202466
0.0022940950040400655
0.00236027511102085
0.002427139869041006
0.002494681531112256
0.0025628924752705206
0.0026317652009788164
0.002701292325711508
0.0027714665815998735
0.0028422808123743258
0.00291372797025782
0.0029858011131482223
0.003058493401859692
0.003131798097434223
0.003205708558636982
0.0032802182395415824
0.0033553206871254748
0.003431009539090326
0.0035072785216950352
0.00358412144765298
0.0036615322141850164
0.0037395048010375187
0.0038180332686995255
0.003897111756593484
0.0039767344813607984
0.004056895735165788
0.004137589884187851
0.004218811367003094
0.004300554693151066
0.0043828144416265275
0.004465585259560652
0.004548861860844336
0.004632639024808425
0.004716911595018455
0.00480167447795979
0.0048869226419796675
0.004972651116044415
0.005058854988660421
0.005145529406804888
0.005232669574862996
0.005320270753618314
0.005408328259277239
