0.004773184105307809
0.004941065599450801
0.005114098205414867
0.005292405949744805
0.005476114411677797
0.005665350682459323
0.005860243321737058
0.006060922310998987
0.006267519004024384
0.006480166074319839
0.006698997459522352
0.00692414830275196
0.007155754890906588
0.00739395458989482
0.007638885776810827
0.007890687769059743
0.008149500750452683
0.008415465694291805
0.00868872428347817
0.008969418827678856
0.009257692177598309
0.009553687636406669
0.009857548868383088
0.010169419804842598
0.010489444547418712
0.010817767268783696
0.01115453211089568
0.011499883080865365
0.011853963944547317
0.012216918117962217
0.012588888556666768
0.012970017643190591
0.013360447072669202
0.013760317736804514
0.014169769606290763
0.014588941611848469
0.01501797152401485
0.015456995831839626
0.01590614962064337
0.016365566448995863
0.016835378225074485
0.017315715082567292
0.0178067052562852
0.01830847495765041
0.018821148250227897
0.01934484692546857
0.019879690378832075
0.020425795486456656
0.02098327648254262
0.02155224483761603
0.022132809137833533
0.022725074965493475
0.023329144780909236
0.023945117805801337
0.0245730899083633
0.02521315349014637
0.025865397374912405
0.026529906699593
0.027206762807492707
0.027896043143868253
0.02859782115401001
0.02931216618394837
0.03003914338390149
0.030778813614575663
0.03153123335642437
0.032296454621966654
0.03307452487125889
0.033865486930610415
0.03466937891462532
0.03548623415165005
0.03631608111269785
0.03715894334391741
0.038014839402668435
0.03888378279725867
0.039765781930394956
0.040660840046392
0.041568955182182406
0.042490120122161426
0.043424322356898304
0.04437154404574131
0.04533176198333701
0.04630494757008176
0.047291066786519384
0.04829008017169338
0.04930194280545837
0.05032660429475319
0.05136400876383246
0.052414094848450526
0.053476795693988596
0.054552038957512525
0.05563974681374359
0.056739835964925045
0.05785221765455964
0.058976797684995225
0.06011347643882689
0.061262148904088806
0.062422704703195955
0.06359502812560454
0.06477899816414698
0.06597448855500287
0.06718136782125798
0.06839949932000583
0.06962874129294032
0.07086894692038852
0.07211996437872595
0.07338163690111865
0.0746538028415316
0.07593629574193805
0.07722894440266956
0.07853157295583428
0.07984400094173605
0.08116604338822053
0.08249751089287523
0.08383820970800544
0.085187941828305
0.08654650508114355
0.0879136932193846
0.08928929601664876
0.0906730993649339
0.09206488537450475
0.09346443247595697
0.09487151552436458
0.09628590590541523
0.09770737164343718
0.09913567751121768
0.10057058514151788
0.1020118531401779
0.10345923720071636
0.10491249022031823
0.10637136241710773
0.10783560144860624
0.10930495253126517
0.11077915856097467
0.11225796023443999
0.11374109617132219
0.11522830303703888
0.11671931566612001
0.11821386718601554
0.11971168914125307
0.12121251161784102
0.12271606336781798
0.12422207193384902
0.1257302637737674
0.12724036438496766
0.1287520984285523
0.1302651898531378
0.1317793620182315
0.1332943378170828
0.13480983979892797
0.13632559029053595
0.13784131151697626
0.13935672572152388
0.1408715552846259
0.14238552284185088
0.1438983514007466
0.14540976445653814
0.1469194861065935
0.14842724116359304
0.14993275526734057
0.15143575499515097
0.15293596797076298
0.15443312297171438
0.15592695003513402
0.1574171805618968
0.15890354741909415
0.1603857850407789
0.16186362952693834
0.16333681874065922
0.1648050924034469
0.16626819218866185
0.16772586181304608
0.16917784712630543
0.17062389619872198
0.17206375940677265
0.17349718951672738
0.17492394176620904
0.1763437739436956
0.17775644646594496
0.17916172245333037
0.18055936780307055
0.1819491512603441
0.1833308444872786
0.18470422212980278
0.1860690618823591
0.18742514455046827
0.18877225411114232
0.1901101777711437
0.19143870602308793
0.19275763269939297
0.19406675502406978
0.195365873662362
0.19665479276823628
0.19793332002972622
0.19920126671213503
0.2004584476991057
0.2017046815315625
0.20293979044453397
0.2041636004018664
0.2053759411288355
0.20657664614266955
0.20776555278099434
0.20894250222821048
0.21010733953982108
0.21125991366471714
0.2124000774654407
0.213527687736439
0.2146426052203249
0.21574469462216186
0.2168338246217933
0.21790986788422775
0.21897270106810868
0.22002220483227955
0.2210582638404724
0.22208076676413505
0.22308960628342456
0.22408467908638535
0.22506588586633738
0.22603313131749997
0.22698632412887332
0.22792537697640447
0.22885020651346613
0.22976073335967143
0.23065688208805607
0.23153858121065257
0.23240576316248943
0.23325836428404084
0.23409632480216017
0.23491958880952563
0.2357281042426319
0.23652182285835635
0.23730070020913588
0.23806469561678326
0.2388137721449809
0.23954789657048078
0.24026703935304933
0.24097117460418888
0.24166028005467083
0.2423343370209198
0.2429933303702756
0.24363724848518106
0.24426608322631968
0.24487982989474918
0.2454784871930595
0.24606205718559898
0.24663054525780048
0.2471839600746457
0.24772231353830643
0.24824562074499512
0.24875389994106772
0.24924717247841027
0.24972546276914742
0.2501887982397121
0.2506372092843082
0.251070729217806
0.2514893942281051
0.2518932433279998
0.25228231830658276
0.2526566636802242
0.25301632664315654
0.25336135701770446
0.2536918072041894
0.25400773213054567
0.254309189201679
0.2545962382486027
0.25486894147737893
0.25512736341790154
0.25537157087254936
0.2556016328647407
0.25581762058741886
0.2560196073514972
0.25620766853429544
0.25638188152799224
0.2565423256881212
0.25668908228214277
0.25682223443810925
0.2569418670934583
0.2570480669439501
0.2571409223927809
0.25722052349989255
0.25728696193149936
0.25734033090985825
0.2573807251633005
0.2574082408765498
0.25742297564133954
0.25742502840736015
0.2574144994335427
0.2573914902397054
0.2573561035585787
0.2573084432882226
0.2572486144448567
0.2571767231161146
0.25709287641473993
0.25699718243273684
0.25688975019598814
0.25677068961935645
0.2566401114622755
0.2564981272848498
0.25634484940446595
0.2561803908529339
0.25600486533416167
0.25581838718237465
0.2556210713208902
0.2554130332214528
0.25519438886413714
0.2549652546978294
0.25472574760128797
0.2544759848447945
0.25421608405239754
0.2539461631647538
0.2536663404025736
0.2533767342306704
0.25307746332262426
0.252768646526053
0.25245040282850295
0.25212285132395534
0.2517861111799531
0.2514403016053449
0.2510855418186562
0.2507219510170761
0.25034964834607
0.24996875286961234
0.2495793835410419
0.24918165917453408
0.24877569841719677
0.24836161972177878
0.24793954131999754
0.24750958119647712
0.24707185706329893
0.24662648633515968
0.24617358610513465
0.24571327312104216
0.24524566376240697
0.24477087401801798
0.24428901946407547
0.24380021524292658
0.24330457604238118
0.2428022160756052
0.24229324906158745
0.2417777882061723
0.24125594618365714
0.24072783511894405
0.24019356657024638
0.23965325151233818
0.23910700032034596
0.23855492275407356
0.23799712794285718
0.2374337243709401
0.2368648198633656
0.23629052157237793
0.23571093596432804
0.23512616880707396
0.23453632515787368
0.23394150935175845
0.2333418249903854
0.23273737493135835
0.2321282612780124
0.23151458536965244
0.2308964477722436
0.23027394826954214
0.22964718585465943
0.22901625872205678
0.22838126425996005
0.2277422990431852
0.22709945882637383
0.22645283853762566
0.22580253227252356
0.22514863328854362
0.22449123399984183
0.22383042597241345
0.22316629991961262
0.22249894569803141
0.22182845230372453
0.22115490786877998
0.22047839965822008
0.21979901406723418
0.21911683661872935
0.2184319519611974
0.2177444438668861
0.21705439523027234
0.21636188806682813
0.2156670035120717
0.21496982182089985
0.21427042236719068
0.2135688836436757
0.21286528326206886
0.21215969795344936
0.21145220356889097
0.21074287508033232
0.21003178658167868
0.20931901129013475
0.2086046215477533
0.20788868882320535
0.20717128371375348
0.20645247594743188
0.20573233438542143
0.20501092702461668
0.2042883210003779
0.20356458258946244
0.20283977721313107
0.20211396944042112
0.201387222991584
0.20065960074167907
0.19993116472432085
0.19920197613557186
0.19847209533797736
0.19774158186473845
0.19701049442401394
0.1962788909033519
0.19554682837424092
0.19481436309677966
0.194081550524458
0.19334844530904705
0.19261510130559148
0.1918815715775016
0.19114790840173962
0.19041416327409605
0.18968038691455255
0.18894662927272673
0.18821293953339507
0.18747936612208846
0.18674595671076144
0.18601275822352376
0.18527981684243727
0.18454717801337087
0.18381488645191166
0.18308298614932794
0.1823515203785801
0.1816205317003788
0.1808900619692832
0.18016015233983945
0.17943084327275566
0.17870217454110715
0.1779741852365758
0.1772469137757129
0.17652039790622776
0.1757946747132981
0.1750697806258998
0.17434575142315126
0.1736226222406743
0.17290042757696292
0.17217920129976555
0.1714589766524701
0.17073978626049616
0.1700216621376875
0.16930463569270615
0.1685887377354248
0.1678739984833136
0.16716044756782347
0.16644811404075932
0.16573702638064608
0.16502721249908225
0.16431869974707972
0.1636115149213912
0.16290568427081914
0.16220123350250878
0.1614981877882199
0.16079657177057996
0.1600964095693143
0.1593977247874526
0.1587005405175104
0.15800487934764684
0.15731076336779148
0.156618214175747
0.15592725288325965
0.15523790012205987
0.1545501760498721
0.1538641003563917
0.153179692269229
0.1524969705598175
0.15181595354928953
0.15113665911431343
0.1504591046928958
0.14978330729014552
0.14910928348399954
0.14843704943091074
0.14776662087149445
0.14709801313613755
0.14643124115056502
0.14576631944136542
0.14510326214147523
0.1444420829956224
0.14378279536572355
0.1431254122362427
0.14246994621950335
0.1418164095609581
0.1411648141444141
0.14051517149721449
0.13986749279537375
0.13922178886867023
0.13857807020569196
0.13793634695883752
0.13729662894927108
0.1366589256718333
0.1360232462999036
0.13538959969021896
0.13475799438764538
0.13412843862990362
0.13350094035224766
0.13287550719209906
0.13225214649363265
0.13163086531231716
