0.20724807943272158
0.16629682720599137
0.13930376714096918
0.11974336270214939
0.10473104522960082
0.09276042828660826
0.08295030146937382
0.07474296714330254
0.06776453921545533
0.06175307106109593
0.05651853616168387
0.05191912881962556
0.047846519052865175
0.04421629923125321
0.04096158119511418
0.03802857966914433
0.03537348945065777
0.032960229323883976
0.030758781024969553
0.028743945653506048
0.026894398600125442
0.025191961629711705
0.023621035386298353
0.02216815207042825
0.020821619285363878
0.019571233853022
0.018408049902294908
0.017324189466881443
0.016312686680673084
0.015367358749757486
0.014482698431101719
0.013653783910468252
0.012876202851928541
0.012145988063253812
0.011459562738979072
0.01081369364470823
0.010205450920478015
0.009632173428525286
0.009091438767063899
0.008581037228276654
0.008098949104410776
0.00764332484731047
0.007212467669038306
0.006804818238365384
0.0064189411829297435
0.006053513152148467
0.005707312233419238
0.005379208545241428
0.005068155856807893
0.004773184105307816
0.004493392700403427
0.004227944520695257
0.003976060519976617
0.0037370148720966027
0.0035101305926255374
0.003294775583521593
0.003090359053845905
0.0028963282754596647
0.002712165637693194
0.002537385969351067
0.0023715341001908303
0.0022141826372949784
0.0020649299346005906
0.001923398236334103
0.001789231977263985
0.0016620962245791201
0.0015416752478642666
0.001427671205098764
0.0013198029338936938
0.0012178048383110034
0.001121425862612162
0.0010304285441645176
0.0009445881385223213
0.0008636918103919727
0.0007875378848138999
0.0007159351534419709
0.0006487022312962598
0.0005856669598029954
0.0005266658523300233
0.00047154357877915356
0.0004201524861125054
0.000372352151975914
0.00032800896884013233
0.00028699575630939896
0.0002491913994602564
0.00021448051126298878
0.00018275311730939518
0.0001539043612346943
0.00012783422936201046
0.00010444729324172514
0.00008365246888070388
0.00006536279158957537
0.000049495205498325685
0.00003597036692887374
0.000024712460975361673
0.00001564903084357261
8.710819822080234e-6
3.831626311738603e-6
9.481735991075911e-7
0.
9.293974822133972e-7
3.6813556034446627e-6
8.203320106685265e-6
0.000014444977805835113
0.0000223581001263447
0.000031896410840004724
0.00004301546925855642
0.000055672565000414095
0.00006982662208548823
0.00008543811087103768
0.00010246896675569572
0.00012088251483027081
0.00014064339982035963
0.00016171752078089185
0.00018407197009054815
0.0002076749763567945
0.00023249585089488872
0.0002585049374856295
0.0002856735651504844
0.0003139740037099688
0.000343379421916804
0.0003738638479749291
0.0004054021322746316
0.00043796991218731957
0.00047154357877915356
0.0005061002453153613
0.0005416177174345715
0.0005780744648868485
0.0006154495947333549
0.0006537228259159591
0.0006928744651124464
0.0007328853837970501
0.0007737369964333945
0.0008154112397335878
0.0008578905529186269
0.0009011578589224072
0.0009451965464850449
0.0009899904530845153
0.0010355238486593277
0.0010817814200775482
0.0011287482563121119
0.0011764098342823925
0.0012247520053270088
0.0012737609822730243
0.001323423327070986
0.0013737259389651974
0.001424656043171451
0.0014762011800360285
0.0015283491946522752
0.0015810882269094474
0.0016344067019542301
0.0016882933210435273
0.0017427370527684574
0.0017977271246330533
0.0018532530149683504
0.0019093044451681989
0.001965871372228486
0.002022943981578685
0.0020805126801888164
0.0021385680899414384
0.0021971010412551763
0.002256102566948033
0.0023155638963311843
0.0023754764495204526
0.0024358318319582578
0.0024966218291341503
0.002557838401497526
0.0026194736795525893
0.00268151995912784
0.0027439696968136734
0.00280681550555862
0.0028700501504203453
0.002933666544462939
0.0029976577447940224
0.0030620169487384982
0.0031267374901394664
0.003191812835784971
0.003257236581952481
0.003323002451067784
0.0033891042884739205
0.0034555360593045946
0.003522291845458986
0.0035893658426737864
0.0036567523576879523
0.0037244458054978844
0.0037924407066980744
0.0038607316849052966
0.003929313464262186
0.0039981808670175156
0.004067328811181154
0.004136752308249107
0.004206446460997413
0.0042764064613429326
0.004346627588266308
0.004417105205797351
0.004487834761058889
0.004558811782367984
0.0046300318773916885
0.004701490731356417
0.004773184105307809
