1.4526423297847622
1.2814972182048994
1.158348775010866
1.0620941645881419
0.9830178434491822
0.9159105809445072
0.8576511657107306
0.806217114209197
0.7602200640511605
0.7186638864611524
0.6808084692662729
0.6460881355999569
0.6140603011068038
0.5843718166768135
0.5567361383422462
0.5309173853857072
0.5067189268807588
0.483975030889408
0.4625446368617968
0.44230663236811474
0.42315621648344565
0.40500206179075443
0.3877640725007867
0.3713715938249341
0.3557619673248184
0.34087935462769875
0.3266737715379474
0.31310028872199147
0.30011836547020915
0.28769129066911636
0.27578571081900427
0.2643712292381273
0.2534200638782899
0.24290675370381953
0.23280790554737307
0.22310197489068742
0.21376907522811328
0.2047908116311194
0.19615013489943312
0.18783121330166042
0.17981931940752616
0.17210072992005787
0.16466263674824752
0.15749306783383044
0.1505808164713917
0.14391537804821208
0.1374868932862769
0.1312860971994601
0.12530427308863407
0.11953321099001173
0.11396517007043033
0.10859284452986401
0.10340933262825996
0.0984081085023677
0.09358299647992938
0.08892814763450828
0.08443801835524463
0.08010735073269384
0.07593115458525677
0.07190469097108806
0.06802345704816479
0.06428317216085529
0.06067976504510687
0.057209362056567375
0.053868276336809524
0.05065299784252858
0.04756018417131132
0.0445866521255029
0.04172936996296456
0.03898545029023421
0.03635214355995652
0.03382683214050119
0.03140702493164085
0.02909035250609516
0.02687456276290161
0.024757517085069954
0.022737187001142283
0.0208116513583355
0.018979094024396966
0.017237802146608895
0.015586165010364474
0.014022673557415724
0.012545920646804497
0.011154602171810336
0.009847519187304742
0.008623581258655373
0.007481811323624076
0.006421352475073978
0.005441477245430101
0.004541600239249773
0.0037212953810076958
0.0029803197391315454
0.0023186470865124587
0.0017365165509189758
0.0012345060133191776
0.0008136491635989669
0.00047563759474021037
0.00022321446598716564
0.00006111905672870646
0.
0.00005999130181414511
0.00021511498949610967
0.0004501181113458901
0.0007562013192780347
0.0011268906431413169
0.0015569969712025066
0.0020421656060482522
0.0025786358696190757
0.003163096036669631
0.0037925882686916153
0.004464442485953788
0.0051762282385652645
0.005925718409178505
0.0067108610425336505
0.007529756960668018
0.008380641621604902
0.009261870169781243
0.010171904939482768
0.011109304879090062
0.012072716504162622
0.013060866085011374
0.014072552843891853
0.015106642987367712
0.016162064436645397
0.017237802146608902
0.018332893925565398
0.01944642668408562
0.02057753305413785
0.02172538832977952
0.022889207688720846
0.02406824366053202
0.02526178381249864
0.026469148628424186
0.02768968955919001
0.02892278722681947
0.03016784976622646
0.031424311290877964
0.03269163047033001
0.033969289209067347
0.035256791417324636
0.03655366186564819
0.03785944511587204
0.039173704521995964
0.04049602129513187
0.04182599362730245
0.043163235869396036
0.04450737775905811
0.04585806369469347
0.04721495205212741
0.04857771454078924
0.04994603559656556
0.05131961180872532
0.05269815137854439
0.05408137360746142
0.05546900841277638
0.056860795869066574
0.05825648577364641
0.059655837234527234
0.06105861827944814
0.062464605484674106
0.0638735836223382
0.06528534532520817
0.0666996907678329
0.06811642736310344
0.06953536947333006
0.07095633813500041
0.07237916079643575
0.0738036710676322
0.07522970848159645
0.07665711826655518
0.0780857511284446
0.07951546304312618
0.08094611505781539
0.08237757310123445
0.08380970780204278
0.08524239431510953
0.08667551215523564
0.08810894503794453
0.08954258072698909
0.09097631088824534
0.09241003094967304
0.09384363996705056
0.09527704049521037
0.09671013846450105
0.09814284306223925
0.09957506661891025
0.10100672449889692
0.10243773499552883
0.10386801923025196
0.10529750105573174
0.10672610696271294
0.10815376599046332
0.10958040964064919
0.11100597179448544
0.11243038863301481
0.1138535985603869
0.1152755421300037
0.11669616197340521
0.11811540273178342
0.11953321099001168
