1.9763105416675624
1.6812422134132934
1.4797091822818604
1.3281387736834065
1.207569579579797
1.1080879872393683
1.0238583204594796
0.9511555005695703
0.8874575139996055
0.8309786414919513
0.7804090920202926
0.7347603392976018
0.6932685103206699
0.6553315006167366
0.6204666119137208
0.5882811714456548
0.5584516384915705
0.5307084199043313
0.5048246222137408
0.4806075779824028
0.4578923654425423
0.4365367852272848
0.41641741889351025
0.39742650193875295
0.3794694179191822
0.362462671730167
0.34633223650463907
0.3310121946992189
0.3164436129282341
0.302573604083384
0.2893545406832009
0.2767433912246747
0.26470115725640747
0.25319239345190786
0.2421847964860996
0.23164885126535162
0.22155752521831829
0.211886003060207
0.20261145580087273
0.19371283885463414
0.18517071498577034
0.1769670985338436
0.16908531794137663
0.16150989407981284
0.1542264322596406
0.14722152613222994
0.14048267195857103
0.13399819194264548
0.12775716551406002
0.12174936760085037
0.11596521306587297
0.1103957065918331
0.10503239739505513
0.09986733822892252
0.09489304820723701
0.09010247903685736
0.08548898430008565
0.08104629147119125
0.07676847638956838
0.07264993994498713
0.06868538675922592
0.06486980567329789
0.06119845187166545
0.05766683049396732
0.054270681602060986
0.05100596638496083
0.047868854498072044
0.04485571244502335
0.04196309292113228
0.03918772504801459
0.036526505437166734
0.03397649002982418
0.03153488666778571
0.029199048358280896
0.02696646720356752
0.024834768974116232
0.022801708312625478
0.02086516456557147
0.019023138249508537
0.017273748171355765
0.015615229237165778
0.014045931002012162
0.012564317037525042
0.011168965224256944
0.009858569118061652
0.008631940596588141
0.007488014073229276
0.006425852682235305
0.00544465701257926
0.004543777234129549
0.0037227298803922046
0.002981221247108725
0.0023191805654189422
0.001736808302072315
0.0012346492452639714
0.0008137092871254986
0.00047565728827966293
0.0002232185644500909
0.00006111933764167561
0
0.0000599915721167685
0.00021511878572777086
0.00045013567362123334
0.0007562529473874081
0.0011270090873598186
0.0015572293290931627
0.002042574833473067
0.0025793019794031176
0.003164117038747933
0.003794080893325672
0.00446654272342046
0.0051790917223050285
0.005929520665227423
0.006715797624164697
0.0075360434843890645
0.008388513718530341
0.00927158336419157
0.010183734464974583
0.011123545441382873
0.012089681998328435
0.013080889274070424
0.01409598500476748
0.015133853529548446
0.016193440498148057
0.017273748171365642
0.01837383122585077
0.01949279299118673
0.020629782060005705
0.02178398922214546
0.022954644681905032
0.02414101552378569
0.025342403397578362
0.026558142397868533
0.027787597116564887
0.029030160850089543
0.03028525394518722
0.031552322269516875
0.032830835794863955
0.034120287282216465
0.03542019105941926
0.036730081882997145
0.03804951387680301
0.03937805954079223
0.040715308824218144
0.04206086825786676
0.043414360140510276
0.04477542177554543
0.046143704753749
0.04751887427873273
0.048900608531967135
0.05028859807446159
0.05168254528248944
0.053082163814925545
0.05448717811014417
0.05589732291022699
0.057312342810983664
0.058731991835730926
0.06015603303155606
0.061584238086549406
0.0630163869665552
0.06445226757049072
0.0658916754028075
0.06733441326225303
0.06878029094589999
0.07022912496753834
0.07168073828955515
0.07313496006761781
0.07459162540737709
0.07605057513243449
0.07751165556313716
0.07897471830544024
0.08043962004935182
0.08190622237642477
0.08337439157584804
0.08484399846865477
0.08631491823962993
0.08778703027649201
0.08926021801606937
0.09073436879698206
0.09220937371860355
0.09368512750593574
0.09516152838018466
0.09663847793460728
0.09811588101553528
0.09959364560823919
0.10107168272738565
0.1025499063120132
0.10402823312452583
0.10550658265386441
0.10698487702241122
0.10846304089657169
0.10994100140081808
0.11141868803504792
0.11289603259517295
0.11437296909665508
0.11584943370101039
0.11732536464507563
0.11880070217287171
0.12027538847006428
0.12174936760084881
