0.11953321099001168
0.12282987120648672
0.12619434883730707
0.12962717598398854
0.13312885951634557
0.13669988029713817
0.14034069243316744
0.1440517225545523
0.1478333691238525
0.15168600177664435
0.15560996069507674
0.15960555601586845
0.16367306727411507
0.16781274288419823
0.17202479965898582
0.1763094223684257
0.18066676333852905
0.18509694209163863
0.18960004502876698
0.19417612515468458
0.19882520184631933
0.20354726066492473
0.2083422532123416
0.2132100970315907
0.2181506755518802
0.22316383807803317
0.22824939982419631
0.23340714199158977
0.23863681188994842
0.243938123102181
0.24931075569167854
0.2547543564515885
0.2602685391952742
0.2658528850870804
0.27150694301242306
0.2772302299861509
0.28302223159800566
0.2888824024939741
0.2948101668922012
0.30080491913209956
0.3068660242552066
0.3129928186162892
0.319184610523131
0.32544068090341505
0.3317602839970378
0.3381426480721883
0.34458697616347167
0.3510924468303505
0.3576582149341468
0.36428341243184065
0.3709671491849015
0.3777085137813729
0.38450657436945246
0.3913603795008084
0.39826895898188996
0.4052313247315187
0.4122464716430608
0.41931337844951433
0.4264310085898858
0.4335983110752567
0.44081422135298637
0.44807766216755035
0.45538754441654916
0.4627427680004787
0.47014222266490946
0.4775847888337741
0.48506933843252226
0.49259473569996015
0.5001598379876571
0.5077634965458547
0.5154045572948974
0.523081861581238
0.5307942469171678
0.5385405477034595
0.5463195959342002
0.5541302218831301
0.561971254770897
0.5698415234126719
0.5777398568456564
0.5856650849360618
0.5936160389652085
0.601591552194446
0.6095904604086627
0.6176116024382081
0.625653820659092
0.6337159614714111
0.6417968757559627
0.6498954193090994
0.6580104532558876
0.6661408444417086
0.6742854658024686
0.6824431967136271
0.6906129233183025
0.6987935388347397
0.7069839438434689
0.7151830465545126
0.7233897630550303
0.7316030175378224
0.7398217425111357
0.7480448789902424
0.7562713766712907
0.764500194087931
0.7727302987512572
0.7809606672736089
0.7891902854768015
0.7974181484853533
0.8056432608053057
0.8138646363892201
0.8220812986879709
0.8302922806899279
0.8384966249481537
0.8466933835962178
0.854881618353261
0.863060400518914
0.8712288109586848
0.8793859400804296
0.887530887802517
0.8956627635142775
0.9037806860293411
0.9118837835324449
0.9199711935202901
0.9280420627370143
0.936095547104844
0.9441308116504636
0.9521470304276387
0.9601433864366191
0.9681190715408179
0.9760732863812754
0.9840052402893664
0.9919141511982331
0.9997992455533768
1.007659758222843
1.0154949324074218
1.0233040195512428
1.031086279253165
1.038840979179312
1.0465673949770957
1.0542648101910599
1.061932516180856
1.069569812041633
1.0771760045271108
1.0847504079756112
1.0922923442392531
1.099801142616554
1.1072761397886204
1.1147166797591117
1.1221221137981514
1.1294918003903087
1.1368251051867988
1.1441214009619949
1.1513800675743564
1.1586004919318356
1.1657820679618327
1.1729241965857335
1.1800262856980517
1.187087750150197
1.194108011738849
1.2010864991989203
1.2080226482010787
1.2149159013537627
1.2217657082096456
1.228571525276444
1.2353328160320083
1.2420490509435669
1.2487197074910223
1.2553442701941635
1.2619222306436666
1.268453087535724
1.274936346710147
1.2813715211917798
1.2877581312350421
1.2940957043714176
1.3003837754596992
1.3066218867387906
1.3128095878828594
1.3189464360586303
1.3250319959846162
1.331065839992043
1.337047548087276
1.3429767080154957
1.3488529153254176
1.354675773434813
1.3604448936966038
1.366159895465309
1.3718204061636001
1.3774260613487508
1.3829765047787448
1.3884713884778122
1.3939103728012006
1.399293126498912
1.4046193267782465
1.4098886593649018
1.415100818562442
1.4202555073099337
1.4253524372375503
1.4303913287199619
1.4353719109273273
1.4402939218737225
1.4451571084628227
1.4499612265307016
1.4547060408855779
1.4593913253443835
1.464016862766016
1.468582445081143
1.473087873318461
1.4775329576272895
1.4819175172964147
1.4862413807690877
1.4905043856541131
1.49470637873295
1.49884721596278
1.5029267624754796
1.5069448925724847
1.5109014897154898
1.5147964465129888
1.5186296647026385
1.52240105512944
1.5261105377197608
1.5297580414512075
1.5333435043183745
1.5368668732945123
1.540328104289154
1.5437271621017514
1.5470640203713795
1.5503386615225847
1.553551076707432
1.5567012657438513
1.5597892370503537
1.5628150075772178
1.5657786027342429
1.568680056315166
1.5715194104188561
1.5742967153673977
1.5770120296211734
1.5796654196910678
1.5822569600479186
1.5847867330293313
1.5872548287439994
1.589661344973635
1.5920063870726748
1.5942900678658578
1.5965125075438387
1.5986738335569486
1.6007741805072462
1.6028136900389987
1.6047925107277115
1.60671079796785
1.6085687138593838
1.6103664270932754
1.6121041128360523
1.6137819526135821
1.6154001341941726
1.6169588514711273
1.618458304344868
1.619898698604742
1.6212802458106272
1.6226031631744484
1.6238676734417081
1.6250740047731316
1.6262223906265367
1.6273130696390117
1.628346285509501
1.6293222868818813
1.6302413272286258
1.631103664735111
1.6319095621846702
1.6326592868444454
1.6333531103521175
1.6339913086035724
1.634574161641562
1.6351019535454245
1.6355749723219022
1.6359935097971139
1.6363578615097294
1.636668326605367
1.6369252077322798
1.6371288109383286
1.6372794455693016
1.6373774241685872
1.6374230623782258
1.6374166788413649
1.6373585951061214
1.6372491355308796
1.6370886271910128
1.6368773997870583
1.636615785554334
1.6363041191739935
1.6359427376855407
1.6355319804007729
1.6350721888191688
1.6345637065446965
1.6340068792040414
1.6334020543662424
1.6327495814637139
1.6320498117146482
1.6313030980467773
1.6305097950224765
1.629670258765189
1.628784846887155
1.6278539184184255
1.626877833737126
1.6258569545009647
1.624791643579955
1.6236822649903189
1.6225291838295655
1.6213327662126966
1.6200933792095413
1.6188113907831732
1.6174871697293862
1.6161210856172243
1.6147135087305098
1.6132648100103735
1.6117753609987366
1.6102455337827446
1.6086757009401031
1.607066235485319
1.6054175108167925
1.6037299006647732
1.6020037790401203
1.6002395201838733
1.5984374985175989
1.596598088594496
1.5947216650512352
1.5928086025605248
1.5908592757843638
1.5888740593279902
1.5868533276944805
1.5847974552400046
1.5827068161297095
1.5805817842942207
1.5784227333867378
1.5762300367407298
1.5740040673281959
1.5717451977184882
1.5694538000376959
1.5671302459285545
1.5647749065108978
1.5623881523426202
1.5599703533811566
1.5575218789454637
1.5550430976784946
1.5525343775101685
1.5499960856208144
1.547428588405098
1.544832251436415
1.5422074394317589
1.5395545162170432
1.5368738446928898
1.534165786800865
1.5314307034901824
1.528668954684841
1.5258808992512278
1.523066894966157
1.5202272984853606
1.5173624653124294
1.5144727497681927
1.5115585049605453
1.5086200827547254
1.505657833744034
1.502672107221
1.4996632511489956
1.4966316121343048
1.4935775353986298
1.4905013647520595
1.4874034425664866
1.4842841097494786
1.481143705718603
1.4779825683762127
1.4748010340846904
1.4715994376421502
1.4683781122586068
1.4651373895326028
1.4618775994283122
1.4585990702531006
1.455302128635558
1.4519870995040103
1.4486543060654926
1.4453040697852044
1.4419367103664373
1.4385525457309796
1.4351518919999982
1.4317350634754047
1.428302372621691
1.424854130048261
1.4213906444922273
1.4179122228017023
1.4144191699195665
1.4109117888677214
1.407390380731821
1.4038552446464956
1.4003066777810411
1.3967449753256131
1.39317043047788
1.3895833344301722
1.3859839763571036
1.382372643403672
1.378749620673841
1.3751151912195927
1.3714696360304557
1.3678132340235063
1.364146262033842
1.360468994805518
1.3567817049829514
1.3530846631027917
1.349378137586245
1.3456623947318664
1.34193769870879
1.3382043115504323
1.3344624931486253
1.3307125012482017
1.3269545914420213
1.323189017166433
1.3194160296971709
1.3156358781456787
1.3118488094558618
1.3080550684012557
1.3042548975826136
1.3004485374259056
1.2966362261807252
1.2928181999190935
1.2889946925346718
1.2851659357423517
1.281332159078246
1.2774935899000512
1.2736504533877948
1.2698029725449516
1.2659513681999206
1.2620958590078732
1.2582366614529465
1.2543739898507913
1.2505080563514621
1.246639070942647
1.242767241453226
1.2388927735571622
1.2350158707777044
1.231136734491911
1.2272555639354852
1.2233725562079014
1.219487906277842
1.2156018069889132
1.2117144490656555
1.2078260211198262
1.203936709656956
1.200046699083173
1.1961561717122886
1.192265307773136
1.188374285417157
1.1844832807262313
1.180592467720745
1.1767020183678873
1.1728121025901732
1.1689228882741782
1.1650345412795007
1.1611472254479138
1.1572611026127324
1.1533763326083646
1.1494930732800595
1.1456114804938387
1.1417317081465999
1.1378539081763979
1.1339782305728932
1.1301048233879571
1.1262338327464374
1.1223654028570698
1.1184996760235388
1.114636792655673
1.110776891280782
1.1069201085551135
1.1030665792754402
1.0992164363907646
1.0953698110141352
1.0915268324345742
1.0876876281291086
1.0838523237748972
1.080021043261456
1.076193908702971
1.0723710404506952
1.0685525571054293
1.0647385755300731
1.0609292108622492
1.057124576527003
1.053324784249548
1.049529944068087
1.0457401643466762
1.0419555517881438
1.0381762114470545
1.0344022467427172
1.0306337594722286
1.026870849823554
1.023113616388637
1.0193621561765396
1.015616564626601
1.0118769356216228
1.008143361501065
1.00441593307426
1.0006947396336345
0.9969798689679392
0.9932714073754805
0.9895694396773567
0.9858740492306872
0.9821853179418416
