0.12174936760084881
0.12517966448037518
0.12868491556365336
0.13226596946391284
0.13592365945731616
0.13965880277451234
0.14347219990454396
0.14736463391238527
0.1513368697709137
0.15538965370842345
0.15952371257254572
0.16373975321160086
0.16803846187388102
0.1724205036260773
0.17688652179123998
0.18143713740708733
0.18607294870522295
0.19079453061185847
0.1956024342705116
0.20049718658701865
0.20547928979744556
0.2105492210589328
0.21570743206396698
0.22095434867807462
0.22629037060121637
0.23171587105280894
0.23723119648052243
0.24283666629268966
0.24853257261428666
0.25431918006635723
0.260196725568577
0.2661654181648709
0.2722254388715867
0.27837694054805323
0.28462004778907324
0.2909548568388956
0.29738143552631513
0.3038998232203023
0.31051003080574413
0.3172120406786516
0.32400580676040425
0.3308912545302999
0.3378682810759185
0.34493675516064304
0.35209651730766445
0.359347379899935
0.366689127295283
0.3741215159562318
0.3816442745936486
0.38925710432377225
0.3969596788378481
0.4047516445837993
0.4126326209592668
0.4206022005154219
0.428659949170906
0.43680540643538424
0.44503808564197894
0.45335747418820965
0.4617630337847466
0.47025420071150886
0.47883038608056255
0.4874909761054249
0.496235332376158
0.5050627921399486
0.5139726685866601
0.522964251139002
0.5320368057469163
0.5411895751858339
0.5504217793585036
0.5597326155999868
0.5691212589856738
0.5785868626419174
0.5881285580591814
0.5977454554073165
0.6074366438529464
0.6172011918786375
0.6270381476038117
0.6369465391071283
0.6469253747503536
0.6569736435035441
0.6670903152714165
0.6772743412209399
0.6875246541099775
0.6978401686170306
0.708219781672004
0.718662372787967
0.7291668043939641
0.7397319221687797
0.7503565553757952
0.7610395171988502
0.7717796050791931
0.7825756010535438
0.7934262720933385
0.8043303704451146
0.8152866339722331
0.8262937864978266
0.8373505381491503
0.8484555857033711
0.8596076129347909
0.8708052909636275
0.882047278606418
0.8933322227280169
0.9046587585953558
0.916025510232932
0.9274310907801198
0.9388741028503308
0.9503531388920758
0.9618667815519729
0.9734136040396846
0.9849921704949216
0.9966010363563758
1.0082387487327813
1.0199038467759385
1.0315948620558406
1.0433103189378203
1.05504873496174
1.0668086212231889
1.0785884827566852
1.090386818920856
1.102202123785493
1.1140328865205364
1.1258775917868418
1.1377347201287615
1.1496027483683564
1.1614801500012821
1.1733653955941754
1.1852569531835062
1.1971532886757803
1.2090528662489657
1.2209541487550803
1.2328555981237652
1.2447556757668108
1.2566528429833383
1.2685455613657304
1.2804322932059735
1.2923115019023343
1.3041816523662493
1.3160412114292406
1.3278886482496683
1.3397224347191927
1.3515410458687631
1.3633429602739562
1.375126660459478
1.3868906333026323
1.398633370435637
1.4103533686465042
1.4220491302783598
1.433719163627011
1.445361983336487
1.4569761107924792
1.4685600745133793
1.4801124105387768
1.4916316628151733
1.503116383578749
1.5145651337349855
1.5259764832348903
1.5373490114476946
1.548681307529781
1.5599719707896644
1.571219611048832
1.5824228489982148
1.5935803165501614
1.604690657185672
1.615752526296731
1.6267645915235476
1.6377255330865375
1.648634044112831
1.659488830957201
1.670288613517166
1.6810321255421674
1.691718114936603
1.7023453440566243
1.7129125900004798
1.7234186448923114
1.7338623161592248
1.7442424268015153
1.754557815655927
1.7648073376517814
1.7749898640599127
1.7851042827342358
1.7951494983458833
1.805124432609791
1.8150280245036234
1.8248592304789775
1.8346170246647646
1.8443003990626783
1.8539083637347145
1.8634399469826375
1.87289419551936
1.8822701746321797
1.891566968337826
1.9007836795292712
1.9099194301142761
1.9189733611456536
1.9279446329432317
1.9368324252074693
1.9456359371247667
1.9543543874644396
1.962987014667362
1.9715330769263177
1.979991852258026
1.9883626385669353
1.9966447537007475
2.0048375354977614
2.0129403418260354
2.0209525506144637
2.0288735598757484
2.036702787721437
2.044439672368944
2.052083672140772
2.059634265455906
2.067090950813487
2.07445324676889
2.0817206919022153
2.088892844779372
2.0959692839057906
2.102949607672898
2.1098334342974323
2.1166204017537527
2.123310167699209
2.129902409392733
2.1363968236067175
2.1427931265323736
2.149091053678644
2.1552903597648068
2.16139081860694
2.1673922229983393
2.1732943845840365
2.1790971337295804
2.1848003193842107
2.1904038089385494
2.1959074880769767
2.2013112606248493
2.206615048390684
2.2118187910034512
2.2169224457451917
2.2219259873790067
2.2268294079726823
2.2316327167180097
2.236335939746029
2.240939119938294
2.2454423167343465
2.2498456059355503
2.254149079505428
2.2583528453666584
2.262457027194897
2.2664617642095632
2.2703672109617665
2.2741735371194824
2.2778809272501674
2.2814895806009776
2.284999710876662
2.288411546015371
2.2917253279624874
2.294941312442589
2.2980597687297597
2.3010809794163434
2.3040052401802718
2.3068328595511516
2.3095641586752027
2.312199471079219
2.3147391424336434
2.317183530314928
2.3195330039672903
2.3217879440639813
2.3239487424682306
2.326015801993914
2.3279895361661627
2.3298703689819513
2.3316587346708078
2.3333550774557823
2.3349598513147223
2.3364735197420434
2.3378965555110316
2.3392294404368017
2.340472665140034
2.3416267288115558
2.342692138977883
2.34366941126779
2.3445590691800184
2.3453616438522142
2.3460776738311537
2.3467077048443556
2.3472522895731642
2.3477119874273527
2.348087364321357
2.3483789924521745
2.3485874500790174
2.3487133213047904
2.348757195859422
2.348719668885159
2.3486013407238358
2.3484028167061997
2.348124706943344
2.347767626120285
2.3473321932917353
2.346819031680138
2.346228768475962
2.345562034640352
2.344819464710122
2.3440016966051673
2.343109371438294
2.3421431333275224
2.3411036292108984
2.339991508663791
2.3388074237187757
2.3375520286880587
2.3362259799885132
2.334829935969288
2.333364556742097
2.3318305040140817
2.3302284409233804
2.3285590318773433
2.3268229423934086
2.3250208389426734
2.3231533887961486
2.3212212598737003
2.319225120595694
2.3171656397373197
2.3150434862856333
2.3128593292992603
2.3106138377708194
2.308307680492017
2.305941525921411
2.3035160420548726
2.301031896298675
2.298489755345283
2.2958902850517364
2.2932341503206914
2.2905220149840835
2.287754541689373
2.2849323917884012
2.2820562252288052
2.2791267004479825
2.27614447426962
2.2731102018027105
2.270024536343085
2.266888129277426
2.263701629989729
2.2604656857702072
2.2571809417266078
2.253848040697921
2.250467623170453
2.2470403271962476
2.243566788313821
2.240047639471192
2.236483510951181
2.2328750302989526
2.229222822251763
2.2255275086709148
2.2217897084758538
2.218010037580405
2.214189108831138
2.2103275319477524
2.2064259134655875
2.2024848566801003
2.1985049615933434
2.1944868248624285
2.190431039749909
2.1863381960760613
2.1822088801730573
2.1780436748409833
2.1738431593056564
2.169607909178259
2.165338496416714
2.161035489288788
2.156699452336899
2.1523309463446045
2.1479305283047165
2.143498751389031
2.1390361649196548
2.1345433143418644
2.1300207411985155
2.1254689831059217
2.120888573731217
2.1162800427711685
2.111643915932367
2.1069807149128312
2.1022909573849557
2.097575156979775
2.0928338232725503
2.088067461769602
2.083276573896406
2.078461656986902
2.0736232042739866
2.0687617048811737
2.0638776438154043
2.0589715019609516
2.05404375607442
2.0490948787808096
2.0441253385706073
2.039135599797897
2.0341261226794485
2.0290973632947793
2.0240497735871408
2.018983801365426
2.013899890306975
2.008798479961234
2.003680005754263
1.998544898994077
1.9933935868767723
1.9882264924934432
1.9830440348378384
1.9778466288147807
1.9726346852492673
1.9674086108962943
1.9621688084513282
1.956915676561453
1.9516496098371363
1.946370998864617
1.9410802302188839
1.9357776864772251
1.9304637462333603
1.9251387841120715
1.9198031707844017
1.9144572729833154
1.9091014535198776
1.9037360712998872
1.8983614813409697
1.8929780347901022
1.8875860789415688
1.8821859572553086
1.8767780093756694
1.8713625711505233
1.8659399746507437
1.860510548190045
1.8550746163451297
1.8496324999761682
1.8441845162475805
1.8387309786491066
1.8332721970171488
1.8278084775563967
1.8223401228616867
1.8168674319400986
1.8113907002333058
1.8059102196401082
1.8004262785391978
1.7949391618121049
1.789449150866317
1.7839565236585937
1.7784615547184233
1.7729645151716384
1.7674656727641667
1.7619652918859239
1.7564636335948167
1.7509609556408643
1.7454575124904257
1.739953555350509
1.7344493321931878
1.7289450877800743
1.7234410636868742
1.717937498327995
1.7124346269812227
1.706932681812419
1.7014318919002873
1.6959324832611467
1.6904346788737385
1.6849386987040589
1.679444759730188
1.6739530759671322
1.6684638584916645
1.662977315467163
1.657493652168419
1.6520130710064422
1.6465357715532396
1.6410619505665514
1.635591802014577
1.6301255171006268
1.6246632842877622
1.6192052893233626
1.6137517152636505
1.608302742498152
1.6028585487741003
1.5974193092207625
1.5919851963737008
1.5865563801989642
1.5811330281171867
1.5757153050276265
1.5703033733320848
1.5648973929587693
1.559497521386052
1.5541039136661194
1.5487167224485467
1.5433360980037545
1.5379621882463634
1.5325951387584467
1.5272350928126723
1.5218821913953307
1.5165365732292446
1.511198374796575
1.5058677303614942
1.5005447719927456
1.4952296295860834
1.4899224308865753
1.484623301510797
1.4793323649688825
1.4740497426864552
1.4687755540264211
1.4635099163106324
1.4582529448414183
1.4530047529229808
