0.06534069037919295
0.06720473937959094
0.06911037115005784
0.07105808558210439
0.07304837480601808
0.0750817227756487
0.07715860485824985
0.0792794874300735
0.08144482747820539
0.08365507220925052
0.08591065866540251
0.08821201334846093
0.09055955185216927
0.09295367850349799
0.09539478601323313
0.09788325513629849
0.10041945434220695
0.1030037394960224
0.10563645355016109
0.10831792624728456
0.11104847383465763
0.1138283987901079
0.11665798955987675
0.11953752030850245
0.12246725068090755
0.12544742557679284
0.1284782749374531
0.13156001354505711
0.1346928408344274
0.13787694071735787
0.1411124814193926
0.14439961532909368
0.1477384788596362
0.15112919232274663
0.154571859814763
0.15806656911474978
0.16161339159449647
0.16521238214019712
0.16886357908566663
0.17256700415682585
0.17632266242730701
0.1801305422848812
0.18399061540849534
0.18790283675566924
0.19186714455995418
0.19588346033823723
0.19995168890752996
0.20407171841109567
0.2082434203534748
0.21246664964423032
0.2167412446501105
0.22106702725529073
0.2254438029294831
0.2298713608035695
0.23434947375251688
0.23887789848529647
0.24345637564151273
0.24808462989449698
0.25276237006062885
0.2574892892146007
0.26226506481036355
0.2670893588076188
0.27196181780348416
0.2768820731692659
0.28184974119198947
0.2868644232206057
0.2919257058165973
0.29703316090885745
0.30218634595264693
0.30738480409244473
0.31262806432859935
0.3179156416875729
0.32324703739569116
0.32862173905621567
0.3340392208296948
0.3394989436174205
0.3450003552479288
0.3505428906664019
0.35612597212694846
0.3617490093876421
0.3674113999082269
0.3731125290504864
0.37885177028112244
0.38462848537719113
0.3904420246339547
0.3962917270751454
0.40217692066560307
0.4080969225262087
0.4140510391511257
0.42003856662727024
0.42605879085601567
0.4321109877770567
0.4381944235944746
0.4443083550048702
0.45045202942767026
0.45662468523744004
0.46282555199829545
0.46905385070032135
0.47530879399796844
0.4815895864504347
0.4878954247639873
0.4942254980361577
0.5005789880018456
0.5069550692812252
0.5133529096294822
0.5197716701882809
0.5262105057389725
0.5326685649574603
0.5391449906706817
0.5456389201147092
0.5521494851943011
0.558675812743986
0.5652170247905007
0.5717722388166002
0.5783405680261272
0.5849211216102892
0.5915130050150682
0.598115320209678
0.6047271659560312
0.6113476380790431
0.6179758297377947
0.6246108316973714
0.6312517326013747
0.6378976192449137
0.6445475768480715
0.6512006893296686
0.6578560395812767
0.6645127097413626
0.6711697814694013
0.677826336219949
0.6844814555164536
0.691134221224795
0.697783715826305
0.7044290226903093
0.7110692263459422
0.7177034127531507
0.7243306695727953
0.7309500864356971
0.7375607552104975
0.7441617702702257
0.7507522287574332
0.7573312308477878
0.7638978800119747
0.7704512832757805
0.776990551478278
0.7835147995279128
0.790023146656422
0.7965147166704551
0.8029886382007121
0.8094440449485811
0.8158800759300495
0.8222958757168405
0.8286905946746068
0.8350633891980873
0.841413421943137
0.847739862055435
0.8540418853958492
0.8603186747622934
0.8665694201079872
0.8727933187560106
0.8789895756100431
0.8851574033611983
0.8912960226908636
0.8974046624694202
0.9034825599507862
0.9095289609626824
0.9155431200925168
0.921524300868849
0.927471775938307
0.9333848272379262
0.939262746162798
0.9451048337290059
0.9509104007317366
0.9566787678985539
0.9624092660377348
0.9681012361816445
0.9737540297251014
0.9793670085586594
0.9849395451968102
0.9904710229010195
0.9959608357976104
1.0014083889904324
1.0068130986683013
1.012174392207193
1.0174917082671764
1.0227644968840472
1.0279922195556996
1.0331743493231769
1.0383103708464398
1.0433997804748347
1.0484420863122834
1.0534368082771812
1.0583834781570314
1.0632816396578386
1.0681308484482788
1.0729306721986471
1.077680690614648
1.082380495466039
1.0870296906101544
1.0916278920103784
1.0961747277495577
1.1006698380384627
1.1051128752192834
1.1095035037642507
1.1138414002694172
1.1181262534436707
1.122357764092997
1.1265356451001396
1.1306596213995952
1.1347294299481443
1.1387448196908903
1.1427055515229054
1.1466113982465935
1.1504621445247722
1.154257586829628
1.157997533387572
1.1616818041201014
1.1653102305807248
1.1688826558880785
1.172398934655272
1.1758589329155895
1.1792625280445963
1.182609608678779
1.1859000746307877
1.1891338368013626
1.192310817088074
1.195430948290931
1.1984941740149622
1.2015004485698784
1.204449736866908
1.207342014312876
1.2101772667016484
1.212955490103038
1.2156766907492556
1.2183408849189876
1.2209480988192571
1.223498368465072
1.225991739557052
1.228428267357046
1.2308080165619049
1.2331310611754482
1.2353974843787539
1.2376073783988566
1.2397608443759398
1.2418579922291162
1.2438989405208942
1.2458838163204151
1.247812755065564
1.24968590042401
1.251503404153294
1.2532654259600668
1.2549721333584911
1.2566237015279729
1.2582203131702743
1.259762158366055
1.2612494344309868
1.2626823457714806
1.264061103740094
1.2653859264907377
1.2666570388337144
1.2678746720907001
1.2690390639496987
1.2701504583200753
1.2712091051877323
1.2722152604704677
1.2731691858736367
1.274071148746099
1.2749214219366114
1.2757202836506503
1.276468017307753
1.2771649113994556
1.2778112593478261
1.278407359364724
1.2789535143117778
1.2794500315611466
1.2798972228571444
1.2802954041787376
1.2806448956029917
1.2809460211694796
1.281199108745728
1.2814044898937285
1.2815624997375512
1.2816734768320988
1.281737763033053
1.2817557033680205
1.2817276459089464
1.2816539416457955
1.281534944361552
1.2813710105085676
1.2811624990862611
1.280909771520236
1.2806131915428
1.2802731250749346
1.2798899401097368
1.2794640065973364
1.27899569633132
1.278485382836688
1.2779334412593313
1.277340248257084
1.2767061818923267
1.2760316215261847
1.275316947714305
1.2745625421042406
1.27376878733446
1.2729360669349454
1.2720647652294474
1.2711552672393531
1.2702079585892034
1.2692232254138256
1.2682014542671516
1.267143032032625
1.2660483458352982
1.2649177829555591
1.263751730744489
1.2625505765408769
1.2613147075898632
1.260044510963221
1.258740373481269
1.2574026816363986
1.2560318215182391
1.2546281787404077
1.253192138368887
1.2517240848519904
1.2502244019519029
1.2486934726778247
1.247131679220649
1.2455394028892404
1.2439170240482125
1.2422649220572717
1.2405834752120766
1.2388730606865974
1.237134054476987
1.2353668313469262
1.2335717647744289
1.2317492269001322
1.2298995884769952
1.2280232188214397
1.226120485765903
1.224191755612776
1.2222373930897286
1.2202577613063934
1.2182532217123994
1.2162241340567306
1.2141708563484064
1.2120937448184488
1.2099931538831346
1.207869436108506
1.205722942176131
1.2035540208500808
1.201363018945129
1.1991502812961305
1.1969161507285746
1.1946609680303146
1.1923850719243867
1.1900887990430102
1.1877724839026427
1.1854364588801278
1.1830810541899242
1.1807065978623696
1.1783134157229658
1.1759018313726894
1.1734721661692928
1.1710247392095636
1.168559867312565
1.1660778650037997
1.1635790445002954
1.1610637156965946
1.158532186151639
1.1559847610765108
1.1534217433230243
1.1508434333731636
1.148250129329321
1.1456421269053472
1.143019719418372
1.1403831977813952
1.1377328504966373
1.1350689636495974
1.1323918209038488
1.129701703496527
1.1269988902344912
1.1242836574911732
1.121556279204055
1.1188170268728017
1.1160661695580028
1.1133039738805237
1.1105307040214418
1.1077466217225709
1.1049519862875303
1.1021470545833691
1.0993320810427214
1.0965073176664761
1.093673014026953
1.0908294172715658
1.0879767721269682
1.0851153209036513
1.0822453035009993
1.0793669574127844
1.0764805177330756
1.073586217162564
1.0706842860152908
1.0677749522257545
1.0648584413564008
1.0619349766054633
1.0590047788151744
1.0560680664802924
1.053125055756981
1.050175960471984
1.0472209921321252
1.0442603599340936
1.041294270774518
1.0383229292603167
1.0353465377193047
1.0323652962110792
1.0293794025381158
1.0263890522571373
1.023394438690679
1.020395752938892
1.0173931838915458
1.0143869182402339
1.0113771404907674
1.0083640329757588
1.005347775867369
1.0023285471902355
0.9993065228345459
0.9962818765692663
0.9932547800555225
0.9902254028601023
0.9871939124690967
0.9841604743016602
0.9811252517238851
0.9780884060627806
0.9750500966203659
0.972010480687844
0.9689697135598649
0.9659279485488897
0.962885336999603
0.9598420283034224
0.9567981699130602
0.9537539073571378
0.9507093842548737
0.9476647423308031
0.9446201214295503
0.9415756595306337
0.9385314927633119
0.9354877554214538
0.9324445799784328
0.9294020971020465
0.9263604356694412
0.923319722782064
0.9202800837806054
0.9172416422599565
0.9142045200841588
0.9111688374013582
0.9081347126587361
0.9051022626174476
0.9020716023675297
0.8990428453427948
0.8960161033357097
0.892991486512238
0.8899691034266639
0.8869490610363792
0.8839314647166459
0.8809164182753061
0.8779040239674676
0.8748943825101432
0.8718875930968403
0.8688837534121169
0.8658829596460691
0.8628853065087888
0.8598908872447508
0.8568997936471552
0.853912116072207
0.85092794345334
0.8479473633153749
0.8449704617886165
0.8419973236228893
0.8390280322015011
0.8360626695551479
0.833101316375731
0.8301440520301253
0.8271909545738643
0.8242421007647457
0.821297566076376
0.8183574247116301
0.8154217496160314
0.8124906124910615
0.8095640838073864
0.8066422328180027
0.8037251275712988
0.8008128349240435
0.7979054205542818
0.7950029489741511
0.792105483542616
0.7892130864781094
0.7863258188710978
0.7834437406965531
0.7805669108263408
0.7776953870415193
0.7748292260445502
0.7719684834714227
0.7691132139036909
