0.8597326216877481
0.7512514187003181
0.6740984005719315
0.6143781258122936
0.5657320989954819
0.5247635295981337
0.4894426335265354
0.4584572790129013
0.43090885616031416
0.40615420400423796
0.38371669246807194
0.36323301300387717
0.3444197153462499
0.3270512861595173
0.31094529038919394
0.2959520040418834
0.28194699850418536
0.26882572015728545
0.25649945255348966
0.24489225761269776
0.23393862355977887
0.22358163189604524
0.21377151148683332
0.20446448543455725
0.19562184221804316
0.18720918061264913
0.1791957907051492
0.1715541425335242
0.1642594606061702
0.1572893675214505
0.15062358361815337
0.144243672387387
0.13813282351048878
0.1322756670288241
0.12665811342440952
0.12126721538562629
0.11609104781629011
0.1111186032682278
0.10633970047408974
0.10174490405610812
0.09732545380900037
0.0930732022173201
0.08898055908172303
0.08504044230450467
0.08124623402989659
0.0775917414549239
0.07407116172679694
0.07067905042656056
0.06741029320902846
0.06426008022826292
0.06122388302796951
0.058297433618688686
0.05547670549988753
0.052757896415993856
0.05013741266193868
0.047611854776583536
0.045178004482082
0.04283281274424319
0.04057338884373534
0.03839699036083074
0.036301013987610896
0.03428298709139509
0.032340559961800075
0.030471498681469793
0.028673678567280998
0.026945078134856748
0.025283773544615744
0.023687933492457937
0.02215581451262088
0.020685756664308518
0.019276179577497186
0.017925578836904522
0.0166325226865763
0.01539564904095151
0.01421366279173391
0.013085333403493861
0.012009492794818737
0.010985033506135321
0.01001090716030437
0.009086123227963585
0.008209748116790106
0.007380904612873001
0.006598771714004983
0.0058625849100106524
0.005171636985889312
0.00452527945204738
0.003922924746154228
0.0033640494094395253
0.0028481985269039507
0.002374991853702325
0.0019441322604061757
0.0015554174768854718
0.0012087567142046096
0.0009041948405856832
0.0006419489398310566
0.00042246670638540593
0.000246527367047831
0.00011543839411599022
0.00003150767037941469
0.
0.00003092501800114396
0.00011123841959551745
0.00023326037018413375
0.0003925397115428527
0.0005857897682622677
0.0008103680114168498
0.0010640507638425226
0.0013449129336487043
0.001651255415396546
0.001981557494760561
0.0023344437253132923
0.0027086598077107333
0.0031030543874229176
0.003516564918457161
0.003948206422342427
0.004397062371147587
0.004862277168537424
0.0053430498593827125
0.005838628801715471
0.006348307104938942
0.006871418687020086
0.00740733483813905
0.007955461203484275
0.008515235116512756
0.009086123227963589
0.009667619386558642
0.010259242735514547
0.010860535995402
0.011471063908924177
0.012090411827215097
0.012718184420490148
0.013354004498500854
0.01399751192839567
0.01464836263934707
0.015306227704775827
0.015970792494222428
0.016641755887942394
0.017318829548169386
0.018001737241727107
0.018690214209296757
0.01938400657718899
0.02008287080792838
0.020786573186366758
0.021494889338382634
0.022207603779533968
0.02292450949129287
0.023645407522730144
0.024370106615715773
0.025098422851889117
0.025830179319811766
0.026565205800858402
0.027303338472529682
0.028044419627984207
0.028788297410690365
0.029534825563188503
0.03028386318903686
0.031035274527090907
0.03178892873733133
0.03254469969751409
0.033302465809978685
0.034062109817992396
0.03482351863105953
0.035586583158663684
0.03635119815195041
0.03711726205289213
0.03788467685050867
0.03865334794374358
0.03942318401063204
0.040194096883406735
0.04096600142922455
0.04173881543620997
0.042512459504531586
0.043286856942248535
0.04406193366567664
0.044837618104044685
0.04561384110821772
0.04639053586328555
0.047167637804821014
0.04794508453862649
0.04872281576379969
0.04950077319895371
0.05027890051144104
0.05105714324944033
0.051835448776765006
0.05261376621027137
0.053392046359742026
0.05417024167013089
0.05494830616606229
0.055726195398481004
0.05650386639335658
0.057281277602350744
0.05805838885535817
0.0588351613148422
0.05961155743188396
0.06038754090386971
0.06116307663374924
0.0619381306907962
0.06271267027280511
0.06348666366966668
0.06426008022826289
