0.06426008022826289
0.06605919819125564
0.06789644950725095
0.06977218247086275
0.07168673297905748
0.07364042409279095
0.0756335656108104
0.07766645365653971
0.07973937027893302
0.08185258306815382
0.08400634478689872
0.0862008930181519
0.08843644983011163
0.09071322145899231
0.09303139801035344
0.0953911531795657
0.09779264399196884
0.1002360105632278
0.10272137588033647
0.10524884560366629
0.1078185078903972
0.11043043323961554
0.11308467435929608
0.11578126605534218
0.11852022514277871
0.12130155037915352
0.12412522242012945
0.1269912037971972
0.1298994389173842
0.13284985408477124
0.13584235754357943
0.13887683954253288
0.1419531724201524
0.14507121071058526
0.14823079126952346
0.15143173341972846
0.15467383911561722
0.15795689312634892
0.16128066323678764
0.16464490046570068
0.1680493393005082
0.17149369794787553
0.17497767859940616
0.1785009677116829
0.18206323629986604
0.18566414024405786
0.1893033206076134
0.19298040396657867
0.19669500274941948
0.2004467155862039
0.2042351276664
0.20805981110444596
0.21192032531225952
0.21581621737785453
0.21974702244924255
0.2237122641228115
0.22771145483538244
0.2317440962591619
0.23580967969882993
0.23990768649001595
0.2440375883984393
0.24819884801901856
0.2523909191742709
0.25661324731135127
0.2608652698971107
0.2651464168105774
0.2694561107322941
0.2737937675299752
0.27815879663997584
0.2825506014440953
0.2869685796412724
0.29141212361375035
0.2958806207873337
0.3003734539853745
0.3048900017761732
0.30942963881348884
0.3139917361699046
0.3185756616628028
0.32318078017274965
0.3278064539541027
0.3324520429376937
0.337116905025453
0.34180039637687626
0.3465018716872576
0.351220684457624
0.3559561872563485
0.36070773197241957
0.3654746700603821
0.370256352776966
0.37505213140945626
0.37986135749585564
0.38468338303691946
0.38951756070015003
0.39436324401585576
0.3992197875653869
0.40408654716167747
0.408962880022226
0.41384814493466365
0.41874170241506137
0.42364291485913724
0.4285511466865355
0.4334657644783435
0.4383861371080304
0.44331163586598665
0.4482416345778525
0.4531755097168207
0.45811264051010714
0.46305240903977607
0.4679942003381208
0.47293740247778626
0.4778814066568309
0.4828256072789153
0.48776940202882113
0.4927121919434799
0.4976533814787069
0.5025923785718265
0.5075285947003785
0.5124614449370848
0.5173903480012606
0.5223147263068488
0.5272340060072541
0.5321476170371475
0.5370549931514188
0.5419555719614371
0.5468487949687872
0.5517341075966462
0.5566109592189492
0.5614788031875146
0.5663370968572625
0.5711853016096902
0.5760228828747411
0.5808493101512094
0.5856640570258261
0.5904666011911494
0.595256424462402
0.6000330127933811
0.6047958562915573
0.6095444492324961
0.6142782900737127
0.6189968814680763
0.6236997302768674
0.6283863475826137
0.6330562487017825
0.6377089531974516
0.6423439848920394
0.6469608718801905
0.6515591465419123
0.6561383455560296
0.6606980099140553
0.6652376849345367
0.6697569202779614
0.6742552699622788
0.6787322923791073
0.6831875503106829
0.6876206109475962
0.6920310459073797
0.6964184312539731
0.700782347518117
0.7051223797187056
0.709438117385123
0.7137291545805973
0.7179950899265752
0.7222355266281513
0.7264500725005404
0.7306383399966115
0.7347999462354724
0.7389345130321031
0.7430416669280263
0.7471210392229901
0.7511722660076523
0.7551949881972321
0.7591888515660974
0.7631535067832518
0.767088609448684
0.770993820130525
0.774868804402967
0.7787132328848969
0.7825267812791665
0.786309130412457
0.7900599662756554
0.7937789800646833
0.7974658682216982
0.8011203324765916
0.8047420798887052
0.8083308228886825
0.8118862793203727
0.8154081724826954
0.8188962311713786
0.8223501897204926
0.8257697880436584
0.8291547716748726
0.8325048918088307
0.835819905340666
0.839099574905007
0.8423436689142597
0.8455519615960219
0.8487242330295341
0.8518602691810838
0.8549598619382579
0.8580228091429694
0.861048914623161
0.8640379882231032
0.8669898458322105
0.8699043094122818
0.8727812070230996
0.8756203728463083
0.8784216472075013
0.8811848765964441
0.883909913685379
0.8865966173453365
0.8892448526604136
0.8918544909399426
0.8944254097285292
0.8969574928138863
0.8994506302324468
0.9019047182727044
0.9043196594762524
0.9066953626364989
0.9090317427950305
0.9113287212356012
0.9135862254757452
0.915804189255987
0.9179825525266601
0.920121261432314
0.9222202682937367
0.9242795315875727
0.92629901592357
0.9282786920194604
0.9302185366734929
0.9321185327346487
0.9339786690705585
0.9357989405331537
0.9375793479220917
0.9393198979459816
0.9410206031814581
0.942681482030145
0.9443025586735516
0.9458838630259583
0.9474254306853246
0.9489273028823005
0.9503895264273664
0.951812153656184
0.9531952423731993
0.9545388557935676
0.9558430624834637
0.957107936298832
0.9583335563226489
0.9595200068007599
0.9606673770763559
0.9617757615231571
0.9628452594773715
0.9638759751684925
0.9648680176490056
0.9658215007230728
0.9667365428742549
0.9676132671923455
0.9684518012993786
0.9692522772748797
0.9700148315804181
0.9707396049835344
0.9714267424810955
0.9720763932221482
0.9726887104303268
0.9732638513258824
0.9738019770473787
0.9743032525731277
0.9747678466424075
0.9751959316765293
0.9755876836997961
0.9759432822604089
0.9762629103513738
0.9765467543314518
0.9767950038461995
0.9770078517491558
0.9771854940231968
0.9773281297021283
0.9774359607925265
0.9775091921958904
0.9775480316311287
0.9775526895574174
0.9775233790974687
0.9774603159612305
0.9773637183700633
0.9772338069814039
0.97707080481396
0.9768749371734524
0.9766464315789226
0.9763855176896479
0.9760924272326603
0.975767393930911
0.9754106534320803
0.9750224432380624
0.9746030026351378
0.9741525726248402
0.9736713958555417
0.9731597165547623
0.972617780462215
0.9720458347635954
0.971444128025128
0.970812910128878
0.9701524322088229
0.969462946587708
0.9687447067146806
0.967997967103706
0.9672229832727747
0.9664200116838956
0.9655893096838895
0.964731135445974
0.9638457479121387
0.9629334067363273
0.9619943722284038
0.9610289052989237
0.9600372674046913
0.9590197204951161
0.9579765269593524
0.9569079495742374
0.9558142514530013
0.9546956959947756
0.9535525468348678
0.9523850677958203
0.9511935228392379
0.9499781760183873
0.9487392914315566
0.9474771331761813
0.9461919653037203
0.944884051775289
0.943553656418034
0.9422010428822556
0.9408264745992636
0.9394302147399703
0.9380125261742053
0.93657367143076
0.9351139126581473
0.9336335115860694
0.9321327294876052
0.930611827142088
0.9290710647986917
0.9275107021407014
0.9259309982504773
0.9243322115751006
0.9227145998926939
0.9210784202794209
0.9194239290771467
0.9177513818617655
0.9160610334121826
0.9143531376799559
0.9126279477595756
0.9108857158593979
0.9091266932732047
0.9073511303524098
0.9055592764788796
0.9037513800383914
0.9019276883946981
0.9000884478642123
0.8982339036913025
0.8963643000241879
0.8944798798914323
0.8925808851790382
0.8906675566081274
0.8887401337132024
0.8867988548209945
0.8848439570298868
0.8828756761899003
0.8808942468832524
0.8788999024054764
0.8768928747470917
0.8748733945758291
0.8728416912194001
0.8707979926488085
0.8687425254621977
0.8666755148692284
0.8645971846759819
0.8625077572703901
0.8604074536081727
0.8582964931992892
0.8561750940949008
0.8540434728748272
0.8519018446355001
0.849750422978411
0.8475894199990379
0.8454190462762559
0.8432395108622224
0.841051021272726
0.8388537834780097
0.8366480018940394
0.8344338793742349
0.8322116172016445
0.8299814150815631
0.8277434711345817
0.8254979818900781
0.8232451422801166
0.8209851456337869
0.8187181836719385
0.8164444465023362
0.8141641226152108
0.8118773988792094
0.8095844605377371
0.8072854912056826
0.8049806728665221
0.8026701858698003
0.800354208928977
0.7980329191196356
0.7957064918780472
0.7933751010000871
0.7910389186404926
0.7886981153124648
0.7863528598875922
0.7840033195961165
0.7816496600275059
0.7792920451313496
0.7769306372185605
0.7745655969628797
0.772197083402682
0.7698252539430684
0.7674502643582486
0.7650722687941997
0.7626914197716012
0.7603078681890381
0.7579217633264663
0.7555332528489328
0.7531424828105528
0.7507495976587238
0.7483547402385877
0.7459580517977198
0.7435596719910512
0.7411597388860133
0.7387583889678961
0.7363557571454238
0.7339519767565315
0.7315471795743461
0.729141495813362
0.7267350541358057
0.7243279816581876
0.7219204039580314
0.7195124450807786
0.7171042275468604
0.7146958723589396
0.7122874990093027
0.7098792254874144
0.707471168287614
0.7050634424169617
0.702656161403222
0.7002494373029793
0.6978433807098863
0.6954381007630372
0.6930337051554601
0.690630300142725
0.6882279905516637
0.6858268797891971
0.6834270698512654
0.6810286613318546
0.678631753432116
0.6762364439695816
0.6738428293874559
0.6714510047639977
0.6690610638219723
0.6666730989381824
0.6642872011530658
0.66190346018036
0.6595219644168262
0.6571428009520375
0.654766055578214
0.6523918128001157
0.6500201558449785
0.6476511666724969
0.6452849259848448
0.6429215132367387
0.6405610066455287
0.638203483201324
0.6358490186771479
0.6334976876391126
0.6311495634566207
0.6288047183125831
0.6264632232136531
0.6241251480004737
0.6217905613579355
0.6194595308254431
0.617132122807186
0.6148084025824105
0.6124884343156921
0.6101722810672117
0.6078600048030142
0.6055516664052736
0.6032473256825397
0.6009470413799757
0.5986508711895828
0.5963588717604091
0.594071098708739
0.5917876066282628
0.5895084491002267
0.5872336787035566
0.584963347024956
0.58269750466898
0.5804362012680753
0.5781794854925935
0.5759274050607702
0.5736800067486698
0.5714373364000948
0.5691994389364601
0.5669663583666256
0.564738137796692
