0.9335692443251027
0.8070454363084412
0.7184781546464023
0.6507904449962203
0.5962399669541919
0.5507157187588618
0.5117758843247391
0.477851524247901
0.44787457124103563
0.42108501429167217
0.3969227707948204
0.3749631966196041
0.35487666960626707
0.33640220756966
0.3193296503662373
0.3034872723619979
0.2887329528910372
0.27494774476858796
0.262031099455868
0.2498972618375634
0.23847250684184826
0.22769299252508893
0.2175030716366917
0.2078539489828953
0.1987026029477731
0.19001091116687135
0.1817449356712686
0.1738743338278772
0.16637186941577764
0.15921300408431566
0.15237555384060386
0.1458393985295319
0.13958623479107352
0.13359936491516358
0.12786351551266562
0.12236468109005195
0.11708998853453466
0.11202757924408499
0.10716650621678045
0.10249664387910686
0.09800860880817384
0.0936936898073394
0.08954378604316206
0.08555135215528059
0.0817093494186256
0.07801120217625451
0.0744507588765577
0.07102225714497148
0.06772029240112493
0.06453978960031367
0.061475977735618595
0.058524366785627266
0.055680726834106596
0.052941069123280456
0.05030162883259023
0.04775884940077573
0.045309368231468215
0.04295000364180658
0.040677742930321587
0.03848973145489511
0.03638326262427323
0.034355768717722626
0.03240481245715403
0.03052807926461779
0.02872337014566875
0.02698859514584341
0.025321767333519922
0.023720997267850215
0.022184487915375976
0.020710529983428108
0.019297497642590422
0.01794384461441511
0.01664810060434275
0.015408868063439553
0.014224819266264706
0.013094693695976949
0.012017295731867403
0.010991492638970746
0.010016212864528508
0.009090444652083602
0.008213234991294744
0.007383688930683776
0.006600969292242381
0.005864296842214568
0.005172950993112628
0.0045262711405906755
0.003923658779121434
0.003364580598771683
0.002848572852077061
0.002375247412866611
0.0019443001593845517
0.0015555226611553483
0.001208818748754555
0.0009042286423883617
0.0006419654676349505
0.0004224736126430561
0.00024652961719218543
0.00011543885930532143
0.00003150770196346082
0.
0.00003092504838928595
0.0001112388503514995
0.0002332623757796303
0.0003925456374448525
0.000585803421697003
0.0008103948964412581
0.0010640982722826826
0.0013449904998099518
0.001651374640420304
0.0019817322452168455
0.00233469020973259
0.002708996634112903
0.0031035026044096124
0.003517148042047717
0.003948950450424557
0.004397995787159246
0.00486343093578551
0.005344457407227013
0.0058403260046955155
0.00635033225579128
0.00687381246442249
0.007410140269920856
0.007958723625958487
0.008519002130510019
0.009090444652083605
0.00967254720809806
0.010264831059477382
0.010866840991955772
0.011478143759623114
0.012098326670276383
0.012726996295378457
0.01336377729004637
0.014008311310645486
0.014660256019328594
0.015319284166328363
0.01598508274203564
0.016657352191924026
0.01733580568824952
0.018020168453193004
0.018710177128739867
0.019405579189136206
0.020106132392218416
0.020811604266324987
0.02152177162983896
0.02223642014072221
0.022955343873663218
0.023678344922700503
0.02440523302738276
0.02513582522071598
0.025869945497304068
0.02660742450023701
0.027348099225406187
0.02809181274204065
0.028838413928363765
0.02958775722135654
0.030339702379701485
0.03109411425905169
0.0318508625988423
0.032609821819912885
0.03337087083227849
0.03413389285242428
0.03489877522955212
0.03566540928024764
0.03643369013107217
0.03720351656862328
0.037974790896634344
0.038747418799715404
0.03952130921336869
0.04029637419992606
0.04107252883009126
0.041849691069780925
0.04262778167198343
0.04340672407337063
0.04418644429541125
0.044966870849759887
0.045747934647694236
0.0465295689134028
0.04731170910092474
0.04809429281456233
0.048877259732596594
0.04966055153414111
0.05044411182898426
0.05122788609027897
0.05201182158993848
0.052795867336617515
0.05357997401615319
0.05436409393435375
0.055148180962026595
0.0559321904821435
0.05671607933904702
0.057499805789605576
0.05828332945622907
0.05906661128166753
0.05984961348550903
0.060632299522304756
0.06141463404125234
0.062196582847369834
0.0629781128640943
0.06375919209724812
0.06453978960031365
