1.094196462854275
0.9335004214721455
0.8220719809977828
0.7377002991742007
0.6703400541006248
0.6146453178351413
0.5674343813693725
0.5266605611159801
0.4909301785269221
0.4592520083562778
0.4308964020342421
0.4053110744928748
0.38206822828510667
0.360829987958727
0.3413250294788971
0.3233323201576346
0.30666952382212886
0.29118455382531216
0.2767493025719959
0.2632549086635247
0.2506081312271288
0.23872853519479503
0.22754627972834615
0.21700036149494267
0.20703720530430716
0.19760952308638075
0.1886753823597664
0.1801974398400105
0.17214230639636813
0.1644800173491949
0.15718358790274467
0.15022863787863464
0.14359307323922346
0.13725681444135374
0.1312015636349736
0.12541060426146655
0.11986862781680994
0.11456158350258816
0.10947654725088862
0.10460160722091565
0.09992576335823593
0.09543883900756886
0.09113140289601394
0.08699470007054302
0.08302059059367776
0.07920149498274409
0.07553034552936577
0.07200054276152228
0.06860591641623534
0.06534069037919346
0.062199451122746184
0.059177119236737886
0.056268923700557257
0.053470378590475924
0.05077726195565191
0.04818559662967144
0.04569163277341232
0.04329183196997184
0.04098285271392084
0.038761537155911414
0.03662489897993926
0.03457011230471224
0.03259450151315518
0.030695531924881777
0.02887080123626438
0.02711803166110082
0.025435062712633367
0.023819844574428366
0.02227043201365452
0.020784978796131635
0.019361732567230314
0.017999030167886565
0.016695293359178374
0.015449024933370862
0.014258805193586636
0.013123288788586106
0.012041201893625753
0.011011339733305705
0.01003256444783668
0.009103803310336821
0.008224047310546614
0.0073923501296514794
0.006607827542914891
0.005869657302339008
0.005177079572624306
0.004529398022370511
0.003925981713024426
0.0033662679865235977
0.002849766639449999
0.002376065804668608
0.0019448401718055468
0.0015558625254821774
0.0012090201800061566
0.0009043389861668307
0.000642019738838193
0.00042249644040888467
0.00024653711223562917
0.00011544042368750438
0.00003150780963166972
0
0.000030925151995099164
0.00011124029956302642
0.00023326906122863908
0.0003925652463356821
0.0005858483215861088
0.0008104828298084998
0.0010642529042725626
0.001345241847803782
0.0016517594063209925
0.0019822940665389917
0.002335479842352802
0.002710072077019149
0.0031049291751818375
0.0035189984102597686
0.003951304635084465
0.004400941123495871
0.0048670620158123646
0.00534887599798391
0.005845640947561589
0.0063566593497501045
0.006881274335855171
0.007418866231140803
0.00796884952445215
0.008530670190573728
0.009103803310341302
0.009687750944240795
0.010282040223359469
0.010886221628040163
0.011499867429669892
0.012122570275058652
0.012753941896093265
0.01339361192999606
0.014041226837725369
0.01469644890974271
0.015358955349946534
0.016028437429706607
0.01670459970502586
0.017387159290754
0.018075845186397176
0.018770397648881144
0.019470567608020413
0.02017611612099281
0.020886813862445078
0.021602440647361623
0.022322784983961473
0.02304764365421085
0.02377682131989417
0.02451013015220331
0.025247389483116486
0.02598842547696965
0.026733070820755198
0.027481164431832305
0.028232551181804004
0.028987081635523
0.029744611804095378
0.030505002911106024
0.03126812117103665
0.03203383757921954
0.032802027712565796
0.033572571540314115
0.03434535324433759
0.03512026104827085
0.03589718705501962
0.03667602709215056
0.037456680564675396
0.03823905031478993
0.03902304248824037
0.03980856640687033
0.040595534447014935
0.04138386192347546
0.04217346697870871
0.04296427047698689
0.04375619590322749
0.044549169266288574
0.04534311900648424
0.046137975907076474
0.04693367300955066
0.04773014553253842
0.04852733079410003
0.049325168137295324
0.050123598858808904
0.050922566140566235
0.05172201498407972
0.05252189214751031
0.053322146085227444
0.054122726889793096
0.054923586236291067
0.05572467732876184
0.0565259548488121
0.05732737490618308
0.0581288949912523
0.0589304739293223
0.05973207183668249
0.060533650078321614
0.06133517122722232
0.0621365990251955
0.06293789834516744
0.06373903515482907
0.06453997648165447
0.06534069037919295
