0.06628301205970163
0.06820501636753713
0.07017179335415999
0.07218399205877385
0.07424225902950415
0.07634723799523324
0.07849956953835888
0.08069989076906545
0.08294883500106359
0.08524703142930222
0.08759510480968014
0.08999367514129238
0.09244335735081362
0.09494476097999073
0.09749848987565857
0.10010514188286382
0.10276530854105524
0.10547957478346412
0.10824851863975885
0.1110727109419187
0.11395271503365782
0.11688908648298205
0.11988237279836834
0.12293311314807852
0.12604183808302855
0.12920906926275172
0.13243531918478302
0.1357210909170683
0.13906687783354735
0.14247316335271526
0.14594042067904267
0.14946911254730494
0.15305969096950467
0.15671259698432313
0.16042826040920424
0.16420709959455862
0.16804952118032765
0.171955919854568
0.17592667811404317
0.17996216602661508
0.1840627409954838
0.18822874752495306
0.19246051698784009
0.1967583673943133
0.20112260316206465
0.20555351488786527
0.21005137912032568
0.21461645813388452
0.21924899970392708
0.22394923688315554
0.22871738777894404
0.23355365533202427
0.23845822709619738
0.24343127501937012
0.248472955225748
0.25358340779951205
0.2587627565696833
0.26401110889678925
0.2693285554609396
0.2747151700517392
0.2801710093601322
0.28569611277229734
0.2912905021657978
0.2969541817081034
0.3026871376578764
0.3084893381689814
0.314360733097665
0.3203012538129928
0.3263108130109422
0.33238930453224724
0.3385366031844216
0.34475256456810166
0.3510370249081779
0.35738980088977806
0.36381068949962436
0.37029946787290935
0.376855893146154
0.38347970231619033
0.39017061210573745
0.39692831883584906
0.40375249830547527
0.41064280567858324
0.4175988753790837
0.42462032099386576
0.43170673518435393
0.43885768960675575
0.44607273484145527
0.4533514003317034
0.4606931943320688
0.46809760386679355
0.47556409469837535
0.4830921113067155
0.4906810768789947
0.49833039331058454
0.5060394412172382
0.5138075799587615
0.521634147674358
0.5295184613299754
0.5374598167776847
0.5454574888273351
0.553510731330711
0.5616187772782133
0.5697808389082937
0.5779961078297473
0.5862637551568728
0.5945829316577335
0.6029527679154366
0.6113723745026262
0.6198408421690628
0.6283572420424578
0.6369206258424509
0.6455300261078114
0.6541844564366973
0.6628829117400548
0.6716243685079961
0.6804077850891215
0.6892321019826234
0.6980962421431289
0.7069991112980576
0.7159395982773993
0.7249165753557081
0.7339288986061441
0.7429754082663521
0.752054929115925
0.7611662708652741
0.770308228555614
0.7794795829698121
0.7886791010537945
0.7979055363482939
0.8071576294305141
0.816434108365488
0.8257336891667924
0.835055076266167
0.8443969629918586
0.8537580320551637
0.8631369560448735
0.872532397929232
0.8819430115650088
0.8913674422132469
0.9008043270613115
0.9102522957508423
0.9197099709111127
0.92917596869744
0.9386488993341431
0.9481273676616819
0.9576099736874575
0.9670953131398684
0.9765819780251809
0.9860685571867012
0.9955536368658648
1.0050358012647487
1.0145136331095577
1.0239857142146114
1.0334506260464216
1.042906950287353
1.0523532693984599
1.061788167181023
1.071210229336348
1.080618044023396
1.0900102024138068
1.0993852992438442
1.1087419333629154
1.118078708278163
1.1273942326947788
1.136687121051594
1.1459559940515658
1.155199479186757
1.1644162112574523
1.1736048328850037
1.182763995018071
1.1918923574318736
1.200988589220147
1.2100513692794368
1.2190793867854168
1.228071341660934
1.237025945035453
1.245941919695642
1.2548180005267824
1.2636529349447834
1.2724454833185095
1.2811944193821971
1.2898985306377333
1.2985566187465631
1.3071674999110523
1.3157300052450847
1.3242429811337317
1.332705289581828
1.3411158085512993
1.3494734322870938
1.357777071631622
1.36602565432755
1.3742181253088772
1.3823534469801917
1.390430599484044
1.398448580956369
1.4064064077698974
1.414303114765537
1.4221377554716859
1.4299094023114656
1.4376171467978769
1.4452600997168805
1.4528373912984345
1.4603481713755047
1.4677916095311203
1.475166895233482
1.4824732379592445
1.4897098673049853
1.4968760330870152
1.5039710054295465
1.5109940748413886
1.51794455228125
1.5248217692117572
1.531625077642368
1.5383538501612464
1.5450074799563123
1.5515853808255713
1.5580869871769087
1.5645117540174986
1.5708591569330084
1.5771286920567837
1.5833198760291838
1.5894322459472594
1.5954653593049823
1.6014187939242102
1.6072921478765883
1.613085039396616
1.6187971067860751
1.6244280083100155
1.6299774220845678
1.6354450459567507
1.640830597376527
1.6461338132613141
1.6513544498532038
1.6564922825690882
1.6615471058439284
1.6665187329674365
1.671406995914324
1.676211745168435
1.6809328495409235
1.6855701959827616
1.690123689391772
1.6945932524144318
1.698978825242681
1.7032803654059574
1.7074978475586824
1.7116312632634334
1.715680620770018
1.7196459447906904
1.7235272762716929
1.7273246721613824
1.7310382051751416
1.734667963557269
1.7382140508400885
1.7416765856004752
1.7450557012139856
1.7483515456068175
1.7515642810057892
1.7546940836865192
1.7577411437200205
1.7607056647178763
1.7635878635762057
1.7663879702185619
1.7691062273379816
1.7717428901383272
1.7742982260751028
1.7767725145959186
1.7791660468807255
1.781479125582036
1.7837120645652316
1.7858651886491235
1.7879388333469293
1.7899333446077617
1.7918490785588181
1.7936864012483613
1.7954456883896261
1.7971273251058013
1.7987317056761727
1.8002592332835614
1.801710319763163
1.8030853853528865
1.8043848584453175
1.8056091753413768
1.8067587800057885
1.807834123824444
1.8088356653637363
1.8097638701319707
1.810619210342906
1.8114021646815186
1.8121132180720596
1.8127528614484543
1.8133215915271403
1.8138199105823722
1.8142483262240725
1.814607351178273
1.8148975030702017
1.8151193042100497
1.815273281381486
1.8153599656329318
1.81537989207166
1.8153335996607294
1.815221631018809
1.8150445322228974
1.8148028526139803
1.8144971446056524
1.8141279634956957
1.813695867280675
1.8132014164735266
1.8126451739241856
1.8120277046432252
1.8113495756285691
1.8106113556952168
1.8098136153080493
1.8089569264176835
1.808041862299367
1.8070689973949414
1.8060389071578438
1.8049521679011558
1.8038093566486884
1.802611050989083
1.8013578289329477
1.80005026877297
1.798688948947042
1.7972744479043468
1.7958073439744027
1.7942882152390547
1.7927176394073705
1.7910961936934635
1.7894244546971607
1.7877029982875505
1.7859323994893574
1.78411323237212
1.7822460699421585
1.780331484037295
1.7783700452242959
1.7763623226990353
1.7743088841893118
1.772210295860318
1.7700671222227284
1.7678799260433598
1.7656492682583944
1.7633757078891201
1.7610598019601624
1.7587021054201704
1.756303171064932
1.7538635494628776
1.7513837888829447
1.7488644352247644
1.746306031951144
1.7437091200227997
1.7410742378353214
1.738401921158319
1.7356927030767233
1.7329471139342196
1.730165681278737
1.7273489298100277
1.724497381329235
1.7216115546904445
1.7186919657541968
1.7157391273429037
1.7127535491981383
1.709735737939777
1.7066861970269536
1.703605426720772
1.7004939240487864
1.6973521827711684
1.6941806933485588
1.6909799429115553
1.6877504152318177
1.6844925906947392
1.6812069462736612
1.6778939555056087
1.6745540884684895
1.671187811759754
1.6677955884764573
1.6643778781967118
1.6609351369625012
1.657467817263795
1.6539763680239759
1.6504612345865235
1.6469228587029199
1.6433616785217775
1.6397781285791229
1.6361726397898408
1.6325456394402265
1.6288975511816335
1.6252287950251771
1.6215397873374846
1.6178309408374412
1.6141026645939274
1.6103553640245072
1.6065894408950503
1.6028052933202597
1.5990033157650743
1.595183899046939
1.5913474303388941
1.5874942931734808
1.5836248674474338
1.5797395294271293
1.5758386517547738
1.5719226034553184
1.5679917499440588
1.5640464530349183
1.5600870709493728
1.5561139583260264
1.5521274662307785
1.5481279421676026
1.5441157300898825
1.5400911704123157
1.5360546000233408
1.532006352298092
1.527946757111843
1.5238761408539332
1.5197948264421712
1.5157031333376592
1.5116013775600763
1.5074898717033491
1.5033689249517388
1.4992388430963026
1.495099928551721
1.4909524803734777
1.4867967942753817
1.4826331626474007
1.4784618745738176
1.4742832158516679
1.4700974690094668
1.4659049133262065
1.4617058248506016
1.4575004764205837
1.453289137683024
1.4490720751136772
1.4448495520373275
1.4406218286481405
1.4363891620301925
1.4321518061781684
1.4279100120182417
1.4236640274290862
1.4194140972630471
1.4151604633674413
1.4109033646059705
1.4066430368802696
1.402379713151543
1.398113623462308
1.3938449949582197
1.389574051909983
1.385301015735331
1.3810261050210695
1.3767495355451786
1.3724715202989595
1.3681922695092306
1.36391199066055
1.3596308885174708
1.3553491651468141
1.3510670199399644
1.3467846496351599
1.3425022483398017
1.3382200075527466
1.333938116186595
1.3296567605899694
1.325376124569763
1.3210963894133716
1.31681773391089
1.3125403343772806
1.308264364674491
1.3039899962335362
1.2997173980765324
1.2954467368386695
1.2911781767901407
1.2869118798579928
1.2826480056479306
1.2783867114660392
1.2741281523404406
1.2698724810428748
1.2656198481102008
1.2613704018658154
1.2571242884409872
1.2528816517961066
1.248642633741838
1.2444073739601904
1.2401760100254742
1.2359486774251776
1.231725509580735
1.2275066378681876
1.2232921916387478
1.2190822982392517
1.2148770830324997
1.210676669417492
1.2064811788495482
1.2022907308603124
1.1981054430776392
1.19392543124537
1.189750809242981
1.185581689105115
1.1814181810409943
1.1772603934537003
1.173108432959342
1.1689624044060887
1.164822410893083
1.1606885537892202
1.156560932751805
1.152439645745076
1.1483247890586048
