0.06453978960031365
0.06635600120269416
0.0682112726240684
0.07010599394173908
0.07204054416985059
0.07401529083102841
0.07603058953832077
0.07808678358827514
0.08018420356595066
0.08232316696264202
0.08450397780706073
0.08672692631068618
0.08899228852796412
0.09130032603199395
0.09365128560630373
0.09604539895327259
0.09848288241971721
0.10096393674011112
0.10348874679786166
0.10605748140502115
0.10867029310075799
0.11132731796886904
0.11402867547455389
0.11677446832063794
0.1195647823233588
0.12239968630780028
0.12527923202299385
0.12820345407666023
0.13117236988952152
0.1341859796690527
0.13724426640250603
0.14034719586898484
0.14349471667030628
0.1466867602803447
0.1499232411125023
0.15320405660492392
0.15652908732301768
0.1598981970788267
0.16331123306674397
0.16676802601504562
0.1702683903526778
0.17381212439071192
0.17739901051785073
0.18102881540935795
0.1847012902487468
0.1884161709615627
0.1921731784605679
0.1959720189016319
0.199812383949616
0.20369395105353633
0.20761638373028427
0.21157933185617994
0.21558243196563548
0.21962530755620555
0.22370756939930828
0.22782881585590573
0.23198863319644278
0.23618659592435018
0.2404222671024356
0.2446951986814966
0.24900493183050318
0.2533509972677236
0.2577329155921761
0.26215019761481506
0.2666023446888791
0.2710888490388537
0.27560919408752005
0.2801628547805905
0.2847492979084538
0.2893679824245774
0.29401835976014656
0.2986998741345364
0.3034119628612523
0.30815405664898843
0.31292557989749503
0.3177259509879571
0.3225545825676309
0.3274108818284974
0.3322942507797265
0.3372040865137722
0.34213978146594126
0.3471007236673048
0.35208629699085076
0.3570958813907974
0.3621288531350044
0.3671845850304587
0.3722624466418138
0.3773618045030003
0.3824820223219324
0.38762246117836685
0.3927824797149778
0.3979614343217386
0.40315867931371085
0.40837356710236516
0.41360544836056135
0.41885367218134506
0.42411758623071116
0.42939653689451573
0.4346898694197149
0.439996928050124
0.4453170561569033
0.4506495963639714
0.455993890668569
0.461349280557193
0.4667151071171267
0.47209071114379525
0.4774754332441844
0.4828686139365481
0.488269593746655
0.49367771330079824
0.49909231341581284
0.5045127351863294
0.5099383200695058
0.5153684099674624
0.5208023473076474
0.5262394751213584
0.5316791371206431
0.5371206777737876
0.5425634423796045
0.5480067771407273
0.553450029236102
0.5588925468928717
0.5643336794578372
0.569772777468669
0.575209192725037
0.5806422783598274
0.5860713889105869
0.5914958803913541
0.5969151103650014
0.6023284380162244
0.6077352242252947
0.6131348316426868
0.6185266247646856
0.6239099700100614
0.6292842357979047
0.6346487926266948
0.6400030131546679
0.6453462722815455
0.650677947231681
0.6559974176386576
0.6613040656313733
0.6665972759216545
0.671876435893394
0.6771409356932445
0.6823901683228624
0.6876235297326936
0.6928404189173072
0.6980402380122372
0.7032223923923274
0.7083862907715334
0.7135313453041544
0.7186569716874417
0.7237625892655424
0.7288476211347177
0.7339114942497724
0.7389536395316366
0.7439734919760181
0.7489704907630532
0.75394407936788
0.7588937056720323
0.7638188220755857
0.7687188856099363
0.7735933580511383
0.7784417060336802
0.7832634011646054
0.7880579201378606
0.7928247448487716
0.7975633625085212
0.8022732657585205
0.8069539527845517
0.8116049274305672
0.8162256993120143
0.8208157839285716
0.825374702776168
0.8299019834581571
0.8343971597955242
0.8388597719360038
0.8432893664619664
0.8476854964969683
0.8520477218108184
0.856375608923053
0.8606687312046851
0.8649266689781048
0.8691490096150136
0.8733353476322683
0.8774852847855177
0.8815984301605161
0.885674400261994
0.8897128190999932
0.8937133182735257
0.8976755370514853
0.9015991224506873
0.9054837293109473
0.9093290203671018
0.9131346663178809
0.9169003458915433
0.9206257459081976
0.9243105613387277
0.9279544953602469
0.9315572594080204
0.9351185732237832
0.9386381649004023
0.9421157709228292
0.9455511362052886
0.9489440141246711
0.9522941665500837
0.9556013638685322
0.9588653850067057
0.9620860174488498
0.9652630572507028
0.9683963090494987
0.9714855860700194
0.9745307101267147
0.97753151162188
0.9804878295399189
0.9833995114377045
0.9862664134310575
0.9890884001773803
0.991865344854477
0.9945971291355917
0.9972836431607224
0.9999247855042483
1.0025204631389317
1.0050705913963422
1.0075750939237818
1.0100339026377567
1.012446957674086
1.0148142073347026
1.0171356080312408
1.0194111242254777
1.0216407283667188
1.0238244008262112
1.0259621298286798
1.0280539113810674
1.030099749198583
1.0320996546281482
1.0340536465693364
1.0359617513929193
1.0378240028570933
1.0396404420215184
1.0414111171592486
1.0431360836666685
1.0448154039715338
1.0464491474392221
1.0480373902772997
1.0495802154385014
1.0510777125222315
1.0525299776746873
1.0539371134877054
1.0552992288964362
1.0566164390759385
1.0578888653367984
1.0591166350198717
1.06029988139024
1.0614387435304762
1.0625333662333134
1.063583899893807
1.0645905004010783
1.0655533290297226
1.0664725523309728
1.0673483420236953
1.0681808748852961
1.0689703326426196
1.0697169018629156
1.0704207738449343
1.0710821445102365
1.071701214294772
1.0722781880407994
1.0728132748892052
1.0733066881722781
1.0737586453070076
1.0741693676889432
1.0745390805866781
1.0748680130370074
1.0751563977407927
1.0754044709595982
1.0756124724131144
1.0757806451774319
1.0759092355841862
1.0759984931206121
1.0760486703305407
1.0760600227163613
1.0760328086419897
1.075967289236846
1.0758637283008894
1.0757223922107095
1.0755435498267023
1.075327472401349
1.0750744334886089
1.074784708854441
1.0744585763884629
1.0740963160167607
1.073698209615858
1.073264540927845
1.0727955954766806
1.072291660485664
1.071753024796088
1.0711799787870604
1.0705728142965114
1.0699318245433744
1.0692573040509377
1.0685495485713725
1.0678088550114304
1.0670355213592966
1.066229846612612
1.0653921307076364
1.0645226744495653
1.0636217794439842
1.0626897480294468
1.0617268832111857
1.0607334885959252
1.0597098683278108
1.0586563270254215
1.0575731697198754
1.0564607017940069
1.0553192289226125
1.0541490570137413
1.0529504921510429
1.0517238405371363
1.0504694084380066
1.0491875021284116
1.04787842783829
1.0465424917001518
1.0451799996974591
1.0437912576139605
1.0423765709839925
1.0409362450437174
1.0394705846833012
1.0379798944000145
1.036464478252245
1.034924639814411
1.0333606821327719
1.0317729076821158
1.0301616183233195
1.0285271152617745
1.0268696990066584
1.0251896693310543
1.0234873252328975
1.0217629648967506
1.020016885656389
1.0182493839581914
1.0164607553253306
1.0146512943227455
1.012821294522895
1.010971048472281
1.0091008476587366
1.0072109824794617
1.0053017422098105
1.0033734149728104
1.0014262877094193
0.9994606461494946
0.9974767747834876
0.9954749568348371
0.9934554742330657
0.991418607587573
0.9893646361621088
0.987293837849925
0.9852064891496062
0.9831028651415591
0.9809832394651594
0.9788478842965544
0.9766970703271125
0.9745310667425002
0.9723501412024036
0.9701545598208691
0.9679445871472628
0.965720486147845
0.9634825181879481
0.9612309430147588
0.9589660187406878
0.9566880018273347
0.9543971470700259
0.9520937075829361
0.9497779347847704
0.9474500783850133
0.9451103863707346
0.9427591049939437
0.9403964787594883
0.938022750413491
0.9356381609323179
0.9332429495120709
0.9308373535586022
0.9284216086780362
0.9259959486678062
0.9235606055081824
0.9211158093543004
0.9186617885286742
0.9161987695141929
0.9137269769475893
0.9112466336133827
0.9087579604382738
0.906261176486012
0.9037564989526936
0.901244143162518
0.8987243225639732
0.8961972487264528
0.8936631313372984
0.8911221781992587
0.888574595228359
0.8860205864521742
0.8834603540085051
0.880894098144438
0.8783220172157965
0.8757443076869676
0.8731611641310998
0.8705727792306717
0.8679793437784089
0.8653810466785681
0.8627780749485535
0.8601706137208807
0.8575588462454686
0.8549429538922635
0.8523231161541769
0.8496995106503409
0.8470723131296705
0.844441697474724
0.8418078357058593
0.8391708979856796
0.8365310526237577
0.8338884660816352
0.8312433029780973
0.8285957260946994
0.8259458963815602
0.8232939729633965
0.820640113145809
0.8179844724218037
0.8153272044785405
0.8126684612043154
0.8100083926957565
0.8073471472652352
0.8046848714484867
0.8020217100124307
0.7993578059631887
0.796693300554294
0.7940283332950799
0.7913630419592537
0.7886975625936423
0.7860320295271019
0.7833665753795953
0.7807013310714195
0.7780364258325934
0.7753719872123832
0.7727081410889742
0.770045011679274
0.7673827215488505
0.7647213916219928
0.7620611411918922
0.7594020879309392
0.7567443479011318
0.7540880355645898
0.7514332637941689
0.7487801438841688
0.7461287855611414
0.7434792969947761
0.7408317848088749
0.7381863540924023
0.7355431084106097
0.7329021498162338
0.7302635788607525
0.7276274946057094
0.7249939946340934
0.7223631750617701
0.7197351305489657
0.7171099543117945
0.7144877381338293
0.7118685723777086
0.7092525459967827
0.7066397465467857
0.7040302601975377
0.7014241717446719
0.698821564621381
0.6962225209101829
0.6936271213546998
0.6910354453714482
0.6884475710616387
0.6858635752229799
0.6832835333614851
0.6807075197032797
0.678135607206402
0.6755678675725999
0.6730043712591238
0.6704451874904975
0.6678903842702861
0.6653400283928415
0.66279418545503
0.6602529198679413
0.6577162948685731
0.6551843725314881
0.6526572137804472
0.6501348784000105
0.6476174250471074
0.6451049112625715
0.6425973934826447
0.6400949270504361
0.637597566227349
0.6351053642044626
0.6326183731138733
0.6301366440399878
0.6276602270307774
0.6251891711089762
0.622723524283238
