1.3483594548238056e-6
1.411492050274648e-6
1.4775721589354037e-6
1.5467368010743948e-6
1.619129324164259e-6
1.6948996935513044e-6
1.7742047945355638e-6
1.8572087475900004e-6
1.9440832395212633e-6
2.035007868452805e-6
2.13017050233021e-6
2.2297676579890513e-6
2.3340048933700537e-6
2.443097218510459e-6
2.5572695249066324e-6
2.6767570343129695e-6
2.8018057658008303e-6
2.9326730275057214e-6
3.0696279247421443e-6
3.212951895325539e-6
3.362939265514482e-6
3.51989783340587e-6
3.6841494743400805e-6
3.856030776260276e-6
4.035893702054722e-6
4.224106278942701e-6
4.421053322522643e-6
4.627137186937127e-6
4.842778552535511e-6
5.068417245539611e-6
5.3045130933040625e-6
5.551546817826921e-6
5.810020967446258e-6
6.080460887876285e-6
6.36341573756868e-6
6.659459543481071e-6
6.969192306024452e-6
7.29324114751967e-6
7.632261514294114e-6
7.9869384239475e-6
8.357987772532183e-6
8.746157692502642e-6
9.152229970289029e-6
9.577021522686136e-6
0.0000100213859372227
0.00001048621507411795
0.000010972440740120736
0.000011481036427241461
0.000012013019127630205
0.000012569451222120362
0.000013151442447402634
0.00001376015194521418
0.000014396790394119192
0.000015062622230384302
0.000015758967958469993
0.00001648720655699173
0.000017248777980564585
0.000018045185765209118
0.00001887799973457271
0.000019748858819775598
0.000020659473988158215
0.000021611631290645864
0.000022607195028247213
0.000023648111044031932
0.00002473641014462156
0.000025874211655768165
0.00002706372711449041
0.00002830726410556221
0.00002960723024444575
0.0000309661373142718
0.00003238660555861678
0.000033871368136941566
0.000035423275748935766
0.00003704530143121711
0.00003874054553086054
0.000040512240865774186
0.00004236375807029848
0.000044298611139866525
0.00004632046317250106
0.00004843313231910082
0.00005064059794562644
0.00005294700701075078
0.00005535668067036301
0.000057874121111757364
0.00006050401861951316
0.00006325125888953237
0.00006612093058410985
0.00006911833314618376
0.00007224898486868106
0.0000755186312323532
0.00007893325351358168
0.00008249907766844798
0.00008622258350129308
0.0000901105141193172
0.00009416988567983194
0.00009840799744017491
0.00010283244210812272
0.00010745111649882367
0.00011227223250992443
0.00011730432840844116
0.00012255628044246223
0.00012803731477566154
0.00013375701974960552
0.00013972535847862016
0.00014595268177480493
0.00015244974140970075
0.00015922770371331804
0.00016629816350642753
0.00017367315837526383
0.00018136518327612985
0.00018938720548253597
0.0001977526798588462
0.00020647556446975665
0.0002155703365132935
0.00022505200857617699
0.0002349361452066007
0.0002452388797969583
0.0002559769317661653
0.000267167624038172
0.0002788289008013707
0.0002909793455390551
0.00030363819932130676
0.00031682537933865534
0.0003305614976639257
0.0003448678802321999
0.00035976658600506405
0.0003752804263134639
0.00039143298435218704
0.00040824863479440926
0.00042575256351781325
0.00044397078739547295
0.00046293017413732805
0.0004826584621434263
0.0005031842803364366
0.0005245371679416875
0.0005467475941724648
0.0005698469777863801
0.0005938677064666877
0.0006188431559883996
0.0006448077091227372
0.0006717967742310148
0.0006998468035004772
0.0007289953107662402
0.0007592808888720227
0.0007907432265082893
0.000823423124468777
0.0008573625112735201
0.0008926044580903071
0.0009291931928916286
0.0009671741137870296
0.0010065938014591138
0.0010475000306397004
0.0010899417805556397
0.001133969244274542
0.001179633836880418
0.001226988202406561
0.0012760862194555573
0.0013269830054324142
0.0013797349193217527
0.0014343995629322744
0.00149103578054259
0.0015497036568729902
0.0016104645133180903
0.0016733809023681794
0.0017385166001550132
0.001805936597056819
0.0018757070863022372
0.0019478954505102249
0.002022570246112947
0.002099801185608162
0.002179659117590164
0.0022622160045163253
0.002347544898168746
0.0024357199127758864
0.0025268161957611316
0.0026209098960994826
0.0027180781302572608
0.0028183989457088205
0.0029219512820208566
0.0030288149295073937
0.003139070485462577
0.0032527993079924677
0.003370083467461739
0.0034910056955971577
0.003615649332278184
0.0037440982700728065
0.0038764368965686488
0.0040127500345664546
0.004153122880215827
0.004297640939165917
0.0044463899608318406
0.004599455870870075
0.0047569247019752445
0.004918882523109833
0.005085415367296083
0.00525660915809539
0.005432549634919774
0.005613322277314877
0.005799012228371678
0.005989704217419652
0.0061854824821672314
0.006386430690454722
0.0065926318617928695
0.006804168288860441
0.007021121459137351
0.007243571976854971
0.007471599485441112
0.00770528259064071
0.007944698784491708
0.008189924370334622
0.008441034389030964
0.008698102546562161
0.008961201143179354
0.009230401004262177
0.009505771413049839
0.009787380045390951
0.010075292906652723
0.010369574270930151
0.010670286622671218
0.010977490600840849
0.011291244945722985
0.011611606448454229
0.011938629903372276
0.012272368063244308
0.012612871597433172
0.012960189053043884
0.01331436681907876
0.013675449093617318
0.014043477854019767
0.014418492830148313
0.014800531480571446
0.015189628971720106
0.015585818159935885
0.015989129576350194
0.01639959141451189
0.01681722952067459
0.01724206738664002
0.017674126145045644
0.018113424566968135
0.0185599790617166
0.019013803678666192
0.019474910110991176
0.019943307701129436
0.020419003447832255
0.020902002014617463
0.02139230573946863
0.02188991464560298
0.022394826453132118
0.022907036591448823
0.023426538212164776
0.023953322202428247
0.02448737719845902
0.02502868959913587
0.025577243579482576
0.026133021103903486
0.02669600193902535
0.027266163666015888
0.027843481692252488
0.028427929262231977
0.029019477467615976
0.029618095256327588
0.0302237494406159
0.030836404704030464
0.031456023607251145
0.032082566592737484
0.032715991988176346
0.03335625600871589
0.03400331275799649
0.03465711422799432
0.03531761029771158
0.035984748730767895
0.03665847517194344
0.03733873314276135
0.03802546403618457
0.038718607110537706
0.03941809948275788
0.040123876121100376
0.040835869837430455
0.04155401127924311
0.04227822892156063
0.04300844905886472
0.04374459579722838
0.04448659104681723
0.045234354514930006
0.04598780369976073
0.046746853885060065
0.04751141813587214
0.04828140729553492
0.049056729984116726
0.04983729259847173
0.050622999314083914
0.05141375208887464
0.05220945066913448
0.053009992597739614
0.05381527322480623
0.05462518572092461
0.05543962109310806
0.056258468203582976
0.05708161379153429
0.05790894249791225
0.058740336893389346
0.05957567750955333
0.06041484287339933
0.06125770954517977
0.062104152159651406
0.06295404347075116
0.06380725439971098
0.06466365408661758
0.065523109945402
0.06638548772223161
0.06725065155726646
0.06811846404972521
0.06898878632619673
0.06986147811211103
0.07073639780628593
0.0716134025584378
0.07249234834954563
0.07337309007493742
0.07425548162996382
0.07513937599810828
0.0760246253413814
0.07691108109282659
0.07779859405097043
0.07868701447603112
0.07957619218770132
0.08046597666430842
0.0813562171431574
0.08224676272185141
0.08313746246038499
0.08402816548380197
0.08491872108520772
0.08580897882892297
0.08669878865357139
0.08758800097488585
0.08847646678802741
0.08936403776920865
0.09025056637641406
0.09113590594902163
0.09201991080612346
0.09290243634335642
0.09378333912805346
0.0946624769925378
0.09553970912538183
0.09641489616046596
0.09728790026367631
0.09815858521708745
0.09902681650049025
0.09989246137012557
0.10075538893449762
0.10161547022715278
0.10247257827631244
0.10332658817126393
0.10417737712541937
0.10502482453596468
0.1058688120400303
0.10670922356732351
0.10754594538917452
0.10837886616395817
0.10920787697885921
0.11003287138796575
0.11085374544667954
0.11167039774243999
0.11248272942177746
0.11329064421370674
0.11409404844949336
0.1148928510788236
0.11568696368242605
0.11647630048119073
0.11726077834185071
0.118040316779288
0.11881483795553875
0.11958426667557659
0.12034853037995984
0.12110755913443232
0.12186128561657844
0.12260964509962637
0.12335257543351352
0.12409001702331639
0.12482191280516232
0.12554820821973775
0.12626885118351205
0.12698379205779803
0.12769298361577258
0.1283963810075798
0.12909394172364647
0.12978562555633033
0.130471394560032
0.13115121300989446
0.13182504735921738
0.132492866195709
0.1331546401967015
0.13381034208345166
0.1344599465746468
0.13510343033923455
0.1357407719486928
0.1363719518288544
0.13699695221139477
0.13761575708509274
0.1382283521469684
0.13883472475339706
0.13943486387129905
0.14002876002949852
0.1406164052703403
0.1411977931016504
0.1417729184491226
0.14234177760920902
0.14290436820258526
0.1434606891282636
0.14401074051841298
0.1445545236939519
0.14509204112096552
0.14562329636800148
0.146148294064289
0.14666703985892793
0.14717954038108128
0.14768580320121105
0.14818583679338335
0.14867965049867202
0.14916725448968182
0.1496486597362102
0.15012387797206117
0.15059292166302535
0.15105580397602997
0.15151253874946702
0.1519631404646965
0.15240762421872714
0.15284600569806478
0.1532783011537243
0.15370452737739315
0.1541247016787315
0.15453884186379643
0.15494696621457046
0.15534909346957515
0.155745242805547
0.15613543382015257
0.15651968651571885
0.15689802128394795
0.15727045889159305
0.15763702046706202
0.1579977274879195
0.15835260176925658
0.15870166545289488
0.15904494099739286
0.1593824511688177
0.15971421903225408
0.16004026794401005
0.1603606215444884
0.16067530375168806
0.16098433875530016
0.1612877510113648
0.16158556523745365
0.16187780640834395
0.16216449975215033
0.16244567074688152
0.16272134511738617
0.16299154883266084
0.16325630810348155
0.16351564938033297
0.1637695993516044
0.16401818494201856
0.16426143331127122
0.16449937185284835
0.16473202819299582
0.16495943018981765
0.16518160593247389
0.16539858374045774
0.16561039216292703
0.1658170599780685
0.16601861619247482
0.1662150900405135
0.16640651098366946
0.1665929087098435
0.16677431313259072
0.16695075439028229
0.16712226284517595
0.16728886908238463
0.1674506039087262
0.16760749835144656
0.16775958365680477
0.1679068912885101
0.16804945292600354
0.1681873004625758
0.16832046600331452
0.16844898186287813
0.16857288056308592
0.1686921948303279
0.16880695759278325
0.16891720197745222
0.16902296130699487
0.16912426909637873
0.16922115904933385
0.1693136650546163
0.16940182118208122
0.16948566167856718
0.1695652209635942
0.16964053362487905
0.16971163441366896
0.16977855823990157
0.1698413401671911
0.1699000154076486
0.16995461931654085
0.17000518738679204
0.17005175524333555
0.17009435863732197
0.17013303344018846
0.17016781563759692
0.17019874132324922
0.17022584669258412
0.1702491680363637
0.17026874173415912
0.17028460424773934
0.1702967921143731
0.1703053419400517
0.17031029039263856
0.17031167419495466
0.1703095301178083
0.17030389497297344
0.17029480560612978
0.1702822988897674
0.1702664117160651
0.17024718098975178
0.17022464362095518
0.17019883651804787
0.17016979658049514
0.17013756069171637
0.17010216571195957
0.17006364847120395
0.17002204576209057
0.1699773943328918
0.16992973088052363
0.1698790920436071
0.1698255143955859
0.16976903443790528
0.16970968859325566
0.16964751319889157
0.16958254450002397
0.16951481864329693
0.16944437167034998
0.16937123951147057
0.16929545797934373
0.16921706276289913
0.1691360894212623
0.16905257337781088
0.16896654991434323
0.16887805416535764
0.16878712111244934
0.16869378557882525
0.16859808222394082
0.16850004553825898
0.16839970983813732
0.16829710926083957
0.16819227775967927
0.16808524909929295
0.16797605685104547
0.16786473438856836
0.16775131488343437
0.16763583130096404
0.1675183163961703
0.16739880270983853
0.16727732256474354
0.16715390806200114
0.16702859107755993
0.16690140325882563
0.16677237602142433
0.1666415405461009
0.16650892777575074
0.16637456841258944
0.16623849291545284
0.16610073149723162
0.16596131412243748
0.16582027050489972
0.16567763010559156
0.1655334221305838
0.16538767552912645
0.16524041899185427
0.16509168094911708
0.16494148956943167
0.1647898727580535
0.16463685815566884
0.1644824731372003
0.16432674481073115
0.16416970001654005
0.16401136532624683
0.16385176704206894
0.1636909311961827
0.16352888355019027
0.16336564959469058
0.16320125454894782
0.16303572336066097
0.16286908070582876
0.16270135098870733
0.16253255834186187
0.16236272662630585
0.16219187943172844
0.16202004007680676
0.1618472316096005
0.16167347680802888
0.16149879818042281
0.16132321796615626
0.16114675813634888
0.1609694403946429
