4.770513028871795e-7
4.994828289084628e-7
5.229667340020205e-7
5.475522155228197e-7
5.732907576238088e-7
6.002362360684444e-7
6.284450300153361e-7
6.579761367126025e-7
6.888912901285133e-7
7.212550898348606e-7
7.551351296594386e-7
7.90602137306225e-7
8.277301170495746e-7
8.665964996278336e-7
9.072823006764883e-7
9.49872282835397e-7
9.944551283719275e-7
1.0411236180165656e-6
1.0899748183997592e-6
1.1411102756707341e-6
1.1946362228589722e-6
1.2506637905714286e-6
1.309309231694085e-6
1.37069415272842e-6
1.4349457576314852e-6
1.5021971014419216e-6
1.5725873567996506e-6
1.6462620883645915e-6
1.723373544459948e-6
1.8040809568152256e-6
1.8885508583283373e-6
1.9769574091498175e-6
1.967500135892033e-6
2.0722861957895614e-6
2.1810215994983705e-6
2.293941743058599e-6
2.411292758702727e-6
2.533331256924223e-6
2.660324227082222e-6
2.7925490770952387e-6
2.8796532170173635e-6
3.0271356339084176e-6
3.1804758198090583e-6
3.3400076068989104e-6
3.4702829623385056e-6
3.646020530842066e-6
3.82883842068728e-6
3.991463680963793e-6
4.166576678273064e-6
4.377007524349734e-6
4.574646497083799e-6
4.784680869739437e-6
5.007168398103977e-6
5.242240823408762e-6
5.4900949842641e-6
5.737240082784508e-6
5.999993659696704e-6
6.27840956232898e-6
6.572636406914488e-6
6.88290585219626e-6
7.200600278046912e-6
7.528294105367119e-6
7.875750377183978e-6
8.243123084668192e-6
8.624361829951088e-6
9.021371027366114e-6
9.435883608603312e-6
9.874360183793062e-6
0.000010328135388851658
0.000010803903084721341
0.000011302981358219766
0.000011823184758798376
0.000012366603107520353
0.000012935168432234037
0.000013528014784811342
0.000014149962141985009
0.000014798089272751475
0.00001547710957375957
0.000016187054790505418
0.000016928495021275288
0.000017702435963106867
0.000018513175694407042
0.000019358931749621085
0.00002024286848115835
0.00002116678091662335
0.000022131606339059702
0.000023139740049903824
0.000024193664679579643
0.000025294311172410368
0.000026443946554438462
0.000027644385695723757
0.000028899116967533047
0.000030209235149044898
0.000031577060882178286
0.000033005791772744916
0.00003449787895687961
0.000036055776348493846
0.00003768278992750093
0.000039381082503071535
0.00004115347711761872
0.000043004514896445254
0.00004493660368032595
0.00004695289103828865
0.00004905758300690959
0.00005125394362024233
0.00005354571682812569
0.00005593743297805426
0.00005843272721238668
0.00006103569745705423
0.00006375143711846983
0.00006658410125867213
0.00006953880344639487
0.00007262008655140797
0.00007583348577802663
0.00007918419471142727
0.00008267767507125552
0.00008631995686282334
0.000090116710888879
0.0000940742148852878
0.00009819887512743803
0.00010249735211737038
0.00010697643778045112
0.00011164324416820634
0.00011650505855237279
0.00012156960465299525
0.00012684463210607807
0.00013233829419843291
0.00013805896423207454
0.00014401541179100163
0.00015021650419300774
0.0001566715125522654
0.00016339002761497914
0.00017038188031479965
0.0001776572766562979
0.0001852266912789585
0.00019310097891459815
0.0002012912532838357
0.0002098090720755146
0.00021866621291283288
0.00022787491498605676
0.0002374477193740818
0.00024739753490187583
0.0002577376722036822
0.0002684817668843694
0.0002796438606594072
0.000291238380706192
0.0003032801371403657
0.00031578434072089984
0.0003287665960261457
0.0003422428952484277
0.00035622965853298824
0.00037074368169499525
0.00038580220715468276
0.0004014228549875297
0.00041762367811020974
0.00043442313477846933
0.0004518400990809112
0.0004698938674580541
0.000488604135994362
0.0005079910248697004
0.0005280750636650428
0.0005488771902710633
0.0005704187500459011
0.0005927214940914575
0.0006158075688817011
0.000639699521870409
0.0006644202869042602
0.0006899931841724832
0.0007164419137399218
0.0007437905422833206
0.0007720635054376621
0.0008012855943879142
0.0008314819443530063
0.0008626780320306094
0.0008948996610079434
0.0009281729524964491
0.000962524336093446
0.000997980535691087
0.0010345685593823155
0.001072315689447366
0.00111124946463469
0.0011513976727072282
0.0011927883337399013
0.0012354496880235778
0.0012794101821838987
0.0013246984561531578
0.0013713433277331964
0.001419373781006431
0.0014688189500837612
0.0015197081062763647
0.001572070644626221
0.0016259360702898069
0.001681333984672075
0.0017382940723321403
0.001796846089083951
0.001857019848664628
0.0019188452106094678
0.0019823520703736667
0.002047570346516017
0.002114529970604626
0.002183260878208186
0.002253792998854201
0.0023261562473744827
0.002400380516557871
0.0024764956690864785
0.0025545315315631287
0.002634517887893856
0.0027164844748748147
0.0028004609766618263
0.0028864770217706393
0.002974562179116234
0.003064745955947097
0.0031570577954570605
0.0032515270752674305
0.0033481831068000066
0.0034470551347013465
0.0035481723366218194
0.0036515638238091056
0.003757258641708656
0.003865285770876584
0.003975674128309592
0.004088452568640996
0.0042036498855786185
0.00432129481357299
0.00444141602895021
0.004564042151554325
0.004689201745899915
0.004816923322219961
0.004947235337225288
0.005080166194755432
0.005215744245858595
0.005353997788793098
0.00549495506830935
0.005638644274822291
0.005785093542917848
0.005934330949575461
0.006086384511832154
0.006241282183957773
0.006399051854299682
0.0065597213415987945
0.006723318390845185
0.0068898706688402525
0.007059405759314211
0.007231951157728428
0.00740753426572233
0.007586182385447043
0.007767922713576122
0.007952782335166877
0.008140788217509567
0.008331967203843
0.008526346007145174
0.008723951203963786
0.008924809228418864
0.009128946366350955
0.009336388749722015
0.009547162351348476
0.00976129297994467
0.00997880627558083
0.01019972770557976
0.01042408256084034
0.01065189595274921
0.01088319281053331
0.011117997879220413
0.011356335718128885
0.01159823069991272
0.011843707010173727
0.012092788647629837
0.012345499424768714
0.01260186296902498
0.012861902724402678
0.013125641953514643
0.013393103739952509
0.013664310990992237
0.013939286440472863
0.01421805265187315
0.014500632021405077
0.014787046781116541
0.015077319001849639
0.015371470595959806
0.015669523319742397
0.01597149877537013
0.01627741841230182
0.016587303528000585
0.016901175267862924
0.01721905462423021
0.01754096243437545
0.017866919377315243
0.018196945969375357
0.018531062558345326
0.018869289316158333
0.019211646229926913
0.019558153091306273
0.01990882948402544
0.0202636947695131
0.020622768070555908
0.020986068252884807
0.02135361390462914
0.021725423313594804
0.022101514442298235
0.022481904900729665
0.02286661191682182
0.02325565230459151
0.023649042429974704
0.024046798174340828
0.02444893489571535
0.024855467387753696
0.025266409836494655
0.02568177577495458
0.026101578035645546
0.026525828701089976
0.026954539052421327
0.027387719516190692
0.027825379609493908
0.028267527883545435
0.028714171865837086
0.02916531800105243
0.029620971590869464
0.03008113673285149
0.030545816258577486
0.031015011671228058
0.0314887230827944
0.03196694915113083
0.03244968701705007
0.032936932241665086
0.033428678744213666
0.03392491874055195
0.03442564268256937
0.03493083919872396
0.035440495035925355
0.03595459500298824
0.03647312191586937
0.03699605654491007
0.037523377564286454
0.03805506150388164
0.038591082703781955
0.03913141327158434
0.03967602304270994
0.040224879543900395
0.04077794796006736
0.04133519110465571
0.04189656939367335
0.04246204082352142
0.04303156095276202
0.04360508288792867
0.04418255727349149
0.04476393228606037
0.04534915363290675
0.04593816455486484
0.04653090583366237
0.04712731580371171
0.04772733036838725
0.048330883020786045
0.04893790486897271
0.04954832466567435
0.05016206884239872
0.050779061547912
0.051399224691021275
0.052022477987572154
0.05264873901157654
0.05327792325035821
0.0539099441636037
0.05454471324618095
0.055182140094591964
0.055822132476897955
0.05646459640596141
0.05710943621582673
0.057756554641060324
0.05840585289886109
0.059057230773739165
0.05971058670456473
0.06036581787377246
0.06102282029850798
0.0616814889234947
0.06234171771540227
0.0630033997584859
0.0636664273512694
0.06433069210404956
0.06499608503698012
0.065662496678523
0.06632981716402472
0.0669979363342032
0.0676667438333169
0.06833612920680263
0.06900598199816443
0.06967619184490546
0.070346648573301
0.07101724229181312
0.07168786348295862
0.07235840309344685
0.07302875262241271
0.07369880420757828
0.07436845070918585
0.07503758579155294
0.07570610400211157
0.07637390084780248
0.07704087286870523
0.07770691770879493
0.07837193418372748
0.07903582234556833
0.07969848354438286
0.08035982048662609
0.08101973729027356
0.08167813953665148
0.08233493431892555
0.08299003028723105
0.08364333769042531
0.08429476841445953
0.08494423601737733
0.08559165576095144
0.0862369446389868
0.08688002140231915
0.08752080658055231
0.08815922250058503
0.08879519330198127
0.08942864494924907
0.09005950524110261
0.09068770381677936
0.09131317215949873
0.09193584359715234
0.09255565330031579
0.09317253827768239
0.09378643736902155
0.09439729123576564
0.09500504234933464
0.09560963497730943
0.09621101516756922
0.09680913073050385
0.09740393121941965
0.09799536790925596
0.09858339377372785
0.09916796346101266
0.09974903326809718
0.10032656111390112
0.10090050651129034
0.10147083053809344
0.10203749580723394
0.10260046643608353
0.10315970801514811
0.10371518757618421
0.10426687355985192
0.10481473578299914
0.1053587454056726
0.10589887489794632
0.10643509800665507
0.10696738972211545
0.10749572624491645
0.10802008495285213
0.10854044436807134
0.10905678412450906
0.10956908493566571
0.11007732856279277
0.11058149778353661
0.11108157636109975
0.1115775490139583
0.11206940138618281
0.11255712001840155
0.11304069231944101
0.11352010653867385
0.1139953517391033
0.11446641777120932
0.11493329524757195
0.1153959755182955
0.1158544506472426
0.11630871338909085
0.11675875716721763
0.11720457605242227
0.11764616474247992
0.11808351854253477
0.11851663334632309
0.11894550561822337
0.11937013237612515
0.11979051117510667
0.12020664009191012
0.12061851771019923
0.12102614310658603
0.12142951583740993
0.12182863592624824
0.12222350385214356
0.12261412053852278
0.12300048734278983
0.12338260604656805
0.12376047884657068
0.12413410834607248
0.12450349754696395
0.12486864984235736
0.12522956900972457
0.12558625920453778
0.12593872495439085
0.12628697115357462
0.1266310030580795
0.12697082628100267
0.12730644678833292
0.12763787089508927
0.12796510526178828
0.12828815689121625
0.1286070331254821
0.12892174164332829
0.12923229045767573
0.12953868791338274
0.12984094268519272
0.13013906377585394
0.13043306051438694
0.13072294255448125
0.13100871987300494
0.13129040276860277
0.13156800186037104
0.13184152808658986
0.13211099270349502
0.13237640728407735
0.13263778371689156
0.1328951342048639
0.13314847126408272
0.1333978077225598
0.1336431567189535
0.1338845317012395
0.13412194642532002
0.13435541495356224
0.13458495165325857
0.134810571194998
0.13503228855094165
0.13525011899299866
0.13546407809089345
0.1356741817101187
0.13588044600977237
0.13608288744027122
0.1362815227409392
0.13647636893746756
0.13666744333924263
0.13685476353654197
0.1370383473975957
0.1372182130655113
0.1373943789550643
0.13756686374935234
0.13773568639631337
0.13790086610511057
0.13806242234238233
0.13822037482836153
0.13837474353286483
0.13852554867115435
0.13867281069967388
0.13881655031166318
0.13895678843265427
0.13909354621584927
0.13922684503738988
0.13935670649151488
0.13948315238561598
0.1396062047351923
0.139725885758709
0.1398422178723646
0.13995522368477276
0.1400649259915589
0.14017134776988402
0.14027451217289186
0.1403744425240913
0.14047116231167486
0.14056469518278084
0.14065506493770258
0.14074229552405054
0.14082641103087168
0.14090743568273295
0.1409853938337715
0.14106030996171898
0.1411322086619026
0.14120111464123006
0.1412670527121627
0.14133004778667937
0.14139012487024066
0.14144730905575245
0.14150162551753845
0.1415530995053225
0.1416017563382272
0.1416476213987928
0.14169072012702075
0.14173107801444368
0.1417687205982303
0.1418036734553252
0.14183596219662953
0.14186561246122378
0.14189264991064104
0.14191710022318713
0.14193898908831795
0.14195834220107223
0.14197518525656463
0.141989543944544
0.1420014439440132
0.14201091091792198
0.14201797050792894
0.14202264832923586
0.14202496996549993
0.1420249609638223
0.14202264682981688
0.14201805302276088
0.1420112049508288
0.1420021279664113
0.14199084736152082
0.14197738836328477
0.14196177612952948
0.1419440357444517
0.14192419221438415
0.1419022704636523
0.14187829533052435
