0.030983394791152013
0.03108133313218961
0.031179881247413162
0.03127904458872612
0.03137882866729051
0.031479239054282786
0.03158028138124283
0.03168196134117975
0.03178428468859748
0.03188725724086135
0.03199088487849229
0.03209517354595123
0.032200129252352085
0.0323057580722167
0.032412066146037345
0.03251905968134182
0.032626744952704304
0.032735128303270085
0.032844216144957146
0.03295401495951771
0.03306453129897329
0.03317577178644555
0.03328774311717346
0.03340045205875893
0.033513905452351944
0.03362811021314792
0.03374307333120693
0.033858801872315505
0.03397530297863659
0.03409258386932083
0.0342106518417067
0.034329514271550884
0.034449178614203955
0.03456965240521223
0.03469094326105326
0.03481305888000227
0.03493600704272423
0.03505979561329251
0.03518443253976952
0.0353099258550006
0.03543628367740664
0.03556351421178098
0.03569162574996019
0.03582062667166855
0.035950525445172084
0.03608133062820135
0.03621305086848385
0.03634569490460677
0.036479271566790365
0.03661378977757832
0.03674925855247132
0.036885687000830066
0.03702308432646146
0.037161459828349355
0.037300822901392236
0.037441183037059865
0.03758254982405617
0.03772493294905306
0.03786834219732447
0.038012787453375205
0.038158278701589096
0.038304826026868265
0.03845243961526248
0.03860112975454054
0.03875090683477674
0.03890178134894518
0.03905376389345872
0.03920686516872408
0.03936109597964673
0.03951646723611143
0.03967298995354723
0.03983067525329766
0.03998953436313882
0.04014957861764909
0.04031081945865676
0.040473268435577095
0.040636937205804295
0.0408018375350075
0.040967981297463575
0.041135380476322266
0.041304047163847564
0.04147399356168169
0.041645231980974425
0.04181777484261589
0.04199163467732053
0.042166824125763856
0.04234335593862425
0.042521242976645814
0.04270049821063533
0.042881134721420244
0.04306316569979216
0.0432466044464152
0.04343146437165623
0.04361775899543692
0.04380550194701567
0.043994706964706365
0.04418538789561364
0.044377558695287
0.04457123342733862
0.04476642626302644
0.04496315148080563
0.04516142346580639
0.04536125670929519
0.04556266580808759
0.04576566546390798
0.04597027048270431
0.04617649577392814
0.04638435634976255
0.04659386732429803
0.046805043912678944
0.04701790143018343
0.04723245529127317
0.04744872100859016
0.047666714191897885
0.04788645054699479
0.048107945874565905
0.048331216068990615
0.04855627711711348
0.04878314509694773
0.04901183617635793
0.049242366611675505
0.04947475274628253
0.049709011009140734
0.049945157913281926
0.0501832100542446
0.05042318410848154
0.05066509683170569
0.05090896505719954
0.051154805694092
0.05140263572556753
0.0516524722070616
0.05190433226438726
0.05215823309184265
0.052414191950260335
0.05267222616502139
0.052932353124032154
0.05319459027566001
0.053458955126615165
0.05372546523981133
0.05399413823217243
0.054264991772403376
0.05453804357871799
0.05481331141652718
0.055090813096083095
0.055370566470078895
0.0556525894312111
0.055936899909686366
0.056223515870694935
0.0565124553118229
0.05680373626042483
0.057097376770939755
0.05739339492215023
0.057691808814394924
0.0579926365667092
0.058295896313909
0.05860160620360694
0.05890978439315717
0.059220449046525576
0.059533618331076156
0.059849310414280814
0.060167543460325455
0.06048833562663132
0.06081170506026466
0.06113766989423753
0.06146624824369351
0.06179745820196219
0.06213131783648358
0.062467845184584904
0.06280705824910714
0.0631489749938677
0.06349361333894817
0.06384099115579843
0.06419112626214711
0.06454403641669663
0.06489973931360654
0.06525825257673763
0.06561959375365078
0.06598378030934275
0.06635082961971314
0.0667207589647321
0.06709358552131117
0.06746932635585018
0.0678479984164481
0.06822961852476235
0.06861420336750008
0.06900176948752478
0.06939233327455856
0.06978591095547218
0.07018251858413381
0.0705821720308097
0.07098488697109646
0.07139067887436683
0.071799562991714
0.07221155434338108
0.07262666770565344
0.07304491759720542
0.07346631826488137
0.07389088366890029
0.07431862746746817
0.07474956300078592
0.07518370327444025
0.07562106094216928
0.07606164828798749
0.07650547720766451
0.07695255918955411
0.07740290529475512
0.07785652613661383
0.07831343185955275
0.07877363211723344
0.07923713605004487
0.07970395226192667
0.08017408879652715
0.08064755311270301
0.08112435205937096
0.081604491849718
0.0820879780347893
0.08257481547646173
0.08306500831982969
0.0835585599650161
0.0840554730384382
0.08455574936355224
0.08505938993110623
0.08556639486893362
0.08607676341132406
0.08659049386800945
0.08710758359280694
0.08762802895196191
0.08815182529224387
0.08867896690884082
0.08920944701310994
0.08974325770024168
0.09028038991689565
0.0908208334288749
0.09136457678890358
0.0919116073045764
0.09246191100655402
0.09301547261707852
0.09357227551888538
0.09413230172459208
0.0946955318466469
0.09526194506791763
0.09583151911301033
0.0964042302204022
0.0969800531154784
0.09755896098456225
0.09814092545002723
0.09872591654658544
0.09931390269883923
0.09990485070018935
0.1004987256931911
0.10109549115144371
0.10169510886310694
0.10229753891612924
0.10290273968527136
0.10351066782101338
0.10412127824041979
0.10473452412004615
0.10535035689095747
0.10596872623593231
0.10658958008891696
0.10721286463679569
0.10783852432353222
0.10846650185673722
0.10909673821670952
0.10972917266799294
0.11036374277348661
0.11100038441113717
0.11163903179323946
0.11227961748836084
0.11292207244590269
0.11356632602330075
0.11421230601586123
0.11485993868922567
0.11550914881444109
0.11615985970561725
0.11681199326013203
0.11746547000135052
0.11812020912380734
0.11877612854079952
0.11943314493432691
0.12009117380731206
0.1207501295380233
0.12140992543661848
0.12207047380372044
0.12273168599092767
0.12339347246315732
0.12405574286271649
0.12471840607498465
0.12538137029558827
0.1260445430989499
0.12670783150807458
0.12737114206545097
0.12803438090492253
0.1286974538243984
0.12936026635925094
0.1300227238562687
0.1306847315480052
0.1313461946273849
0.13200701832241288
0.13266710797083942
0.1333263690946297
0.13398470747408953
0.13464202922149807
0.13529824085410122
0.13595324936631836
0.1366069623010206
0.13725928781973912
0.1379101347716679
0.1385594127613226
0.13920703221473038
0.1398529044440207
0.14049694171029803
0.14113905728468043
0.1417791655073907
0.1424171818447969
0.14305302294430342
0.14368660668699546
0.14431785223795524
0.144946680094165
0.14557301212992738
0.14619677163973258
0.1468178833785164
0.14743627359925426
0.14805187008784965
0.14866460219527353
0.1492744008669318
0.14988119866923086
0.15048492981333123
0.15108553017607862
0.1516829373181094
0.15227709049914195
0.1528679306904606
0.1534554005846181
0.1540394446023795
0.1546200088969421
0.15519704135547135
0.15577049159799866
0.15634031097373163
0.1569064525548366
0.15746887112775357
0.15802752318211316
0.15858236689732932
0.15913336212694243
0.15968047038079689
0.1602236548051386
0.16076288016071952
0.16129811279900572
0.16182932063657926
0.16235647312783769
0.16287954123608658
0.16339849740313195
0.16391331551747249
0.16442397088120037
0.16493044017571515
0.16543270142635869
0.16593073396607794
0.1664245183982228
0.16691403655858694
0.16739927147679778
0.16788020733716089
0.16835682943906438
0.16882912415704482
0.16929707890061862
0.16976068207397557
0.17021992303563374
0.17067479205815173
0.17112528028798732
0.171571379705597
0.1720130830858582
0.17245038395890205
0.17288327657143526
0.17331175584862776
0.17373581735664012
0.17415545726586187
0.17457067231492487
0.17498145977555393
0.17538781741831674
0.17578974347932236
0.17618723662792363
0.17658029593546654
0.1769689208451316
0.177353111142904
0.1777328669297082
0.17810818859473695
0.1784790767900022
0.17884553240612905
0.1792075565494125
0.17956515052015365
0.17991831579228262
0.18026705399428045
0.18061136689140106
0.18095125636919548
0.18128672441833524
0.18161777312072822
0.18194440463692024
0.18226662119476772
0.18258442507936873
0.18289781862423307
0.18320680420367202
0.18351138422638602
0.18381156113022293
0.18410733737808072
0.18439871545492678
0.18468569786589994
0.18496828713546323
0.18524648580757438
0.18552029644683446
0.18578972164058025
0.18605476400188076
0.18631542617339608
0.18657171083206087
0.18682362069454933
0.1870711585234785
0.1873143271343096
0.18755312940290098
0.18778756827367207
0.18801764676833319
0.18824336799513688
0.18846473515860834
0.18868175156971007
0.18889442065639878
0.18910274597452945
0.18930673121906638
0.1895063802355573
0.18970169703182907
0.18989268578986648
0.1900793508778309
0.19026169686218106
0.19043972851985982
0.19061345085050413
0.1907828690886491
0.19094798871588328
0.1911088154729287
0.19126535537160516
0.19141761470665317
0.19156560006738213
0.1917093183491138
0.1918487767643959
0.1919839828539555
0.19211494449737043
0.19224166992343264
0.19236416772018072
0.19248244684458224
0.1925965166318432
0.19270638680432853
0.1928120674800763
0.19291356918088615
0.19301090283997452
0.1931040798091754
0.1931931118656823
0.19327801121831423
0.19335879051330276
0.1934354628395866
0.19350804173361194
0.19357654118362927
0.19364097563348345
0.19370135998589674
0.19375770960523755
0.19381004031977878
0.19385836842344356
0.19390271067704015
0.1939430843089872
0.1939795070155354
0.19401199696048607
0.19404057277441408
0.19406525355339935
0.1940860588572761
0.19410300870740324
0.19411612358396735
0.19412542442282757
0.19413093261190648
0.19413266998714485
0.19413065882802413
0.19412492185267222
0.19411548221256136
0.19410236348681226
0.194085589676116
0.19406518519628596
0.1940411748714554
0.19401358392693033
0.1939824379817159
0.19394776304072694
0.19390958548669776
0.19386793207180708
0.1938228299090297
0.19377430646323313
0.19372238954202942
0.1936671072864014
0.19360848816111487
0.1935465609449323
0.1934813547206432
0.19341289886492546
0.19334122303805026
0.19326635717344962
0.1931883314671537
0.1931071763671196
0.19302292256245854
0.19293560097257992
0.1928452427362637
0.19275187920067308
0.1926555419103239
0.19255626259601882
0.19245407316376245
0.19234900568366767
0.1922410923788652
0.19213036561442612
0.19201685788631462
0.19190060181037114
0.19178163011134744
0.1916599756119964
0.19153567122222837
0.19140874992834464
0.19127924478235506
0.1911471888913899
0.1910126154072136
0.19087555751584814
0.19073604842731406
0.19059412136549675
0.19044980955814245
0.19030314622699468
0.19015416457807194
0.19000289779209772
0.18984937901508397
0.18969364134907515
0.18953571784305806
0.18937564148403926
0.18921344518829802
0.18904916179281347
0.18888282404687498
0.1887144646038741
0.1885441160132831
0.1883718107128228
0.1881975810208202
0.18802145912875934
0.18784347709402685
0.18766366683285207
0.1874820601134446
0.18729868854932955
0.18711358359287913
0.1869267765290453
0.18673829846928822
0.18654818034570486
0.18635645290535455
0.18616314670478273
0.1859682921047401
0.18577191926509948
0.18557405813996547
0.18537473847297903
0.18517398979281188
0.1849718414088548
0.18476832240709024
0.1845634616461553
0.1843572877535873
0.18414982912225322
0.18394111390695775
0.18373117002123238
0.1835200251342967
0.18330770666819496
0.18309424179510256
0.18287965743479928
0.18266398025230896
0.18244723665569973
0.1822294527940449
0.1820106545555381
0.1817908675657643
0.1815701171861175
0.18134842851236904
0.18112582637337685
0.1809023353299372
0.18067797967377355
0.18045278342665969
0.18022677033967352
0.1799999638925804
0.17977238729333922
0.17954406347773147
0.17931501510910802
0.17908526457825105
0.1788548340033477
0.17862374523007338
0.17839201983177838
0.17815967910978017
0.17792674409375187
0.17769323554220826
0.17745917394308575
0.17722457951441012
0.17698947220505337
0.17675387169557347
0.17651779739913567
0.1762812684625115
0.17604430376715427
0.17580692193034475
0.17556914130640972
0.17533097998800445
0.1750924558074614
0.17485358633819936
0.17461438889619257
0.17437488054149552
0.17413507807982134
0.17389499806417336
0.17365465679652325
0.17341407032953743
