0.07210984416051984
0.05250139814816714
0.041884907479799525
0.035044341167866117
0.03019895791169412
0.026552297910795334
0.023689698960980044
0.02137215423790503
0.019451296735079174
0.01782963671496569
0.016440161763546682
0.015235092224848791
0.0141793151277183
0.013246363174205541
0.01241585172754796
0.0116717883168464
0.011001424190424897
0.010394453728514953
0.009842443541105476
0.009338417088231887
0.008876546993556058
0.008451923443387422
0.008060377322079907
0.007698343373056166
0.007362753067781023
0.007050949824355838
0.006760621250327909
0.006489744499637657
0.006236541841134076
0.005999444250683778
0.005777061368969213
0.005568156547884089
0.005371625998371921
0.005186481265571938
0.0050118344216748675
0.0048468854967456355
0.004690911754338327
0.0045432585041234805
0.004403331199256853
0.0042705886092634805
0.004144536904708747
0.004024724512548227
0.003910737618228592
0.003802196236945311
0.0036987507628770716
0.003600078916798344
0.0035058830715810813
0.0034158878659508447
0.0033298380852562178
0.003247496796131497
0.003168643645224048
0.003093073377414083
0.0030205944784352286
0.002951027950403105
0.002884206251099635
0.002819972260506087
0.002758178432221963
0.002698685967206173
0.0026413639896463396
0.0025860890589544123
0.0025327443272483386
0.0024812190021642434
0.002431408156844073
0.0023832117120354255
0.0023365341812871484
0.0022912841223974197
0.002247374747585843
0.002204721408292915
0.0021632432810458515
0.002122861642890344
0.0020835005823065375
0.0020450854746224844
0.0020075433535725502
0.0019708022332613436
0.001934792263729002
0.0018994411092292196
0.001864673013557738
0.0018304223681892683
0.0017966163080913766
0.0017631676447627518
0.0017300111807977319
0.001697073299900054
0.001664192945979241
0.0016313844857849334
0.0015983648132829535
0.0015650680663509616
0.001531555948316525
0.0014983697631964314
0.0014634997826212454
0.001427100429606626
0.0013913715104819464
0.0013409357324032135
0.001346504985930233
0.0013009013730390056
0.0012513775448892489
0.0011962597968268186
0.001132596699827657
0.0010542396292031815
0.0009435408925750172
