0.08007132881838176
0.059723416792319406
0.04830972870460443
0.04078967623214202
0.03537672881344759
0.03125019460609362
0.027974539873507946
0.025295252021582688
0.02305276602905189
0.021141480271497662
0.019488425633645872
0.018041372382346352
0.016761822216365144
0.015620686144898905
0.01459551442261813
0.013668661847237727
0.012826037432625267
0.012056230776673808
0.011349888013383914
0.01069925720470231
0.010097851290465176
0.00954019420924369
0.00902162690958105
0.008538157184405771
0.008086342044072036
0.007663194574918165
0.007266109451092398
0.006892802818373531
0.006541263368040593
0.00620971220777219
0.005896569711035584
0.005600427948694451
0.005320027620856995
0.005054238643047211
0.00480204372048678
0.004562524380645637
0.004334849040695008
0.004118262768797898
0.003912078463033781
0.0037156692217713517
0.0035284617212293164
0.003349930447865872
0.003179592658041483
0.0030170039618284184
0.0028617544407217015
0.0027134652261118215
0.002571785477435481
0.002436389704268225
0.002306975390127813
0.0021832608782080534
0.0020649834863515058
0.0019518978227162174
0.0018437742801074163
0.001740397682290922
0.0016415660728140004
0.0015470896215578288
0.0014567896405641308
0.0013704976965168332
0.0012880548073705297
0.0012093107156411526
0.00113412322826218
0.0010623576218586968
0.0009938860932054633
0.0009285872707928969
0.000866345759455334
0.0008070517253999606
0.0007506005313159833
0.0006968923776818008
0.0006458319993824076
0.0005973283678250409
0.0005512944365975906
0.0005076468776460735
0.00046630587596022404
0.000427194916501933
0.0003902405878502195
0.0003553724083266723
0.00032252266798301076
0.00029162625852341385
0.00026262057586578944
0.00023544532693255777
0.0002100424583253401
0.0001863560310473613
0.00016433209113496353
0.00014391862187632213
0.0001250653888490712
0.0001077238951676778
0.00009184730112098546
0.00007739030977451886
0.00006430933082822085
0.000052561615696895405
0.00004210624392393621
0.000032904222547361096
0.00002491591386188815
0.00001810494235799443
0.00001243608985421718
7.867571699983206e-6
4.384513222100549e-6
1.975184952412869e-6
4.867158653840799e-7
