0.005979133768855705
0.005999300054630475
0.0060196050398341385
0.006040047118676322
0.0060606197926511216
0.0060813357177266
0.0061021920132121685
0.006123188697611686
0.006144323577977198
0.006165609191015407
0.006187032044593298
0.006208607331881588
0.00623032931600359
0.006252201235986213
0.006274225259518113
0.006296401066291444
0.006318729403804728
0.00634121426144713
0.006363857102395473
0.006386658987658128
0.006409621029139199
0.006432744773517233
0.006456032511504053
0.0064794867559223954
0.006503106537700628
0.0065268964432416135
0.006550856446951851
0.0065749881464729695
0.006599295041377717
0.00662377717024092
0.006648437093239876
0.006673277240502937
0.006698298074618503
0.006723502818854542
0.00674889299472346
0.006774470399947471
0.006800236878784639
0.006826194768661391
0.006852345743037853
0.006878692464939305
0.006905236713121773
0.0069319802836694784
0.006958925661383588
0.006986074932752971
0.007013430458013328
0.007040994419326375
0.007068768907205777
0.007096756413291522
0.007124959098515446
0.007153379451915764
0.007182019998132722
0.007210882877999915
0.0072399707646930685
0.00726928614387842
0.007298831533953011
0.007328609485506318
0.0073586226131087855
0.007388873607805332
0.007419365165479483
0.007450099999919019
0.007481080843518736
0.007512310644981835
0.0075437920966604805
0.007575528210643004
0.007607521851618268
0.007639776085435298
0.007672293936942705
0.0077050784410103
0.007738132774789602
0.007771460098073989
0.007805063641709587
0.007838946696650471
0.007873112584982566
0.007907564695313136
0.007942306484000896
0.007977341447204179
0.008012673118792918
0.008048305155694276
0.008084241192346546
0.008120484999708613
0.00815704035866423
0.008193911143607496
0.008231101288377245
0.008268614796787123
0.008306455733704199
0.008344628244626737
0.008383136549542928
0.00842198494149851
0.008461177784475572
0.008500719532143118
0.008540614718112315
0.008580867955976955
0.008621483947950504
0.008662467488933316
0.008703823455795272
0.00874555682711058
0.00878767267723761
0.008830176170445679
0.008873072589392284
0.008916367307541598
0.008960065810004756
0.009004173697568521
0.009048696677798462
0.009093640582234315
0.009139011361048723
0.009184815086876437
0.009231057964168834
0.009277746327337296
0.009324886649478845
0.00937248554055214
0.009420549757987838
0.00946908620461215
0.009518101940303532
0.009567604180409903
0.009617600303378973
0.009668097856698404
0.009719104558450951
0.009770628306665209
0.009822677181561766
0.009875259453899618
0.009928383586408284
0.009982058245626275
0.010036292302592396
0.010091094842422814
0.010146475168699163
0.01020244281208389
0.010259007534517188
0.010316179338890284
0.010373968473702817
0.010432385442050935
0.010491441008163186
0.010551146205375433
0.010611512343660633
0.010672551017696246
0.010734274114786049
0.010796693823602183
0.010859822641880956
0.010923673385670898
0.010988259197153048
0.0110535935546983
0.011119690280410176
0.011186563550251563
0.01125422790281707
0.011322698248393341
0.011391989878668924
0.011462118476123372
0.011533100123247078
0.011604951312246512
0.011677688954641944
0.011751330390713471
0.011825893399137258
0.011901396206432572
0.011977857496507193
0.012055296420208667
0.012133732604299013
0.012213186161019712
0.012293677696885734
0.012375228321811095
0.012457859657598509
0.012541593846547483
0.012626453559608232
0.012712462004350908
0.012799642932579743
0.01288802064751026
0.012977620010760782
0.013068466448742131
0.013160585958597234
0.013254005113842678
0.013348751069209349
0.01344485156512524
0.013542334931452552
0.013641230090727556
0.013741566560610798
0.013843374455607512
0.013946684488151216
0.014051527968803247
0.014157936805632463
0.014265943502825066
0.014375581158264535
0.014486883460337783
0.014599884683665899
0.014714619683920824
0.014831123891648555
0.014949433305008074
0.015069584481493802
0.01519161452857971
0.0153155610933081
0.01544146235073457
0.015569356991296359
0.015699284207080118
0.015831283676943208
0.015965395550581386
0.01610166043145347
0.01624011935861522
0.016380813787537644
0.01652378556979594
0.01666907693179881
0.01681673045249323
0.01696678904009722
0.017119295907960873
0.017274294549483073
0.017431828712272605
0.017591942371484634
0.017754679702479948
0.01792008505280911
0.01808820291362753
0.01825907789059764
0.018432754674351345
0.018609278010586996
0.018788692669899194
0.018971043417406432
0.019156374982271414
0.019344732027194906
0.019536159117990972
0.019730700693294943
0.019928401034546336
0.02012930423628239
0.020333454176876844
0.02054089448977949
0.0207516685353633
0.02096581937344613
0.021183389736578677
0.02140442200417768
0.02162895817755627
0.02185703985594948
0.022088708213568235
0.022324003977761717
0.022562967408319545
0.022805638277970625
0.02305205585411023
0.023302258881777768
0.023556285567917994
0.023814173566926874
0.02407595996749167
0.024341681280719955
0.02461137342954089
0.024885071739358677
0.025162810929921984
0.02544462510837652
0.025730547763443388
0.026020611760662973
0.026314849338648465
0.02661329210625921
0.02691597104061967
0.02722291648589175
0.02753415815269523
0.027849725118081696
0.02816964582594067
0.028493948087729065
0.0288226590833973
0.029155805362386857
0.029493412844573474
0.029835506821019063
0.03018211195440166
0.03053325227898751
0.030888951200008542
0.0312492314923142
0.031614115298159294
0.03198362412400127
0.03235777883617682
0.03273659965533477
0.03312010614950831
0.03350831722570877
0.03390125111993998
0.03429892538553088
0.03470135687969602
0.03510856174824274
0.03552055540835008
0.0359373525293604
0.03635896701152699
0.03678541196268131
0.03721669967279027
0.0376528415863818
0.03809384827284175
0.03853972939458432
0.038990493673118014
0.039446148853045614
0.039906701664038265
0.04037215778084955
0.04084252178144052
0.04131779710330075
0.041797985998068
0.042283089484550535
0.042773107300283726
0.04326803785174778
0.04376787816339712
0.044272623825654236
0.044782268942034666
0.0452968060755812
0.04581622619478378
0.04634051861918424
0.04686967096485471
0.047403669089963935
0.04794249704063025
0.04848613699728063
0.049034569221728275
0.04958777200518977
0.05014572161745861
0.05070839225745622
0.05127575600537819
0.05184778277665359
0.052424440277929224
0.053005693965292575
0.05359150700493289
0.054181840236447676
0.0547766521389792
0.05537589880037276
0.05597953388952881
0.05658750863211985
0.05719977178982727
0.05781626964324529
0.05843694597858856
0.05906174207832543
0.059690596715846984
0.060323446154271515
0.06096022414946642
0.06160086195736009
0.062245288345595874
0.0628934296095756
0.0635452095929122
0.06420054971231344
0.06485936898688215
0.06552158407182834
0.0661871092965529
0.06685585670705935
0.06752773611263443
0.06820265513672084
0.06888051927189671
0.06956123193885749
0.07024469454928979
0.0709308065725062
0.07161946560570812
0.07231056744772343
0.07300400617606027
0.07369967422710753
0.07439746247930352
0.07509726033908232
0.0757989558294076
0.07650243568068624
0.0772075854238581
0.07791428948544367
0.07862243128433634
0.07933189333011095
0.08004255732262976
0.08075430425271382
0.08146701450365385
0.08218056795333015
0.0828948440767147
0.08360972204852479
0.08432508084580562
0.08504079935021533
0.08575675644979618
0.08647283114001185
0.0871889026238437
0.0879048504107362
0.0886205544141938
0.0893358950478359
0.09005075331972079
0.09076501092476216
0.09147855033506741
0.09219125488803052
0.09290300887203172
0.09361369760959648
0.09432320753787521
0.09503142628632562
0.09573824275147388
0.09644354716865569
0.0971472311806363
0.09784918790302856
0.09854931198643302
0.09924749967523348
0.09994364886299914
0.1006376591444427
0.10132943186390876
0.10201887016036269
0.1027058790088706
0.1033903652585643
0.10407223766709903
0.10475140693161769
0.10542778571624602
0.10610128867615104
0.10677183247820492
0.1074393358183015
0.10810371943538438
0.10876490612224686
0.10942282073317956
0.11007739018853631
0.11072854347630812
0.11137621165078818
0.11202032782842446
0.1126608271809587
0.11329764692595128
0.11393072631480212
0.11456000661837475
0.11518543111033543
0.11580694504832645
0.11642449565308337
0.11703803208562186
0.11764750542260931
0.11825286863004272
0.11885407653535268
0.11945108579805604
0.12004385487907467
0.12063234400884142
0.12121651515430999
0.1217963319849873
0.12237175983810092
0.1229427656830159
0.12350931808501124
0.12407138716852213
0.12462894457995738
0.12518196345018742
0.1257304183568075
0.12627428528626844
0.1268135415959668
0.12734816597638368
0.12787813841335374
0.12840344015054767
0.1289240536522431
0.1294399625664535
0.12995115168848687
0.13045760692499547
0.13095931525857654
0.131456264712979
0.1319484443189672
0.1324358440808903
0.13291845494399607
0.13339626876253155
0.13386927826866424
0.1343374770422515
0.13480085948149031
0.13525942077446507
0.13571315687161667
0.13616206445914528
0.13660614093336299
0.13704538437600158
0.13747979353048234
0.13790936777915402
0.13833410712149116
0.13875401215325883
0.13916908404663003
0.1395793245312536
0.13998473587625876
0.14038532087318323
0.14078108281981322
0.14117202550491553
0.14155815319384318
0.1419394706149976
0.14231598294712108
0.14268769580739987
0.1430546152403538
0.1434167477074816
0.14377410007764485
0.14412667961815473
0.14447449398653772
0.14481755122295129
0.14515585974322184
0.14548942833247072
0.14581826613930562
0.14614238267054183
0.14646178778642585
0.1467764916963312
0.1470865049548979
0.14739183845858336
0.14769250344259688
0.1479885114781904
0.1482798744702735
0.14856660465532745
0.1488487145995896
0.1491262171974816
0.14939912567025299
0.14966745356481911
0.14993121475276383
0.15019042342948438
0.15044509411345647
0.15069524164559445
0.15094088118868743
0.15118202822688845
0.15141869856523693
0.1516509083291968
0.15187867396419064
0.1521020122351128
0.15232094022580508
0.1525354753384809
0.15274563529308005
0.15295143812654552
0.15315290219200356
0.1533500461578407
0.15354288900666307
0.15373145003413002
0.15391574884765213
0.15409580536494447
0.15427163981242942
0.1544432727234811
0.15461072493650557
0.15477401759285186
0.15493317213455027
0.15508821030187306
0.15523915413071465
0.15538602594979078
0.15552884837765343
0.15566764431952054
0.1558024369639212
0.1559332497791568
0.1560601065095766
0.1561830311716719
0.15630204804999026
0.15641718169286922
0.15652845690799652
0.15663589875779674
0.15673953255465087
0.15683938385594795
0.15693547845898068
0.15702784239568238
0.15711650192721338
0.1572014835384044
0.15728281393205626
0.15736052002310927
0.1574346289326814
0.15750516798198647
0.15757216468613477
0.15763564674782474
0.15769564205093395
0.15775217865400948
0.15780528478367312
0.15785498882794094
0.15790131932946955
0.15794430497873035
0.15798397460712377
0.15802035718003848
0.15805348178986026
0.15808337764894173
0.1581100740825349
0.15813360052169725
0.15815398649617668
0.1581712616272797
0.15818545562073336
0.1581965982595434
0.15820471939685823
0.1582098489488423
0.15821201688756562
0.15821125323391694
0.15820758805054352
0.1582010514348253
0.15819167351188726
0.15817948442765742
0.15816451434197298
0.15814679342174215
0.15812635183416196
0.1581032197400052
0.15807742728696986
0.15804900460310428
0.1580179817903082
0.15798438891791283
0.15794825601634652
0.15790961307088722
0.15786849001550543
0.15782491672680157
0.15777892301804086
0.1577305386332869
0.15767979324163792
0.15762671643156892
0.15757133770537907
0.15751368647375016
0.15745379205041496
0.15739168364693867
0.15732739036761517
0.15726094120447914
0.15719236503243497
0.15712169060450487
0.15704894654719445
0.15697416135598116
0.15689736339092122
0.15681858087237885
0.1567378418768767
0.15665517433306955
0.15657060601783937
0.15648416455251135
0.1563958773991956
0.15630577185724628
0.15621387505984613
0.15612021397071016
0.1560248153809101
0.15592770590582047
0.15582891198218185
0.15572845986528358
0.15562637562626455
0.15552268514953058
0.15541741413028606
0.15531058807218276
0.155202232285078
0.1550923718829092
0.15498103178167588
0.15486823669753258
0.15475401114498932
0.15463837943521788
0.1545213656744643
0.1544029937625633
0.15428328739155528
0.1541622700444024
0.15403996499380468
