0.1391736820782047
0.11805555206736884
0.10329679239227868
0.09203856922813379
0.08302644246635092
0.07557976935756121
0.06928392627633019
0.06386691545291727
0.059140722023900284
0.05497016470798625
0.051254990424172
0.04791895230264562
0.04490283027268952
0.042159800187513
0.03965226403356851
0.03734962242161348
0.03522667352126681
0.03326243945964424
0.03143929108578369
0.02974228517408206
0.028158655576643925
0.026677417710568023
0.025289057673108323
0.023985285366568833
0.02275883660841497
0.021603313132799836
0.02051305219264434
0.01948301949702086
0.018508720700632753
0.017586127758836428
0.016711617281748206
0.015881918640255933
0.015094070048664573
0.014345381211391504
0.013633401402088772
0.01295589206285983
0.012310803183614582
0.011696252857978278
0.011110509520772424
0.010551976459059526
0.010019178258809049
0.009510748905979702
0.00902542130698362
0.008562018031286102
0.008119443109915926
0.007696674749283621
0.007292758840935872
0.0069068031655387056
0.006537972204143452
0.00618548248216723
0.005848598381931496
0.005526628368401523
0.005218921580214849
0.0049248647444241865
0.004643879378776326
0.004375419249967291
0.004118968060265402
0.0038740373383074197
0.003640164512797812
0.0034169111503841564
0.00320386134117533
0.0030006202172765764
0.0028068125913865197
0.002622081703938977
0.002446088068549754
0.0022785084066404976
0.0021190346630779256
0.0019673730955427956
0.0018232434310827275
0.0016863780839886963
0.0015565214297142782
0.001433429130094983
0.0013168675055792005
0.0012066129506145859
0.0011024513886862236
0.00100417776385498
0.0009115955659244851
0.0008245163866468541
0.0007427595046101256
0.0006661514966732256
0.0005945258740152477
0.0005277227410366795
0.0004655884755433676
0.0004079754287725817
0.00035474164399986824
0.00030575059259624397
0.0002608709265663704
0.0002199762467667882
0.0001829448861799683
0.00014965970786633918
0.00012000791752630635
0.00009388089105695407
0.0000711740182169991
0.00005178656474883888
0.000035621557603799956
0.00002258570266644971
0.000012589355345580984
5.546594695252702e-6
1.3755616418980752e-6
