0.08987692438413704
0.06911997087235226
0.057051844197456354
0.048932710657608895
0.043013065899964245
0.0384637581790869
0.03483414016129476
0.03185601245157222
0.029358854170838347
0.02722858660317827
0.025385719844240283
0.023772982222766706
0.022347938117689706
0.021078386879776822
0.01993938826147135
0.01891127819412468
0.01797830872436417
0.01712769327570447
0.01634892213595541
0.015633262347755614
0.014973386084100544
0.014363090240350778
0.013797081892183845
0.013270812054163965
0.012780345361307125
0.012322256816381636
0.011893549174296436
0.011491586236424371
0.011114038536482542
0.010758838769829186
0.010424144951970487
0.010108309759290373
0.009809854853046663
0.009527449249171782
0.009259890995356138
0.0090060915687338
0.008765062525233196
0.008535904022944003
0.008317794913311444
0.008109984151085018
0.007911783318219632
0.007722560093220828
0.007541732526522477
0.007368764005073609
0.0072031588096326754
0.007044458182105047
0.006892236834597464
0.006746099841248583
0.006605679863684102
0.006470634666422374
0.0063406448871112485
0.006215412029105349
0.006094656649706
0.00597811672064945
0.005865546139672905
0.005756713375719646
0.005651400231131205
0.005549400709307654
0.005450519970935753
0.005354573372377231
0.005261385572380792
0.005170789699677047
0.005082626573883511
0.004996743968243283
0.00491299591276753
0.004831242019768328
0.0047513468353049615
0.004673179209202155
0.004596611663760387
0.004521519753394614
0.00444778143674108
0.004375276407778781
0.0043038853761130915
0.004233489356884044
0.004163968810133707
0.004095202765714443
0.004027067793378225
0.003959436806509292
0.0038921777300762136
0.0038251517970462855
0.0037582117450918927
0.0036911990959751497
0.003623941561553769
0.003556248767551443
0.0034879076094615894
0.0034186757814459933
0.003348273004633503
0.0032763687905175624
0.003202567090012748
0.0031263799798690937
0.0030471935520662023
0.0029642093565515827
0.0028763612863504317
0.002782131054405094
0.0026793513212310847
0.002564501672055933
0.002430509940397195
0.0022657713035417306
0.0020835388606861485
