0.11859217483381267
0.098563021001056
0.08573172959804184
0.07651731452445781
0.06947623592580286
0.06387090635771242
0.05927415236994118
0.05541788100790662
0.05212393812655539
0.049268684720655945
0.046763310231120715
0.04454219864778668
0.042555712462720025
0.04076553711331606
0.03914157720419699
0.03765982881477912
0.03630088546002964
0.03504886674362241
0.033890635747728874
0.0328152178264786
0.03181336252627587
0.030877208932162652
0.030000026887837133
0.029176014645056224
0.028400139009931127
0.02766800786345491
0.02697576760734747
0.02632001998914379
0.025697754132145405
0.025106290596488886
0.024543235035632133
0.024006439562520167
0.023493970353467494
0.02300408033189375
0.02253518601449305
0.02208584778795638
0.021654753028590785
0.021240701590081425
0.020842593273643396
0.020459416965341152
0.02009024118167426
0.019734205809683013
0.01939051486426943
0.019058430114923246
0.01873726545817674
0.018426381931714142
0.01812518328230404
0.017833112013057255
0.017549645846535587
0.01727429454948296
0.01700659707255902
0.016746118964848396
0.016492450028308566
0.01624520218177654
0.016004007507869837
0.015768516459380807
0.015538396204180438
0.015313329090021902
0.015093011212276736
0.014877151068991774
0.014665468289010684
0.014457692419310208
0.014253561758550646
0.014052822223882926
0.013855226237926954
0.013660531622555469
0.013468500485209442
0.01327889808222767
0.01309149164209161
0.012906049129022061
0.012722337924099717
0.01254012339700077
0.01235916733637707
0.012179226198630481
0.012000049126723455
0.011821375677072817
0.011642933176053282
0.011464433605503746
0.011285569884922311
0.01110601137644787
0.01092539837902146
0.010743335293739897
0.010559382022069182
0.010373042980004353
0.010183752846571735
0.00999085775372689
0.00979358999154041
0.009591033260658058
0.009382073775955622
0.009165329541398592
0.008939044669112182
0.00870092527825348
0.008447872523258494
0.008175522345602624
0.007877391000964316
0.007543124432483674
0.007154376808798627
0.006672788270512175
0.005987917519541318
