0.5666076210128314
0.5665923727089293
0.5665770260245235
0.5665615799717992
0.5665460334393744
0.5665303853073719
0.5665146345831861
0.5664987800507468
0.5664828207074184
0.5664667552235244
0.5664505825160278
0.5664343012668017
0.5664179103709857
0.5664014084152478
0.5663847943413379
0.5663680666969972
0.5663512240849768
0.5663342653283547
0.5663171888528187
0.5662999933580846
0.5662826773429354
0.5662652393518641
0.5662476778258875
0.5662299912676676
0.5662121780625979
0.5661942366222859
0.5661761652520833
0.5661579623217081
0.5661396260410964
0.5661211546362952
0.5661025463711878
0.5660837993098968
0.5660649115824169
0.5660458812102983
0.5660267062409228
0.5660073846078058
0.5659879141870184
0.5659682928388594
0.5659485183884843
0.5659285885337979
0.5659085009532517
0.5658882532942395
0.5658678430531394
0.5658472677549053
0.5658265248022658
0.5658056115192825
0.5657845252108027
0.5657632630456655
0.5657418221310261
0.5657201995258337
0.5656983921600668
0.5656763968819256
0.5656542104856634
0.5656318296249151
0.5656092508855295
0.5655864707067397
0.5655634855000126
0.5655402914806098
0.5655168848093
0.5654932615067279
0.5654694174652548
0.5654453484706276
0.5654210501478906
0.5653965179974041
0.5653717474011101
0.5653467335540515
0.5653214715196859
0.5652959562007452
0.5652701823285934
0.5652441444767858
0.5652178370277613
0.5651912541858344
0.5651643899621389
0.5651372381750398
0.56510979243198
0.56508204613227
0.5650539924489794
0.5650256243342209
0.5649969344898466
0.5649679153864953
0.5649385592305591
0.5649088579642074
0.5648788032607712
0.5648483864993401
0.5648175987810204
0.5647864308858768
0.5647548732860935
0.5647229161253103
0.564690549206182
0.5646577619822222
0.564624543543267
0.564590882602122
0.5645567674807274
0.564522186100852
0.5644871259643556
0.564451574145976
0.5644155172660578
0.5643789414898076
0.5643418325022636
0.564304175496093
0.564265955152867
0.5642271556277944
0.5641877605323631
0.5641477529111788
0.5641071152361857
0.5640658293707325
0.5640238765682336
0.5639812374375781
0.5639378919319589
0.5638938193241387
0.5638489981891873
0.5638034063782956
0.5637570210025986
0.5637098184048516
0.563661774141672
0.5636128629580832
0.563563058764553
0.563512334613421
0.5634606626749106
0.5634080142130987
0.5633543595585081
0.5632996680862372
0.5632439081906008
0.5631870472542593
0.5631290516293377
0.563069886609378
0.5630095163991905
0.5629479040936011
0.5628850116481773
0.5628207998540531
0.5627552283111582
0.5626882554009052
0.5626198382619982
0.5625499327624789
0.5624784934743494
0.5624054736476775
0.5623308251857143
0.5622544986195793
0.5621764430835496
0.5620966062908687
0.562014934511378
0.56193137254734
0.5618458637114058
0.5617583498069021
0.561668771105508
0.5615770663292753
0.5614831726313665
0.5613870255798864
0.5612885591408606
0.5611877056644041
0.5610843958716892
0.5609785588432025
0.5608701220083536
0.5607590111384491
0.560645150339408
0.5605284620478883
0.5604088670289109
0.5602862843759218
0.5601606315127222
0.5600318241984602
0.5598997765341617
0.55976440097287
0.5596256083318119
0.5594833078074931
0.5593374069938783
0.5591878119033038
0.5590344269908556
0.5588771551814107
0.5587158979002181
0.558550555107122
0.558381025333443
0.5582072057230657
0.5580289920766212
0.55784627889958
0.5576589594538502
0.5574669258129856
0.5572700689211633
0.5570682786562845
0.5568614438961398
0.556649452589095
0.5564321918279119
0.5562095479279336
0.5559814065084305
0.5557476525781762
0.5555081706242674
0.5552628447048402
0.5550115585449099
0.5547541956365404
0.5544906393410335
0.5542207729957778
0.5539444800231135
0.5536616440427871
0.5533721489873248
0.553075879219524
0.5527727196532332
0.5524625558758176
0.5521452742734395
0.5518207621575378
0.551488907893828
0.5511496010322569
0.5508027324385492
0.550448194426708
0.5500858808922701
0.5497156874461947
0.549337511548932
0.5489512526445416
0.5485568122944965
0.5481540943109173
0.5477430048889782
0.547323452738063
0.5468953492116049
0.5464586084350734
0.5460131474319637
0.5455588862474681
0.5450957480694618
0.5446236593465905
0.5441425499031419
0.5436523530504414
0.5431530056944274
0.5426444484392879
0.542126625686572
0.5415994857300541
0.541062980845488
0.5405170673755245
0.539961705809296
0.5393968608565701
0.538822501516089
0.5382386011383136
0.5376451374819099
0.5370420927642207
0.5364294537053307
0.5358072115657457
0.5351753621775143
0.5345339059687645
0.5338828479814499
0.5332221978824504
0.5325519699678123
0.531872183160185
0.5311828609994971
0.5304840316267622
0.5297757277611855
0.5290579866705478
0.5283308501348956
0.5275943644037175
0.5268485801466927
0.5260935523979768
0.5253293404944126
0.524556008007573
0.5237736226699549
0.522982256295371
0.5221819846938883
0.5213728875813342
0.5205550484836864
0.519728554636563
0.5188934968799812
0.5180499695486965
0.5171980703583461
0.5163379002875873
0.5154695634565933
0.5145931670021202
0.5137088209493891
0.5128166380811278
0.5119167338039834
0.5110092260126279
0.5100942349518212
0.509171883076694
0.5082422949115851
0.5073055969076817
0.5063619172996879
0.5054113859619079
0.5044541342639356
0.5034902949262314
0.5025200018758759
0.501543390102733
0.5005605955162947
0.4995717548034423
0.49857700528735427
0.49757648478783667
0.4965703314832501
0.4955586837742816
0.4945416801497542
0.49351945905469524
0.4924921587608342
0.4914599172397357
0.49042287203869467
0.48938116015962674
0.4883349179410485
0.4872842809433299
0.4862293838373162
0.4851703602964787
0.48410734289272583
0.48304046299588327
0.48196985067707493
0.48089563461598595
0.47981794201212596
0.4787368985001475
0.47765262806931186
0.4765652529870811
0.4754748937269407
0.4743816689004505
0.473285695193555
0.4721870873071616
0.47108595790200186
0.4699824175477453
0.468876574676404
0.46776853553995196
0.46665840417218085
0.46554628235473633
0.46443226958729633
0.46331646306184976
0.46219895764104035
0.4610798458404706
0.4599592178149691
0.45883716134869407
0.45771376184904083
0.4565891023442366
0.45546326348458765
0.45433632354724557
0.45320835844443225
0.45207944173502534
0.45094964463938514
0.4498190360573541
0.44868768258929664
0.44755564856010593
0.4464229960460194
0.4452897849041924
0.44415607280486386
0.4430219152660439
0.4418873656905642
0.4407524754054205
0.4396172937032493
0.43848186788583987
0.43734624330957106
0.4362104634326236
0.4350745698638783
0.4339386024133686
0.4328025991441639
0.4316665964255572
0.4305306289874742
0.42939472997594197
0.428258931009516
0.4271232622365678
0.4259877523932889
0.4248524288623204
0.4237173177318743
0.42258244385526056
0.42144783091069316
0.4203135014612694
0.41917947701502967
0.41804577808497667
0.41691242424897257
0.41577943420939806
0.4146468258524912
0.41351461630725905
0.4123828220038923
0.411251458731564
0.41012054169556095
0.4089900855736403
0.4078601045715421
0.4067306124775786
0.40560162271624023
0.4044731484007182
0.40334520238431637
0.40221779731065205
0.4010909456626137
0.39996465981000046
0.3988389520558048
0.39771383468107757
0.3965893199883302
0.39546542034344195
0.3943421482160209
0.3932195162181912
0.39209753714176615
0.3909762239937909
0.3898555900304207
0.3887356487891089
0.38761641411910497
0.38649790021022773
0.3853801216199138
0.3842630932985317
0.3831468306129572
0.38203134936840566
0.38091666582852896
0.37980279673377837
0.37868975931803983
0.3775775713235611
0.3764662510141753
0.37535581718684125
0.37424628918152875
0.37313768688945126
0.37203003075969615
0.37092334180425945
0.3698176416015227
0.3687129522982088
0.36760929660983965
0.3665066978197414
0.3654051797766303
0.3643047668908199
0.36320548412909176
0.3621073570082703
0.3610104115875485
0.3599146744596088
0.3588201727405838
0.357726934058911
0.3566349865431163
0.3555443588085948
0.35445507994342096
0.3533671794932486
0.3522806874453494
0.3511956342118377
0.3501120506121371
0.34902996785474033
0.34794941751830466
0.34687043153215114
0.34579304215619777
0.34471728196039303
0.34364318380369446
0.3425707808126357
0.34150010635954303
0.3404311940404354
0.3393640776526679
0.3382987911723552
0.33723536873162524
0.3361738445957468
0.3351142531401729
0.33405662882754383
0.333001006184687
0.3319474197796589
0.33089590419886306
0.32984649402428057
0.3287992238108533
0.32775412806404874
0.3267112412176439
0.3256705976117543
0.3246322314711447
0.3235961768838429
0.3225624677800889
0.3215311379116437
0.32050222083147845
0.31947574987387095
0.318451758134928
0.3174302784535538
0.3164113433928842
0.3153949852221979
0.31438123589932665
0.31337012705357814
0.3123616899691733
0.31135595556922746
0.31035295440026706
0.3093527166173032
0.30835527196946366
0.30736064978618866
0.3063688789640012
0.30537998795384796
0.3043940047490205
0.30341095687365216
0.3024308713717967
0.3014537747970857
0.3004796932029612
0.299508652133487
0.2985406766147299
0.2975757911467094
0.2966140196959113
0.2956553856883602
0.2946999120032427
0.29374762096707424
0.292798534348409
0.29185267335307064
0.2909100586199125
0.28997071021708487
0.289034647638806
0.2881018898026245
0.2871724550471655
0.2862463611303476
0.2853236252280574
0.28440426393327944
0.28348829325565605
0.28257572862147834
0.2816665848740888
0.2807608762746857
0.2798586165035167
0.27895981866145164
0.2780644952719158
0.27717265828317933
0.27628431907098483
0.27539948844150114
0.2745181766345932
0.2736403933273941
0.2727661476381651
0.2718954481304367
0.2710283028174108
0.2701647191666204
0.2693047041048257
0.2684482640231451
0.2675954047823981
0.2667461317186602
0.26590044964900716
0.265058362877447
0.26421987520102197
0.2633849899160749
0.26255370982466475
0.2617260372411239
0.2609019739987473
0.2600815214566014
0.2592646805064453
0.25845145157975313
0.2576418346548307
0.25683582926401544
0.25603343450094945
0.25523464902792403
0.254439471083279
0.2536478984888544
0.2528599286574853
0.252075558600532
0.251294784935439
0.250517603893317
0.24974401132653606
0.2489740027163323
0.248207573180413
0.24744471748056143
0.24668543003022914
0.24592970490211596
0.2451775358357305
0.2444289162449223
0.24368383922538925
0.2429422975621461
0.2422042837369571
0.24146978993572518
0.24073880805583467
0.24001132971344258
0.23928734625071718
0.23856684874301926
0.23784982800602125
0.23713627460276543
0.236426178850654
0.2357195308283713
0.2350163203827346
0.23431653713547076
0.23362017048991893
0.23292720963765307
0.23223764356502707
0.23155146105963872
0.23086865071670945
0.23018920094538212
0.22951309997493075
0.22884033586088753
0.22817089649107897
0.22750476959157603
0.22684194273255262
0.22618240333405804
0.22552613867169508
0.22487313588220945
0.22422338196898783
0.22357686380746392
0.22293356815043228
0.22229348163327242
0.22165659077907776
0.2210228820036961
0.2203923416206759
0.2197649558461224
0.2191407108034612
0.21851959252811334
0.21790158697207632
0.2172866800084177
0.2166748574356784
0.21606610498218543
0.21546040831027835
0.21485775302044588
0.21425812465537608
0.2136615087039204
0.2130678906049702
0.21247725575125082
0.21188958949302888
0.21130487714173818
0.21072310397352112
0.21014425523269073
0.20956831613511023
0.20899527187149353
0.20842510761062716
0.2078578085025133
0.2072933596814375
0.20673174626895957
0.2061729533768292
0.2056169661098298
0.2050637695685471
0.20451334885206784
0.20396568906060708
0.20342077529806615
0.20287859267452174
0.20233912630864886
0.20180236133007504
0.20126828288167237
0.20073687612178207
0.20020812622637887
0.19968201839117122
0.1991585378336416
0.1986376697950271
0.19811939954223975
0.19760371236973126
0.197090593601299
0.19658002859183757
