0.18368108110292303
0.17245891450729606
0.16389539163730366
0.1569183718291808
0.15101084434125614
0.14588375877694498
0.14135595704796167
0.1373047555870683
0.13364241891757098
0.13030364167656763
0.1272383050158425
0.12440700576115452
0.12177815346621709
0.11932600726497006
0.11702930337906138
0.11487026866478153
0.11283389487653056
0.11090739397551354
0.10907978219679942
0.10734155760469542
0.10568444676946319
0.1041012033739194
0.10258544639356501
0.10113152882092839
0.09973443023737366
0.09838966819868024
0.09709322460455481
0.09584148410575775
0.09463118225915552
0.09345936163465174
0.09232333445300422
0.09122065062126937
0.09014907025538325
0.08910653995327072
0.08809117221868898
0.08710122754442867
0.08613509874998686
0.08519129723828452
0.08426844089207985
0.08336524337628475
0.08248050464956778
0.08161310251912769
0.08076198509763044
0.07992616404209116
0.0791047084717096
0.07829673947603305
0.07750142513679575
0.0767179759967945
0.0759456409175407
0.07518370327444035
0.07443147744408633
0.07368830554312202
0.07295355438212567
0.07222661260122691
0.07150688795675804
0.07079380473023393
0.07008680123237147
0.0693853273757569
0.06868884229012634
0.06799681195402583
0.06730870681587238
0.06662399937604288
0.06594216169951919
0.0652626628257184
0.06458496603826056
0.06390852595237666
0.0632327853712191
0.06255717185407567
0.061881093929024036
0.06120393686925138
0.06052505793527633
0.0598437809635777
0.05915939015413985
0.058471122873174915
0.057778161239880006
0.05707962220371305
0.056374545735617676
0.0556618806451019
0.05494046738329002
0.05420901698318332
0.05346608499663587
0.05271003887410581
0.05193901663736735
0.05115087382075306
0.050343114346301884
0.04951279899065536
0.04865642194623589
0.04776974087558373
0.04684753732856084
0.04588326959162308
0.04486855320779232
0.043792353191416236
0.042639667964937275
0.04138925725433173
0.040009417378322164
0.03844931030650479
0.03661850860415031
0.03432717593337064
0.031026068326611943
