6.933539200581491e-7
7.258829149671769e-7
7.599323973356232e-7
7.955762361071949e-7
8.328877291006e-7
8.719431063625523e-7
9.128243085938416e-7
9.556166688213277e-7
1.0004114766362243e-6
1.0472976828994319e-6
1.096375431663601e-6
1.1477437485955301e-6
1.2015129658048452e-6
1.2577916733350676e-6
1.3166985002777945e-6
1.3783536468785656e-6
1.4428862721261346e-6
1.5104284946104467e-6
1.5811207496976616e-6
1.6551092475411573e-6
1.7325467064476746e-6
1.8135917925520027e-6
1.8984135751746687e-6
1.987184779260193e-6
2.080089866518247e-6
2.1773187883591363e-6
2.2790723705431136e-6
2.3855588906832445e-6
2.496997135262444e-6
2.6136162552517e-6
2.735654954077247e-6
2.8633634822884137e-6
2.9970037855049133e-6
3.1368475537253247e-6
3.283181392024441e-6
3.436303421563364e-6
3.5965261487613236e-6
3.7641763653249515e-6
3.939595898073726e-6
4.123140094661643e-6
4.315181952448623e-6
4.5161118105919415e-6
4.72633685076642e-6
4.946282480500535e-6
5.176393703910573e-6
5.417136026213601e-6
5.668994297479862e-6
5.932476336054025e-6
6.2081136724727515e-6
6.4964594050224044e-6
6.798093192096969e-6
7.113619505520582e-6
7.443670754382085e-6
7.788907848841261e-6
8.15001858925598e-6
8.527725277488095e-6
8.92277902146301e-6
9.335965751127599e-6
9.768106390466146e-6
0.000010220057526707416
0.000010692714209200978
0.000011187010141431275
0.000011703921143979013
0.000012244465251938426
0.000012809705522343749
0.000013400751528460644
0.000014018761428772896
0.000014664943964135647
0.00001534056044116997
0.0000160469272578954
0.000016785417902395505
0.00001755746569992688
0.000018364565367976216
0.000019208277041163752
0.000020090227228085193
0.00002101211295316501
0.000021975703770009357
0.0000229828451610533
0.000024035461629656053
0.000025135559290521704
0.0000262852296621349
0.000027486653282719673
0.000028742102664435113
0.000030053946355528537
0.00003142465252650444
0.000032856792898187786
0.00003435304708220265
0.00003591620642097084
0.00003754917831588103
0.00003925499100868651
0.000041036798213428255
0.00004289788330954194
0.000044841665168584695
0.000046871702357691774
0.00004899169917487497
0.00005120551056391192
0.00005351714788127872
0.00005593078475592069
0.0000584507627640875
0.00006108159783199251
0.00006382798658064938
0.00006669481227227172
0.00006968715224160451
0.00007281028411877282
0.00007606969320843836
0.00007947107963987671
0.00008302036582584812
0.00008672370391684958
0.00009058748399642381
0.00009461834154718713
0.0000988231662118205
0.0001032091098227162
0.00010778359505822231
0.00011255432449098613
0.00011752928916313658
0.00012271677811618667
0.00012812538743447704
0.00013376403007390737
0.000139641945511584
0.00014576870945237568
0.00015215424420394295
0.00015880882868913915
0.00016574310901805843
0.00017296810881527495
0.0001804952402320309
0.00018833631454693325
0.00019650355319718606
0.00020500959893292127
0.00021386752689018233
0.00022309085600148875
0.0002326935602704446
0.0002426900802551654
0.00025309533454008574
0.0002639247312326691
0.0002751941795900632
0.00028692010141329494
0.00029911944270962155
0.00031180968506239074
0.00032500885712637655
0.00033873554587507247
0.00035300890786892205
0.0003678486803240898
0.00038327519197418045
0.0003993093738455601
0.00041597276972870836
0.000433287546407324
0.00045127650360777177
0.000469963083635709
0.0004893713806506713
0.0005095261495468485
0.000530452814388564
0.0005521774764132116
0.0005747269215224819
0.0005981286271352073
0.0006224107686159566
0.000647602224907339
0.0006737325835936855
0.000700832145170866
0.0007289319265848386
0.0007580636639826717
0.0007882598145174646
0.0008195535572997765
0.0008519787934329306
0.0008855701449356501
0.0009203629527023315
0.0009563932733170248
0.0009936978747409186
0.0010323142307631745
0.001072280514249924
0.001113635589074311
0.001156419000704801
0.0012006709654115843
0.0012464323580714312
0.0012937446984299346
0.0013426501359362112
0.0013931914329661256
0.0014454119464624893
0.001499355607982831
0.0015550669020480245
0.0016125908428219157
0.001671972949091377
0.0017332592174794106
0.0017964960939239132
0.0018617304433746608
0.001929009517709868
0.001998380921862735
0.002069892578146991
0.002143592688803912
0.0022195296967668387
0.0022977522446431145
0.002378309131982916
0.0024612492707818305
0.002546621639339665
0.002634475234441426
0.002724859021951877
0.0028178218858729786
0.002913412575881511
0.0030116796535032612
0.003112671436908355
0.0032164359444729978
0.003323020837188455
0.003432473359999512
0.0035448402822234044
0.0036601678371177477
0.0037785016607717096
0.0038998867304247697
0.004024367302371504
0.0041519868496092205
0.004282787999367975
0.0044168124707091895
0.004554101012365646
0.004694693340996567
0.004838628080046005
0.004985942699404878
0.005136673456073549
0.005290855336023732
0.005448521997468461
0.005609705715751738
0.005774437330071863
0.005942746192245768
0.006114660117736765
0.006290205339148741
0.00646940646240766
0.0066522864258362424
0.006838866462318116
0.007029166064774296
0.007223202955110461
0.00742099305685804
0.007622550471662113
0.007827887459789316
0.008037014424827306
0.008249939902692776
0.008466670555111707
0.008687211167665711
0.0089115646525163
0.009139732055896794
0.00937171257043536
0.009607503552362985
0.009847100543639081
0.01009049729900734
0.010337685817979373
0.010588656381713331
0.01084339759474675
0.011101896431507502
0.011364138287524922
0.01163010703521836
0.011899785084140631
0.012173153445517487
0.01245019180092074
0.012730878574868496
0.013015191011150305
0.013303105252647645
0.013594596424388102
0.013889638719584003
0.014188205488359298
0.014490269328875227
0.014795802180538331
0.015104775418973414
0.01541715995241434
0.015732926319179844
0.016052044785869825
0.01637448544592391
0.01670021831817683
0.01702921344503547
0.017361440989904074
0.01769687133348334
0.01803547516856935
0.018377223592975618
0.018722088200213465
0.019070041167567036
0.019421055341203926
0.019775104317971928
0.020132162523551295
0.020492205286625962
0.02085520890876433
0.02122115072971074
0.02159000918780031
0.021961763875229814
0.0223363955879364
0.022713886369849383
0.023094219551311135
0.02347737978146662
0.023863353054463864
0.024252126729313192
0.024643689543285014
0.02503803161874856
0.02543514446337805
0.025835020963674314
0.026237655371783377
0.026643043285608615
0.027051181622248753
0.027462068584809898
0.027875703622676083
0.02829208738533576
0.028711221669896484
0.02913310936244417
0.02955775437342081
0.029985161567220617
0.030415336686235632
0.030848286269592743
0.031284017566847934
0.03172253844693216
0.03216385730265011
0.03260798295105955
0.03305492453007442
0.03350469139164616
0.033957292991898216
0.034412738778593494
0.03487103807633572
0.03533219996990323
0.035796233186132675
0.03626314597476807
0.036732945988700715
0.03720564016402353
0.037681234600329974
0.03815973444167996
0.03864114375866008
0.03912546543195531
0.03961270103784674
0.04010285073604141
0.04059591316022982
0.04109188531175876
0.041590762456789415
0.04209253802730568
0.04259720352630892
0.04310474843753341
0.0436151601399871
0.04412842382761048
0.04464452243432036
0.045163436564689845
0.045685144430489946
0.046209621793294534
0.046736841913332806
0.047266775504740954
0.04779939069734675
0.048334653005094756
0.04887252530119254
0.049412967800035304
0.04995593804594239
0.050501390908710926
0.051049278585971726
0.05159955061230596
0.052152153875057505
0.05270703263675402
0.05326412856402706
0.05382338076290086
0.05438472582029707
0.054948097851586095
0.055513428553991474
0.056080647265646516
0.056649681030071
0.05722045466583785
0.05779289084117007
0.05836691015320505
0.0589424312116514
0.059519370726546374
0.060097643599821504
0.06067716302037284
0.061257840562324334
0.061839586286172574
0.062422308842492294
0.06300591557788476
0.063590312642847
0.06417540510123959
0.06476109704103865
0.0653472916860481
0.06593389150826405
0.0665207983405834
0.06710791348955011
0.06769513784784728
0.06828237200624698
0.06886951636473262
0.06945647124253296
0.07004313698680034
0.07062941407968501
0.0712152032435693
0.07180040554423373
0.0723849224917408
0.0729686561388349
0.0735515091766707
0.07413338502769375
0.07471418793551203
0.07529382305160998
0.07587219651877156
0.07644921555109131
0.07702478851046535
0.0775988249794725
0.07817123583056225
0.07874193329148686
0.07931083100692218
0.07987784409623977
0.0804428892074002
0.08100588456695675
0.08156675002616075
0.08212540710318458
0.08268177902147496
0.08323579074427137
0.0837873690053295
0.08433644233589799
0.08488294108801157
0.08542679745416375
0.08596794548344003
0.08650632109419402
0.08704186208335331
0.08757450813245836
0.08810420081053258
0.08863088357389434
0.08915450176302218
0.08967500259659122
0.0901923351628022
0.09070645040812331
0.09121730112357693
0.09172484192869218
0.09222902925326039
0.09272982131701862
0.09322717810739502
0.09372106135544697
0.0942114345101226
0.09469826271097696
0.09518151275947012
0.09566115308897598
0.09613715373362791
0.09660948629612337
0.09707812391460825
0.0975430412287612
0.09800421434519052
0.09846162080225723
0.0989152395344308
0.09936505083628389
0.09981103632622616
0.10025317891007349
0.10069146274454412
0.10112587320077494
0.10155639682793487
0.10198302131701861
0.1024057354648993
0.1028245291387032
0.10323939324058076
0.10365031967292791
0.10405730130412326
0.10446033193482734
0.10485940626489619
0.10525451986095385
0.10564566912466075
0.10603285126171905
0.10641606425164148
0.10679530681831631
0.10717057840139145
0.10754187912849546
0.10790920978831886
0.10827257180456173
0.10863196721076565
0.10898739862603044
0.109338869231626
0.10968638274849624
0.11002994341565515
0.11036955596947375
0.11070522562384745
0.11103695805123909
0.11136475936458494
0.11168863610005254
0.11200859520063476
0.11232464400056592
0.11263679021054174
0.11294504190372301
0.11324940750250641
0.11354989576603687
0.11384651577844401
0.11413927693777559
0.11442818894560822
0.11471326179730698
0.11499450577291224
0.11527193142862799
0.11554554958888563
0.11581537133895503
0.11608140801808428
0.11634367121313367
0.1166021727526833
0.11685692470158851
0.11710793935595462
0.11735522923850979
0.11759880709434767
0.11783868588701657
0.11807487879493396
0.11830739920809547
0.11853626072506486
0.11876147715021432
0.11898306249119776
0.11920103095663385
0.1194153969539804
0.11962617508757757
0.11983338015684109
0.1200370271545893
0.1202371312654856
0.12043370786457455
0.12062677251590397
0.12081634097120876
0.12100242916864934
0.12118505323158398
0.12136422946736707
0.12153997436615839
0.12171230459973045
0.12188123702026618
0.12204678865913572
0.12220897672563887
0.1223678186057098
0.1225233318605741
0.12267553422534852
0.12282444360757813
0.12297007808570729
0.12311245590747388
0.12325159548822423
0.1233875154091469
0.1235202344154176
0.12364977141425225
0.12377614547287025
0.1238993758163581
0.1240194818254394
0.1241364830341438
0.12425039912737874
0.12436124993839826
0.12446905544617665
0.12457383577267821
0.12467561118003152
0.1247744020676043
0.12487022896898312
0.1249631125488583
0.1250530735998158
0.1251401330390397
0.12522431190492594
0.1253056313536117
0.12538411265542185
0.12545977719123583
0.12553264644877968
0.12560274201884525
0.12567008559143866
0.1257346989518654
0.12579660397675288
0.1258558226300148
0.12591237695876217
0.1259662890891635
0.12601758122226056
0.12606627562974035
0.126112394649671
0.12615596068220233
0.12619699618523844
0.1262355236700838
0.1262715656970686
0.1263051448711553
0.12633628383753492
0.12636500527721
0.1263913319025757
0.1264152864529979
0.12643689169039374
0.12645617039481757
0.12647314536005944
0.12648783938925315
0.1265002752905043
0.12651047587253733
0.12651846394036664
0.12652426229099478
0.12652789370914053
0.12652938096300037
0.12652874680004572
0.12652601394286064
0.12652120508501868
0.12651434288700697
0.12650544997219484
0.1264945489228534
0.12648166227622562
0.1264668125206512
0.12645002209174655
0.12643131336864338
0.1264107086702867
0.12638823025179324
0.12636390030087544
0.12633774093432848
0.12630977419458256
0.12628002204632577
0.12624850637319146
0.12621524897451936
0.1261802715621857
0.12614359575750322
0.1261052430881983
0.1260652349854573
0.1260235927810482
0.12598033770451794
0.1259354908804627
0.1258890733258748
0.12584110594756534
0.12579160953966115
0.12574060478118018
0.1256881122336806
0.12563415233898734
0.125578745416994
0.12552191166354032
0.12546367114836632
0.12540404381314033
0.1253430494695626
0.1252807077975431
0.12521703834345488
