0.0020803872565096967
0.0020876217066912723
0.002094905956777332
0.002102240509859928
0.002109625875661857
0.00211706257064748
0.0021245511181376044
0.002132092048423963
0.0021396858988903247
0.0021473332141323655
0.0021550345460818877
0.002162790454137043
0.002170601505289219
0.0021784682742597423
0.0021863913436347094
0.002194371304006522
0.002093058027874731
0.0021138673558094502
0.002133316831587477
0.0021515514731282035
0.0021687048265940853
0.002184899099458062
0.0022002455231026376
0.0022148448746670095
0.002190113966903786
0.0022079544573934944
0.0022247994478406382
0.002240763950481623
0.002232873123698316
0.0022500461295243226
0.0022663269934646165
0.002266106006913277
0.0022827280831456366
0.0022863925937463628
0.0022922584390453393
0.002299877129310838
0.002308885362949868
0.002318987883035173
0.002329944359568009
0.002335987485365397
0.0023487606948052477
0.0023575085273800393
0.0023636953469240744
0.002375081234533049
0.002384229240046357
0.0023920276410501866
0.0024036676625251684
0.0024100393306755925
0.0024201288409978964
0.0024298251409383006
0.002440783600260507
0.002450345690971937
0.002460193725397642
0.00247041814632861
0.002481070152051387
0.002490740555613727
0.002501202989475708
0.0025112720772219174
0.0025217565376219526
0.0025322788976077384
0.0025430145594501213
0.002553746414021469
0.0025646644369720054
0.002575378892074705
0.0025863814475195145
0.002597573614558876
0.0026087327410641804
0.002619910806149047
0.0026313037455277873
0.0026429215917569814
0.002654355399853146
0.0026660590838247272
0.0026778189747058744
0.0026897504996657683
0.0027016825005355344
0.0027137687094970007
0.0027259205041970337
0.0027382426154497334
0.0027506215266906832
0.0027631529215063123
0.002775732490267807
0.0027884858452701332
0.0028013425635980494
0.002814305128146467
0.002827381079911553
0.0028405992616874175
0.002853927657916947
0.0028673844735717805
0.002880971058382509
0.002894672669161992
0.0029085145893136006
0.0029224897206516737
0.002936591086594283
0.002950833942687211
0.0029652149113725016
0.0029797383085601713
0.0029944027710023077
0.003009210959074247
0.003024167416267073
0.003039274680284751
0.0030545346351713736
0.003069949632130399
0.0030855233311575156
0.0031012559077933863
0.003117152148112607
0.0031332152185156253
0.0031494467281037207
0.003165850676734302
0.003182431475845246
0.003199189811799447
0.003216129253399029
0.0032332546631915174
0.003250569168368758
0.003268075981897904
0.003285778706793606
0.003303681804044599
0.0033217884365249755
0.003340102975300943
0.0033586297655323325
0.0033773731543623757
0.003396337173181174
0.003415527049882958
0.0034349468241130347
0.003454601836805283
0.0034744969297285594
0.003494637165149003
0.003515028061653466
0.003535675087253333
0.003556583874805299
0.003577760348789413
0.003599210459153521
0.0036209405434961795
0.003642956951110204
0.003665266426638144
0.0036878756897122267
0.0037107919222738087
0.003734022431382477
0.0037575746591927152
0.003781456414975134
0.0038056757266035795
0.0038302409071216325
0.0038551604462203075
0.0038804431946918815
0.003906098228271722
0.003932134936645614
0.003958563002985238
0.0039853924402360645
0.004012633526048711
0.00404029690784152
0.004068393545956555
0.004096934745581988
0.004125932176710282
0.004155397850419966
0.004185344174945658
0.004215783914595619
0.004246730246811952
0.004278196734520847
0.0043101973556941755
0.004342746504272202
0.004375859017503516
0.004409550160116865
0.004443835648632833
0.004478731661955644
0.0045142548487850705
0.004550422329663184
0.004587251723064319
0.004624761137549228
0.004662969190659844
0.004701895016525038
0.004741558272476338
0.004781979149729849
0.004823178380109081
0.004865177245917473
0.00490799758563754
0.004951661801876276
0.004996192870811948
0.0050416143445922695
0.005087950361331848
0.005135225647601027
0.00518346552743391
0.005232695923277105
0.005282943362563019
0.0053342349800882625
0.005386598522210025
0.005440062347334902
0.005494655429470515
0.005550407357608165
0.005607348337041294
0.005665509188012947
0.005724921344508649
0.005785616852562066
0.005847628365867004
0.005910989143477923
0.005975733043662316
0.006041894518450002
0.006109508607065495
0.006178610928146225
0.006249237670721367
0.006321425584807086
0.006395211970596495
0.006470634666422238
0.006547732036416956
0.006626542956183529
0.006707106798149775
0.006789463415706428
0.006873653125947449
0.0069597166920200865
0.007047695303740164
0.007137630557817586
0.007229564436910113
0.007323539287383968
0.0074195977966291975
0.007517782969192717
0.0076181381021523985
0.0077207067595800784
0.007825532746357427
0.007932660080999266
0.008042132968153757
0.008153995770172246
0.008268292978257905
0.008385069183076497
0.008504369044851426
0.008626237263329154
0.008750718547104241
0.008877857583090993
0.009007699005528272
0.009140287365201689
0.009275667098555927
0.009413882496913798
0.009554977676002366
0.009698996545691113
0.009845982780151872
0.00999597978851688
0.010149030686011728
0.010305178265909947
0.010464464972093912
0.010626932872482115
0.010792623633450002
0.010961578495144444
0.011133838247969145
0.011309443210194736
0.011488433206767429
0.011670847549464064
0.011856725018380023
0.012046103844810377
0.012239021695636761
0.012435515659167895
0.012635622232544176
0.012839377310711678
0.013046816176965464
0.013257973495091769
0.013472883303120872
0.013691579008657322
0.013914093385792276
0.014140458573582364
0.014370706076012483
0.014604866763486313
0.014842970875679325
0.015085048025820488
0.015331127206205145
0.015581236794964252
0.015835404563929498
0.016093657687548654
0.01635602275270308
0.016622525769347102
0.01689319218184033
0.017168046880844567
0.017447114215638434
0.017730418006757065
0.01801798155875874
0.018309827673014013
0.018605978660345975
0.01890645635338116
0.019211282118444768
0.019520476866857598
0.01983406106547754
0.020152054746321094
0.02047447751512277
0.020801348558686237
0.021132686650859267
0.021468510157019356
0.021808837036907763
0.022153684845697567
0.02250307073315763
0.022857011440808105
0.02321552329695005
0.02357862220947233
0.02394632365634836
0.024318642673736148
0.02469559384162454
0.025077191266956157
0.025463448564193043
0.02585437883328212
0.02624999463501482
0.02665030796375743
0.027055330217575394
0.027465072165759316
0.027879543913796857
0.028298754865832637
0.028722713684677475
0.029151428249450148
0.029584905610927685
0.03002315194472043
0.030466172502373823
0.030913971560534447
0.03136655236831682
0.031823917093014464
0.032286066764333134
0.032753001217303145
0.033224719034063224
0.03370121748470311
0.03418249246736458
0.03466853844780844
0.03515934839866438
0.03565491373857372
0.03615522427145968
0.03666026812614588
0.03717003169655586
0.037684499582726724
0.03820365453286618
0.038727477386691446
0.039255947020277855
0.03978904029264559
0.04032673199431608
0.04086899479805379
0.04141579921201416
0.041967113535508284
0.042522903817583835
0.04308313381862714
0.04364776497516024
0.04421675636802466
0.044790064694108074
0.0453676442417764
0.04594944687015216
0.04653542199237475
0.0471255165629584
0.047719675069357766
0.04831783952782868
0.048919949483667624
0.04952594201588991
0.05013575174639636
0.050749310853663056
0.05136654909097478
0.05198739380920334
0.05261176998412189
0.0532396002482312
0.05387080492705131
0.054505302079832396
0.05514300754460664
0.05578383498750468
0.05642769595623218
0.05707449993760736
0.057724154419021685
0.05837656495370319
0.05903163522962493
0.0596892671419062
0.0603493608685361
0.06101181494924365
0.061676526367324264
0.06234339063423037
0.06301230187672333
0.06368315292637503
0.0643558354112084
0.06503023984925223
0.06570625574378891
0.06638377168006694
0.06706267542324822
0.0677428540173565
0.06842419388499767
0.06910658092761625
0.06978990062605707
0.07047403814120395
0.07115887841446261
0.07184430626786854
0.07253020650359603
0.07321646400264982
0.07390296382253442
0.07458959129368777
0.07527623211448946
0.07596277244464227
0.07664909899675094
0.07733509912591816
0.0780206609171901
0.07870567327069511
0.07939002598432417
0.08007360983381685
0.08075631665011798
0.0814380393938925
0.08211867222708298
0.08279811058141733
0.0834762512237731
0.0841529923183285
0.08482823348542524
0.0855018758570965
0.08617382212920782
0.0868439766101823
0.08751224526628178
0.08817853576343328
0.08884275750559469
0.08950482166966957
0.09016464123698112
0.09082213102133627
0.09147720769370815
0.09212978980358284
0.0927797977970201
0.09342715403148281
0.09407178278750718
0.09471361027727761
0.09535256465019279
0.09598857599550126
0.09662157634210153
0.09725149965559782
0.09787828183271342
0.0985018606931662
0.09912217596911051
0.09973916929225789
0.10035278417879166
0.10096296601218467
0.10156966202404459
0.10217282127309961
0.10277239462244409
0.10336833471516743
0.10396059594848225
0.10454913444646947
0.10513390803156367
0.10571487619489192
0.10629200006558237
0.1068652423791577
0.10743456744512386
0.10799994111386446
0.10856133074294702
0.10911870516294513
0.10967203464287754
0.11022129085536098
0.11076644684157061
0.11130747697610012
0.11184435693180557
0.11237706364471806
0.11290557527910183
0.11342987119273357
0.113949931902473
0.11446573905019262
0.1149772753691253
0.11548452465069138
0.1159874717118573
0.1164861023630748
0.1169804033768471
0.11747036245696446
0.11795596820844426
0.11843721010820879
0.1189140784765358
0.1193865644492985
0.11985465995102652
0.1203183576687985
0.12077765102698929
0.12123253416287467
0.12168300190311233
0.12212904974109522
0.12257067381518752
0.12300787088783817
0.12344063832557416
0.12386897407986079
0.12429287666883267
0.12471234515987405
0.12512737915304603
0.1255379787653406
0.1259441446157514
0.1263458778111406
0.1267431799328837
0.12713605302427594
0.1275244995786743
0.12790852252835738
0.12828812523407704
0.1286633114752811
0.12903408544097716
0.12940045172122058
0.12976241529919197
0.13011998154384527
0.13047315620309555
0.130821945397522
0.1311663556145602
0.1315063937031544
0.13184206686884536
0.13217338266926712
0.132500349010025
0.1328229741409318
0.13314126665257198
0.13345523547317384
0.13376488986576082
0.13407023942556054
0.13437129407764542
0.13466806407478316
0.1349605599954759
0.1352487927421626
0.13553277353956633
0.13581251393316696
0.13608802578777435
0.1363593212861909
0.136626412927937
0.13688931352802883
0.13714803621578794
0.13740259443366726
0.13765300193608032
0.13789927278821765
0.1381414213648373
0.13837946234901705
0.1386134107308569
0.1388432818061204
0.13906909117480365
0.13929085473962352
0.1395085887044168
0.13972230957244064
0.13993203414456667
0.14013777951736692
0.14033956308107737
0.140537402517442
0.14073131579742681
0.14092132117880435
0.1411074372036013
0.14128968269540992
0.1414680767565581
0.1416426387651395
0.1418133883718998
0.1419803454969801
0.14214353032651691
0.14230296330909925
0.1424586651520834
0.14261065681776697
0.14275895951942236
0.14290359471719496
0.14304458411386436
0.14318194965047343
0.14331571350182917
0.1434458980718764
0.14357252598894824
0.14369562010089976
0.14381520347012466
0.14393129936846322
0.1440439312720023
0.14415312285577514
0.14425889798836414
0.1443612807264111
0.14446029530904125
0.14455596615220517
0.14464831784294366
0.14473737513358226
0.1448231629358589
0.14490570631499192
0.1449850304836909
0.14506116079612075
0.14513412274181817
0.14520394193957145
0.1452706441312662
0.1453342551757018
0.14539480104238658
0.1454523078053147
0.14550680163673077
0.14555830880088674
0.14560685564779846
0.1456524686070025
0.14569517418132383
0.14573499894065367
0.14577196951574603
0.14580611259203588
0.14583745490348451
0.1458660232264541
0.1458918443736197
0.14591494518791842
0.14593535253654358
0.14595309330498515
0.1459681943911209
0.14598068269936332
0.14599058513486401
0.14599792859777774
0.14600273997759494
0.14600504614753784
0.14600487395903003
0.14600225023623753
0.1459972017706874
0.1459897553159634
0.14597993758248368
0.14596777523236154
0.1459532948743497
0.14593652305887453
0.14591748627315693
0.145896210936424
0.14587272339521484
0.14584704991877806
0.1458192166945643
0.14578924982381605
0.14575717531725368
0.1457230190908597
0.1456868069617619
0.14564856464421647
0.14560831774569039
0.14556609176304527
0.14552191207882242
0.14547580395762807
0.14542779254262098
0.14537790285210125
0.14532615977620103
