0.10731227687630394
0.1104889159033585
0.11112641705725612
0.11087834161831221
0.11023011085437553
0.10937998590966785
0.10842363641626389
0.10741211253176909
0.10637449293632399
0.10532806843682527
0.10428339813098364
0.1032470121627256
0.1022229413200429
0.10121362278220324
0.10022045642759023
0.09924415688188991
0.09828498184899798
0.09734288322692475
0.0964176087862106
0.0955087714957489
0.09461589727499348
0.09373845812558501
0.09287589521578686
0.0920276349783256
0.09119310030091068
0.09037171824131923
0.08956292526490903
0.08876617070709797
0.0879809189601692
0.08720665074186114
0.08644286370357494
0.08568907256521414
0.0849448089124107
0.08420962075564668
0.08348307192358376
0.08276474134387043
0.08205422224944803
0.08135112133891848
0.08065505791027511
0.07996566298231485
0.07928257841327489
0.07860545602285396
0.07793395672130435
0.07726774964700486
0.0766065113133445
0.07594992476314495
0.0752976787292317
0.07464946679788476
0.07400498657251545
0.07336393883227199
0.07272602668205942
0.07209095468782878
0.0714584279917878
0.07082815140036265
0.07019982843757738
0.06957316035579045
0.06894784509368769
0.06832357617153594
0.06770004151052189
0.06707692216298874
0.0664538909368448
0.06583061089520709
0.06520673370975462
0.06458189784135673
0.06395572651764837
0.06332782547167304
0.0626977803973889
0.06206515407029844
0.061429483070315254
0.06079027402917262
0.06014699930912153
0.05949909199491849
0.05884594005745166
0.0581868795042077
0.05752118629022883
0.05684806669743614
0.056166645808590446
0.055475953587727646
0.054774907930437766
0.05406229383767745
0.05333673757059868
0.052596674238607734
0.05184030666843479
0.051065552535017156
0.050269975414485045
0.049450693430582615
0.04860425598300465
0.0477264739759341
0.046812180405831856
0.04585488338703308
0.0448462468626116
0.0437752830261077
0.042627036491879274
0.041380312482150836
0.04000345248002375
0.03844566381045336
0.03661656537333463
0.034326369510503066
0.03102588632064606
