0.0009421252547073503
0.0009453747873854343
0.000948646552671987
0.0009519407758232584
0.0009552576851630385
0.0009585975121390255
0.0009619604913816716
0.0009653468607636912
0.0009687568614614215
0.0009721907380187719
0.0009756487384118157
0.0009791311141150551
0.0009826381201720458
0.000986170015263811
0.0009897270617835487
0.0009933095259105963
0.0009969176776875915
0.001000551791099724
0.0010042121441588363
0.0010078990189839102
0.0010116127018911444
0.0010153534834823484
0.0010191216587380812
0.0010229175271125608
0.0010267413926318828
0.0010305935639963457
0.0010344743546859192
0.0010383840830668263
0.0010423230725056642
0.0010462916514838792
0.001050290153717417
0.0010543189182819152
0.0010583782897383702
0.001062468618268159
0.0010665902598080775
0.001070743576193385
0.0010749289353050187
0.001079146711219601
0.001083397284370021
0.0010876810417063865
0.0010919983768669743
0.0010963496903526946
0.0011007353897093473
0.0011051558897174337
0.0011096116125863303
0.0011141029881583822
0.0011186304541207033
0.0011231944562221181
0.001127795448502423
0.0011324338935282574
0.0011371102626377624
0.0011418250361952959
0.0011465787038573854
0.0011513717648474735
0.0011562047282412953
0.0011610781132661327
0.0011659924496081235
0.001170948277736512
0.0011759461492354133
0.0011809866271538503
0.0011860702863682347
0.0011911977139577935
0.0011963695095980266
0.0012015862859691975
0.0012068486691798395
0.0012121572992100928
0.0012175128303729085
0.001222915931792156
0.0012283672879031188
0.0012338675989718192
0.0012394175816363053
0.0012450179694711361
0.0012506695135744413
0.001256372983178943
0.001262129166289808
0.0012679388703480284
0.0012738029229199543
0.0012797221724200657
0.0012856974888580154
0.0012917297646201549
0.001297819915283709
0.0013039688804621233
0.0013101776246890837
0.001316447138334995
0.0013227784385661016
0.0013291725703369292
0.0013356306074315584
0.001342153653539451
0.0012844248853932285
0.0013006079980276111
0.0013154941478764313
0.0013292661690876503
0.0013420869972632385
0.0013541005658463286
0.0013419667822752532
0.0013561682810263609
0.0013694083682349912
0.0013675904221054636
0.0013814073717275176
0.0013841326351873757
0.0013978357502447286
0.001403338656551193
0.0014103534501681298
0.0014184903775780497
0.0014229827522284175
0.0014294219554516255
0.0014373129897751323
0.0014462773652400586
0.0014537124466900326
0.0014623984133837885
0.001470338410015579
0.0014780288003799753
0.001485797959237667
0.0014938513195653072
0.0015023065329323028
0.0015104816507469298
0.0015187220056851172
0.0015277796634069684
0.0015366335132130841
0.0015455845437492737
0.0015548218327817778
0.0015636108182202181
0.0015730962341188326
0.001582419242049333
0.0015918846052015115
0.0016016833368904504
0.0016114175396367897
0.001621470179582315
0.0016315010687507966
0.0016417733670302714
0.0016521784892215645
0.0016627496864445258
0.0016734858573827257
0.0016843331161980114
0.001695409064393632
0.0017066789839500066
0.0017180746700704481
0.001729688590833035
0.0017415023861299542
0.0017535044557510104
0.0017657079106676347
0.0017781160786721163
0.0017907432794932185
0.0018035939328013022
0.001816672533304971
0.0018299883798415682
0.0018435396846402936
0.00185734028065092
0.0018714062994813548
0.0018857283510978382
0.0019003271470590783
0.0019152016803435296
0.0019303702390434535
0.0019458345342620504
0.0019616062291900054
0.0019776920081156506
0.001994103650338609
0.0020108514765344687
0.0020279444747241643
0.0020453921235604722
0.002063208724406926
0.0020814025002429885
0.0020999863189622462
0.0021189707125689053
0.002138369201705028
0.0021581939352793697
0.002178457242244003
0.002199172881433676
0.002220354950571245
0.0022420166402756115
0.0022641728712647713
0.0022868383016486043
0.0023100284896604025
0.002333758450469267
0.0023580446411379345
0.0023829034861205293
0.0024083516069800625
0.0024344065193592918
0.0024610859263141218
0.002488407846935769
0.002516390960106639
0.0025450542657285053
0.002574417283723298
0.002604499936219592
0.0026353225220741242
0.0026669059149313536
0.002699271322698248
0.0027324405545549736
0.0027664357079461178
0.002801279473252036
0.002836994926469743
0.0028736056014054987
0.0029111355174915696
0.0029496091124790558
0.002989051316873022
0.0030294874932140004
0.0030709434330837026
0.0031134454090963022
0.003157020126254003
0.00320169472938159
0.003247496796131503
0.0032944543403609595
0.0033425958113351734
0.003391950073452793
0.0034425464119814007
0.0034944145297139003
0.0035475845307136413
0.003602086920776621
0.0036579525990567984
0.00371521284846289
0.003773899336003466
0.0038340440916351183
0.003895679509501859
0.003958838339161188
0.00402355366868119
0.004089858924555205
0.004157787853026573
0.004227374514312924
0.004298653272647719
0.004371658781640342
0.0044464259762884185
0.004522990057190923
0.004601386481219255
0.004681650947340262
0.0047638193846025086
0.004847927937678924
0.0049340129531963905
0.00502211096674272
0.005112258686246903
0.00520449297939238
0.005298850857307597
0.005395369458435026
0.005494086034246419
0.005595037931975709
0.005698262579082178
0.005803797465930196
0.005911680129172331
0.006021948135029116
0.0061346390617317975
0.006249790482126102
0.006367439946018988
0.006487624962978782
0.006610382984361097
0.006735751385686211
0.006863767448855473
0.006994468344780556
0.007127891115701692
0.007264072657858546
0.007403049704457972
0.007544858808763109
0.007689536327526731
0.00783711840466393
0.0079876409556527
0.00814113965205283
0.008297649906702865
0.008457206859568649
0.008619845363959523
0.008785599973681864
0.008954504930698296
0.009126594153737271
0.009301901227469036
0.009480459392761683
0.009662301537671801
0.009847460189317902
0.01003596750680069
0.010227855274937586
0.010423154899094692
0.010621897400812375
0.010824113414610828
0.011029833185631619
0.011239086568185825
0.011451903025419787
0.011668311629727746
0.01188834106408326
0.012112019624250351
0.012339375221755534
0.012570435387503631
0.01280522727623423
0.013043777671406933
0.013286112990692697
0.013532259291838874
0.013782242278931928
0.014036087308858834
0.014293819397918734
0.014555463228447306
0.014821043155395343
0.015090583212668374
0.015364107119147409
0.01564163828430345
0.015923199813185237
0.0162088145107498
0.016498504885365393
0.01679229315134473
0.01709020123041565
0.017392250751994614
0.017698463052127193
0.018008859170998592
0.018323459848876983
0.01864228552042296
0.018965356307203012
0.0192926920083503
0.019624312089296866
0.019960235668449306
0.020300481501765416
0.020645067965174378
0.0209940130347746
0.021347334264759734
0.02170504876305848
0.022067173164653526
0.02243372360257855
0.022804715676586713
0.023180164419518222
0.023560084261377238
0.023944488991173733
0.024333391716574376
0.02472680482141649
0.02512473992118844
0.025527207816533986
0.025934218444904195
0.02634578083045302
0.026761903032320296
0.027182592091408875
0.027607853975824586
0.02803769352512627
0.028472114393541657
0.02891111899233169
0.02935470843148835
0.02980288246093468
0.030255639411441517
0.030712976135450896
0.031174887948015383
0.03164136856805681
0.03211241006016362
0.03258800277713963
0.03306813530351132
0.0335527944002271
0.034041964950743506
0.03453562990873061
0.03503377024759383
0.03553636491203216
0.036043390771828165
0.03655482257807283
0.037070632922014714
0.037590792196725877
0.03811526856175367
0.03864402791093583
0.0391770338435351
0.0397142476388477
0.04025562823441947
0.040801132208007976
0.04135071376339794
0.04190432472018475
0.042461914507608285
0.04302343016252685
0.04358881633159025
0.04415801527766456
0.044730966890554606
0.04530760870203486
0.045887875905216126
0.04647170137822826
0.04705901571221204
0.04764974724358377
0.048243822090524774
0.04884116419364159
0.04944169536072005
0.050045335315485044
0.05065200175027268
0.051261610382499816
0.0518740750148057
0.052489307598735664
0.05310721830182013
0.05372771557788768
0.054350706240455494
0.05497609553901595
0.055603787238038986
0.0562336836985005
0.05686568596173997
0.05749969383544045
0.0581356059815288
0.05877332000577725
0.05941273254889371
0.060053739378879804
0.06069623548443621
0.06134011516919032
0.061985272146526264
0.0626315996347938
0.06327899045267162
0.06392733711447084
0.06457653192515662
0.06522646707487764
0.06587703473279422
0.06652812713999848
0.06717963670132848
0.06783145607588675
0.06848347826606885
0.06913559670493337
0.06978770534173491
0.07043969872545722
0.0710914720861975
0.0717429214142494
0.07239394353675477
0.0730444361917936
0.07369429809979679
0.07434342903217858
0.07499172987708641
0.07563910270218703
0.07628545081441396
0.07693067881660728
0.07757469266099663
0.07821739969947966
0.07885870873066475
0.07949853004365261
0.08013677545854607
0.08077335836368081
0.08140819374958788
0.08204119823969817
0.08267229011781552
0.08330138935239405
0.08392841761765364
0.08455329831158934
0.08517595657092956
0.08579631928310345
0.08641431509529132
0.0870298744206318
0.08764292944167144
0.08825341411113738
0.08886126415013428
0.0894664170438516
0.09006881203489217
0.0906683901143137
0.09126509401050183
0.09185886817597264
0.09244965877222266
0.0930374136527353
0.09362208234425601
0.09420361602645366
0.09478196751007713
0.09535709121372579
0.09592894313934222
0.09649748084654493
0.09706266342590548
0.09762445147128539
0.09818280705133689
0.09873769368027237
0.09928907628800841
0.09983692118977962
0.10038119605532432
0.10092186987773241
0.10145891294204788
0.10199229679371212
0.10252199420693264
0.1030479791530553
0.10357022676901873
0.10408871332595984
0.10460341619804185
0.10511431383156583
0.10562138571442793
0.10612461234597857
0.10662397520733466
0.10711945673219254
0.10761104027818753
0.10809871009883865
0.10858245131611664
0.10906224989366584
0.10953809261071017
0.11000996703666936
0.11047786150650375
0.11094176509681264
0.1114016676026927
0.111857559515378
0.11230943200066174
0.11275727687811288
0.11320108660108691
0.11364085423753419
0.11407657345160044
0.11450823848602092
0.11493584414529662
0.11535938577964693
0.11577885926972885
0.11619426101210939
0.1166055879054779
0.11701283733758497
0.11741600717288586
0.11781509574087941
0.11821010182511518
0.11860102465285347
0.1189878638853553
0.11937061960878345
0.11974929232568765
0.1201238829470568
0.12049439278490909
0.12086082354540234
0.12122317732243386
0.12158145659171353
0.12193566420527757
0.12228580338642651
0.12263187772505821
0.12297389117337267
0.12331184804192774
0.12364575299601763
0.12397561105235573
0.12430142757603448
0.12462320827774298
0.12494095921121964
0.12525468677091645
0.12556439768985675
0.1258700990376655
0.1261717982187488
0.12646950297060924
0.1267632213622736
0.12705296179281836
0.12733873298997336
0.12762054400878858
0.12789840423034862
0.12817232336051773
0.12844231142870435
0.1287083787866263
0.12897053610707043
0.1292287943826292
0.1294831649244052
0.12973365936067008
0.12998028963547328
0.1302230680071851
0.13046200704696873
0.13069711963717215
0.13092841896963503
0.13115591854389713
0.1313796321653119
0.13159957394305102
0.13181575828799974
0.1320281999105378
0.13223691381820163
0.13244191531322427
0.13264321998995277
0.13284084373213695
0.13303480271009266
0.13322511337773355
0.13341179246947418
0.1335948569970028
0.133774324245924
0.13395021177227104
0.1341225373988917
0.13429131921170404
0.13445657555582977
0.13461832503159896
0.13477658649043908
0.13493137903064023
0.13508272199300697
0.13523063495639523
0.13537513773314028
0.13551625036437695
0.13565399311525897
0.1357883864700775
0.13591945112728449
0.13604720799442663
0.13617167818299175
0.13629288300317277
0.1364108439585538
0.13652558274072385
0.13663712122382154
0.13674548145901472
0.13685068566892356
0.13695275624198647
0.13705171572677907
0.13714758682628617
0.13724039239213556
0.13733015541879598
0.13741689903774457
0.1375006465116098
0.13758142122829264
0.13765924669507282
0.13773414653270177
0.13780614446949152
0.13787526433539815
0.13794153005611057
0.138004965647143
0.13806559520794087
0.13812344291599932
0.13817853302100316
0.1382308898389875
0.13828053774652804
0.13832750117496115
0.13837180460463705
0.1384134725592148
0.13845252959999504
0.1384890003202999
0.1385229093399021
0.13855428129950303
0.13858314085526646
0.13860951267341126
0.13863342142486096
0.13865489177995902
0.13867394840324723
0.1386906159483143
0.13870491905271132
0.13871688233294216
0.1387265303795268
0.13873388775214104
0.13873897897483373
0.13874182853132444
0.1387424608603822
