0.08518974397128794
0.0677066525679026
0.05720047646482675
0.04996743478144977
0.04458004194024966
0.04034786440551097
0.036892624297792206
0.033988983413820464
0.03149410996207585
0.02931292839394773
0.02737956106890139
0.025646792230366183
0.024079784726824573
0.02265217677884501
0.021343571764847327
0.020137874797813062
0.01902216110756322
0.017985888055452003
0.01702033485000649
0.016118196572656826
0.015273284915367086
0.014480304081545527
0.01373468052394212
0.013032431842600346
0.012370064574836819
0.011744493584231042
0.011152977795696052
0.010593068443621664
0.010062567002121832
0.009559490682669257
0.0090820439025677
0.008628594506816927
0.008197653806206063
0.0077878597037882805
0.007397962339661231
0.007026811803970635
0.006673347560073184
0.006336589290946165
0.006015628937344196
0.005709623739679795
0.005417790129982073
0.005139398347582174
0.00487376767406862
0.004620262200642455
0.00437828705528017
0.004147285028703803
0.003926733547692908
0.0037161419520760548
0.003515049038214701
0.003323020837188448
0.00313964860033846
0.002964546968654918
0.0027973523055754746
0.002637721175526165
0.002485328952775502
0.002339868547063501
0.0022010492342251662
0.002068595581367194
0.0019422464573895016
0.0018217541207711456
0.0017068833773292136
0.0015974108016248915
0.00149312401619652
0.0013938210235913068
0.001299309586540314
0.001209406652215202
0.0011239378168086784
0.001042736827204
0.0009656451165671887
0.0008925113712704136
0.0008231911266166895
0.0007575463891015264
0.0006954452832274613
0.0006367617209207504
0.0005813750919891226
0.0005291699738966488
0.0004800358596093495
0.0004338669020810315
0.00039056167419045356
0.0003500229431780312
0.0003121574583504673
0.0002768757512990605
0.00024409194760161254
0.00021372358945460898
0.0001856914680763309
0.0001599194657580788
0.0001363344061458176
0.00011486591305119092
0.0000954462760940219
0.0000780103236346117
0.00006249530160657991
0.000048840757839853256
0.00003698843097778503
0.000026882143413460918
0.00001846769574091553
0.000011692761295281693
6.506774434878057e-6
2.8608033975960835e-6
7.073686450482484e-7
