0.3614890598965069
0.39544338914786753
0.41581902819331085
0.4305066332409862
0.4420287954580693
0.45151729224134696
0.45957956757244395
0.4665808592637748
0.47275880789128716
0.4782772827239149
0.48325442778189504
0.4877784692746267
0.49191719181866883
0.4957239092533113
0.4992413845099436
0.5025044932860132
0.5055420879938748
0.5083783354735935
0.5110336983825191
0.5135256692043618
0.5158693286859299
0.518077777204077
0.5201624725441775
0.5221334976580033
0.5239997752845842
0.5257692417237902
0.5274489888384312
0.5290453810774376
0.5305641526651695
0.5320104888983973
0.5333890946015694
0.5347042521243074
0.5359598707604635
0.5371595290828932
0.5383065113907821
0.5394038392353518
0.5404542988084834
0.5414604648358797
0.54242472150218
0.5433492808446092
0.5442361989778909
0.5450873904539268
0.5459046410108089
0.54668961892621
0.5474438851569945
0.5481689024204446
0.5488660433489296
0.5495365978320592
0.5501817796437314
0.5508027324385584
0.5514005351910969
0.5519762071414933
0.5525307123031001
0.5530649635812788
0.5535798265457835
0.5540761228954757
0.5545546336482631
0.5550161020874035
0.5554612364899211
0.5558907126631344
0.5563051763101369
0.5567052452458412
0.5570915114819524
0.5574645431994325
0.5578248866246157
0.5581730678282918
0.5585095944605122
0.5588349574427598
0.559149632632053
0.5594540824778532
0.5597487576921505
0.5600340989576554
0.5603105387011499
0.5605785029656458
0.5608384134196448
0.5610906895549462
0.5613357511329925
0.561574020958807
0.5618059280838871
0.5620319115733047
0.5622524250134975
0.562467942005465
0.5626789629771305
0.562886023782113
0.5630897067636816
0.5632906552591901
0.5634895930181866
0.5636873508000229
0.5638849037333422
0.5640834252900154
0.564284367940347
0.5644895884100032
0.5647015516329204
0.5649236827582218
0.5651610215782016
0.5654215658223114
0.5657194404428803
0.5660841682457283
0.5666009774660444
