0.030983216606025345
0.031081146038211705
0.031179684855221153
0.031278838360400754
0.031378612167470135
0.031479011738254604
0.03158004270189481
0.03168171076788342
0.031784021587920985
0.031886981007686756
0.03199059483658655
0.032094869038081036
0.032199809536125626
0.03230542237717513
0.03241171368304114
0.03251868961741982
0.03262635640710737
0.0327347203497553
0.03284378781444908
0.03295356523559944
0.03306405910047134
0.033175276000616385
0.03328722257007745
0.03339990551605364
0.033513331599954836
0.0336275077077561
0.0337424407256589
0.033858137656843215
0.03397460559120487
0.0340918516425884
0.03420988304920746
0.034328707077310734
0.034448331110481366
0.0345687625666813
0.034690008988770456
0.034812077948461646
0.03493497713257167
0.03505871426794799
0.03518329720188384
0.03530873383144986
0.03543503213682666
0.03556220019679199
0.0356902461390744
0.03581917820593338
0.03594900468408721
0.03607973397634059
0.03621137454264558
0.03634393494681894
0.03647742380618048
0.03661184984795546
0.03674722186570138
0.036883548748959216
0.03702083945506806
0.037159103041479416
0.03729834863495714
0.03743858545584144
0.037579822806026585
0.037722070065589926
0.037865336705339744
0.03800963227843995
0.038154966424367824
0.038301348857729504
0.0384487893790873
0.03859729788006787
0.0387468843320682
0.03889755877910552
0.0390493313611477
0.03920221229347419
0.03935621186803129
0.03951134046879836
0.03966760854710907
0.03982502664296529
0.03998360536796574
0.04014335541826619
0.04030428756179823
0.04046641263992261
0.04062974157172698
0.04079428535423859
0.040960055045227955
0.04112706178333639
0.04129531676573914
0.041464831269113926
0.041635616626641794
0.0418076842363571
0.04198104556427051
0.042155712129006664
0.04233169551134344
0.042509007344370554
0.04268765931680945
0.042867663167057424
0.0430490306784137
0.043231773683769834
0.04341590405371464
0.04360143370067018
0.04378837456837648
0.04397673863752459
0.0441665379139051
0.04435778442745711
0.044550490230309214
0.04474466738941185
0.04494032798622129
0.0451374841060879
0.045336147840142636
0.045536331276595635
0.04573804649555605
0.04594130556489834
0.046146120535436146
0.04635250343370885
0.04656046625452308
0.04677002095912009
0.04698117946579978
0.04719395364269898
0.04740835530308262
0.04762439619670053
0.047842088002121606
0.04806144232040287
0.04828247066691494
0.04850518446263574
0.04872959502501636
0.048955713561849794
0.04918355115990476
0.04941311877637419
0.04964442723079193
0.04987748719260188
0.05011230917407672
0.05034890351806935
0.050587280388749795
0.05082744975937144
0.05106942140219669
0.05131320487737127
0.05155880952120985
0.051806244432681045
0.05205551846357511
0.05230664020462101
0.052559617973567146
0.05281445980166539
0.053071173420787945
0.0533297662499975
0.05359024538181761
0.05385261756824673
0.054116889207077926
0.05438306632651417
0.05465115457172735
0.0549211591897973
0.05519308501427189
0.055466936450313274
0.05574271745996977
0.056020431545672406
0.05630008173540311
0.056581670566768605
0.05686520007106206
0.05715067175757276
0.05743808659729544
0.05772744500685879
0.05801874683278616
0.0583119913346795
0.05860717716984145
0.058904302376510224
0.05920336435808576
0.059504359866895264
0.05980728498835116
0.06011213512491034
0.06041890498063115
0.06072758854509424
0.06103817907850436
0.061350669095998824
0.061665050352957045
0.061981313830090805
0.06229944971915175
0.06261944740828311
0.06294129546885038
0.0632649816413677
0.06359049282277729
0.06391781505339858
0.06424693350513228
0.06457783246923057
0.06491049534515485
0.06524490462990012
0.06558104190764642
0.06591888783996455
0.06625842215700797
0.06659962364876258
0.06694247015752702
0.06728693857051203
0.06763300481343262
0.067980643844879
0.06832982965107333
0.06868053524185369
0.0690327326469344
0.06938639291331626
0.06974148610340224
0.07009798129367324
0.07045584657480594
0.07081504905184303
0.07117555484597993
0.0715373290966055
0.07190033596457922
0.07226453863636438
0.07262989932888646
0.07299637929544461
0.07336393883227714
0.0737325372864672
0.07410213306427121
0.07447268364054477
0.07484414556918698
0.07521647449424838
0.07558962516202619
0.07596355143403836
0.07633820630085145
0.07671354189672366
0.07708950951518771
0.07746605962531498
0.07784314188899791
0.07822070517881805
0.07859869759683866
0.07897706649416018
0.07935575849116698
0.07973471949850956
0.08011389473884989
0.0804932287693027
0.08087266550439609
0.08125214823993367
0.08163161967717886
0.08201102194793966
0.08239029663995119
0.08276938482304377
0.08314822707562092
0.08352676351180477
0.08390493380894339
0.08428267723561293
0.08465993268006895
0.08503663867894527
0.08541273344646498
0.08578815490400714
0.08616284070975534
0.08653672828890235
0.08690975486393739
0.08728185748520019
0.08765297306165369
0.08802303839180607
0.0883919901947562
0.08875976514143002
0.0891262998858003
0.08949153109624167
0.08985539548691014
0.0902178298491203
0.09057877108265218
0.09093815622713379
0.09129592249326733
0.09165200729391511
0.09200634827521584
0.09235888334739782
0.09270955071551609
0.0930582889099275
0.09340503681664075
0.0937497337072638
0.09409231926890303
0.09443273363352434
0.09477091740719762
0.0951068116989134
0.09544035814902445
0.09577149895737966
0.09610017691094484
0.09642633541115903
0.0967499185006457
0.0970708708896363
0.09738913798179225
0.09770466589960494
0.0980174015091992
0.09832729244463925
0.09863428713166014
0.09893833481085547
0.09923938556020229
0.09953739031704009
0.09983230089938727
0.10012407002667426
0.10041265133971972
0.10069799942014875
0.10098006980905999
0.10125881902503013
0.10153420458140143
0.1018061850028654
0.10207471984130674
0.10233976969093721
0.10260129620264999
0.10285926209765991
0.10311363118036156
0.1033643683504465
0.10361143961422391
0.10385481209517636
0.1040944540437742
0.104330334846439
0.10456242503380442
0.10479069628812104
0.10501512144994071
0.10523567452395745
0.10545233068413278
0.10566506627798125
0.10587385883011007
0.10607868704497626
0.10627953080889921
0.10647637119125891
0.10666919044498904
0.10685797200629048
0.10704270049361653
0.10722336170590921
0.10739994262012979
0.10757243138805382
0.10774081733236503
0.10790509094208556
0.10806524386727075
0.10822126891307308
0.108373160033139
0.10852091232236069
0.1086645220089986
0.10880398644618237
0.10893930410282428
0.10907047455392599
0.10919749847035644
0.10932037760802132
0.10943911479655014
0.1095537139274134
0.10966417994158281
0.10977051881667566
0.1098727375536465
0.10997084416301509
0.11006484765067696
0.11015475800330803
0.11024058617333533
0.11032234406358353
0.11040004451152358
0.11047370127319714
0.1105433290068271
0.11060894325610675
0.11067056043323005
0.11072819780163301
0.11078187345850521
0.11083160631706132
0.11087741608861469
0.11091932326445335
0.11095734909753215
0.11099151558402627
0.1110218454447383
0.11104836210637363
0.11107108968273272
0.11109005295579312
0.11110527735673752
0.11111678894692098
0.11112461439878994
0.11112878097679706
0.11112931651828921
0.11112624941441594
0.11111960859105073
0.11110942348974523
0.11109572404875563
0.1110785406840956
0.11105790427069367
0.11103384612363143
0.11100639797947924
0.11097559197774719
0.11094146064246406
0.11090403686388231
0.11086335388034298
0.11081944526028596
0.11077234488442969
0.11072208692813199
0.11066870584392459
0.11061223634425972
0.11055271338443472
0.11049017214574704
0.11042464801885356
0.11035617658736285
0.11028479361164767
0.11021053501290441
0.11013343685745614
0.1100535353412876
0.10997086677485285
0.10988546756813285
0.10979737421595168
0.10970662328356483
0.10961325139251646
0.10951729520676651
0.10941879141909785
0.10931777673779679
0.10921428787362357
0.10910836152705164
0.10900003437580962
0.10888934306269155
0.10877632418366556
0.10866101427626212
0.10854344980826082
0.10842366716665491
0.10830170264690718
0.10817759244249754
0.10805137263475546
0.10792307918297779
0.10779274791483295
0.10766041451705058
0.10752611452639398
0.10738988332091357
0.10725175611147693
0.10711176793358404
0.10696995363944854
0.10682634789036213
0.10668098514931433
0.10653389967390214
0.10638512550948098
0.1062346964825953
0.10608264619466225
0.10592900801590928
0.10577381507956733
0.10561710027631216
0.10545889624894969
0.10529923538735034
0.10513814982361183
0.10497567142746546
0.10481183180191027
0.10464666227907167
0.10448019391628806
0.10431245749241404
0.10414348350434006
0.10397330216372112
0.10380194339391606
0.1036294368271251
0.10345581180173351
0.10328109735984027
0.10310532224498735
0.10292851490006587
0.10275070346541153
0.10257191577707568
0.10239217936526832
0.10221152145297073
0.10202996895471939
0.10184754847554026
0.10166428631005013
0.10148020844170767
0.10129534054220767
0.10110970797103087
0.10092333577512332
0.10073624868872094
0.1005484711333019
0.10036002721766724
0.10017094073815253
0.09998123517895298
0.09979093371256811
0.09960005920036412
0.09940863419323705
0.09921668093239339
0.09902422135022176
0.09883127707126879
0.09863786941331397
0.09844401938852645
0.09824974770471856
0.09805507476668229
0.09786002067760477
0.0976646052405649
0.0974688479601042
0.09727276804387017
0.09707638440432828
0.09687971566053934
0.09668278014000227
0.09648559588055446
0.0962881806323296
0.09609055185977304
0.0958927267437047
0.0956947221834361
0.09549655479892799
0.09529824093299748
0.09509979665356398
0.09490123775593556
0.09470257976513057
0.09450383793823408
0.09430502726678969
0.09410616247921803
0.09390725804326097
0.09370832816846096
0.09350938680865285
0.09331044766448719
0.09311152418596595
0.0929126295750033
0.09271377678799635
0.09251497853841686
0.09231624729941015
0.09211759530640859
0.09191903455975592
0.09172057682733689
0.09152223364721358
0.09132401633027136
0.09112593596286338
0.09092800340946061
0.09073022931530285
0.09053262410905082
0.09033519800543219
0.09013796100789315
0.08994092291123924
0.08974409330427618
0.0895474815724441
0.08935109690044206
0.08915494827485143
0.0889590444867442
0.08876339413428713
0.08856800562533232
0.08837288717999725
0.08817804683323789
0.08798349243739953
0.08778923166476452
0.08759527201008102
0.08740162079307803
0.08720828516096348
0.08701527209091323
0.08682258839253347
0.08663024071031573
0.08643823552607137
0.08624657916134626
0.08605527777981901
0.08586433738968308
0.08567376384600342
0.08548356285306273
0.08529373996667856
0.08510430059651011
0.08491525000833423
0.0847265933263109
0.08453833553522173
0.08435048148268791
0.08416303588137042
0.08397600331114306
0.08378938822125241
0.0836031949324458
0.08341742763908364
0.08323209041123064
0.08304718719671932
0.08286272182319668
0.08267869800014671
0.08249511932088678
0.08231198926454943
0.08212931119803354
0.08194708837793799
0.08176532395247113
0.08158402096333739
0.08140318234760244
0.0812228109395337
0.08104290947242193
0.08086348058037565
0.08068452680009737
0.08050605057263542
0.08032805424511213
0.0801505400724341
0.07997351021897589
0.07979696676024282
0.07962091168451393
0.07944534689446087
0.07927027420874358
0.07909569536359169
0.0789216120143524
0.07874802573702783
0.07857493802978788
0.07840235031445644
0.07823026393798567
0.07805868017390381
0.07788760022374223
0.0777170252184437
0.07754695621975223
0.0773773942215765
0.0772083401513392
0.07703979487130612
0.07687175917988956
0.07670423381294048
0.07653721944501492
0.07637071669062555
0.07620472610546994
0.07603924818764453
0.07587428337883723
0.07570983206550325
0.07554589458001974
0.07538247120182484
0.07521956215854095
0.07505716762707436
0.07489528773470262
0.07473392256014387
0.07457307213460457
0.07441273644281814
0.0742529154240594
0.07409360897314683
0.07393481694142778
0.07377653913774712
0.07361877532939808
0.07346152524306201
0.07330478856572907
0.07314856494560208
0.07299285399299116
0.07283765528118658
0.07268296834732241
0.07252879269322103
0.07237512778622762
0.07222197306002565
0.072069327915443
0.07191719172124134
0.07176556381489274
0.07161444350334228
0.0714638300637586
0.07131372274427017
