0.22318595289295645
0.1857524108269156
0.1598481649547275
0.14026143156151435
0.12470714256402976
0.1119544984693534
0.10125856586187941
0.09213264441459418
0.08424090099908464
0.0773418537141531
0.07125615765067829
0.06584709197099714
0.06100815744548107
0.056654878200546564
0.05271920285070542
0.04914557381648781
0.045888101626787435
0.04290849134299325
0.04017449319741228
0.03765872628706237
0.03533777269730864
0.033191470919806475
0.03120235833326139
0.029355226679301464
0.027636764241277364
0.02603526529443158
0.024540392284673855
0.023142979725742044
0.02183487139001235
0.020608784282935992
0.019458194324679816
0.018377239746801503
0.017360639039617022
0.01640362092352678
0.015501864312767793
0.014651446627536941
0.013848799115948218
0.013090668089712801
0.012374081171113153
0.011696317804454777
0.011054883411021765
0.01044748666873558
0.009872019481289244
0.00932653927004398
0.008809253278495228
0.008318504626010215
0.007852759886457622
0.007410597999844159
0.006990700352489721
0.0065918418841065815
0.006212883099592275
0.005852762879789271
0.005510491999457942
0.005185147272507169
0.004875866254917447
0.00458184244431195
0.004302320922857193
0.0040365943965025314
0.0037839995892620585
0.0035439139560851673
0.003315752682096385
0.003098965939632128
0.002893036377742173
0.0026974768216499697
0.002511828162069817
0.0023356574165060325
0.0021685559465362725
0.0020101378167102324
0.0018600382823290725
0.0017179123944728513
0.001583433711952758
0.0014562931109412102
0.001336197683664593
0.0012228697188663951
0.0011160457568867989
0.0010154757133590663
0.0009209220658084074
0.000832159098113706
0.0007489721981215145
0.0006711572043907489
0.0005985197980694684
0.0005308749365593832
0.00046804632587846404
0.0004098659287554119
0.00035617350602512056
0.00030681618890332474
0.0002616480801936926
0.00022052988286702947
0.00018332855362979844
0.00014991698169153158
0.00012017369050194638
0.00009398256336917748
0.00007123259213188774
0.000051817652181586604
0.000035636306722504385
0.000022591650283406297
0.000012591209654032288
5.5469560165755505e-6
1.375583464950925e-6
