0.0059791337846660285
0.005999300071954541
0.00601960505881703
0.006040047139476697
0.006060619815442579
0.006081335742699323
0.006102192040574491
0.0061231887275922
0.0061443236108256844
0.006165609227005595
0.006187032084025455
0.006208607375084275
0.006230329363336381
0.006252201287843137
0.00627422531633096
0.006296401128532775
0.006318729471992111
0.006341214336147181
0.006363857184228998
0.006386659077304969
0.006409621127343244
0.0064327448810934775
0.006456032629345059
0.006479486885005024
0.0065031066790943734
0.006526896598117861
0.006550856616592731
0.006574988332282198
0.006599295244892026
0.006623777393142519
0.006648437337370568
0.0066732775078783705
0.006698298367445207
0.00672350313954782
0.006748893345926552
0.00677447078455429
0.006800237299961116
0.006826195229873291
0.006852346248077602
0.006878693017957041
0.006905237318659249
0.006931980946695618
0.006958926387336083
0.0069860757275808615
0.007013431328225624
0.0070409953720439785
0.007068769950218895
0.007096757555122225
0.007124960348485579
0.007153380820222073
0.007182021495927855
0.007210884517481602
0.007239972559201618
0.007269288108002786
0.007298833683646476
0.007328611838213231
0.007358625187903409
0.0073888764255421015
0.0074193682489581475
0.007450103374064481
0.007481084535577655
0.00751231468473681
0.007543796516663678
0.007575533046471755
0.0076075271421537595
0.0076397818731655425
0.007672300268294492
0.0077050853667104575
0.007738140350259321
0.007771468383858071
0.007805072703945848
0.007838956607580284
0.007873123423507315
0.007907576547601842
0.007942319444151129
0.007977355617962796
0.008012688612341855
0.008048322094505126
0.008084259710112462
0.008120506159490582
0.008157063327942825
0.008193936102333568
0.008231128431845532
0.00826864433710338
0.008306487901374844
0.008344663841974808
0.008383175252830541
0.008422027051016521
0.008461224054797574
0.008500770248641633
0.008540669843520712
0.008580928247577729
0.008621549812981142
0.00866253938094296
0.008703902136462396
0.00874564257209239
0.008787766318821619
0.008830278347004117
0.008873184193749582
0.008916489261708672
0.00896019892044682
0.009004318861626032
0.00904885515533009
0.009093813549983298
0.009139199968750792
0.009185020920254453
0.009231282476209203
0.009277991183630109
0.009325153713284526
0.009372776789328052
0.009420867372413287
0.009469432440267595
0.009518479404525966
0.00956801563644344
0.009618048698385609
0.00966858648718091
0.009719636971198322
0.009771208319519012
0.009823309014728351
0.009875947623250954
0.009929132997423866
0.009982874237605684
0.010037180661884009
0.010092061846898117
0.010147527629558025
0.010203588114675343
0.010260253679564166
0.010317534985275614
0.01037544299993785
0.010433989034796413
0.010493184655975797
0.010553041843697385
0.010613572853819983
0.010674790359441456
0.010736707368242407
0.010799337309557863
0.01086269399550307
0.010926791676055555
0.010991645016989425
0.011057269149097274
0.011123679669799904
0.011190892663451047
0.011258924713275916
0.0113277929453724
0.011397515014931206
0.011468109143199066
0.011539594146699687
0.011611989443107026
0.01168531508582332
0.011759591775911652
0.011834840903513935
0.011911084555221906
0.01198834554647334
0.012066647456255755
0.012146014641948843
0.012226472270883828
0.012308046358498472
0.01239076378548745
0.01247465233377375
0.012559740724456692
0.012646058634312795
0.01273363674829724
0.012822506777368885
0.012912701500975123
0.01300425480327446
0.013097201704659693
0.013191578400541328
0.013287422301358575
0.013384772068841722
0.013483667652759147
0.013584150334760691
0.01368626276576797
0.013790049005168066
0.013895554564816434
0.014002826447879388
0.014111913192295154
0.014222864909258908
0.014335733329365665
0.01445057184063486
0.014567435532290134
0.014686381237371494
0.014807467571704105
0.014930754976774404
0.015056305759544057
0.015184184133726958
0.015314456257035529
0.015447190271143113
0.015582456338749433
0.015720326679537027
0.0158608756046342
0.016004179551349026
0.0161503171135724
0.016299369072665014
0.01645141842432185
0.016606550405504336
0.016764852517358105
0.016926414545748242
0.017091328579907104
0.017259689026899457
0.01743159262485079
0.017607138450501207
0.017786427925399636
0.01796956481685392
0.018156655236147186
0.018347807631870234
0.018543132779563057
0.018742743766620544
0.01894675597283843
0.019155287045859757
0.019368456872360298
0.01958638754356194
0.01980920331596437
0.02003703056642324
0.020269997742227867
0.0205082353055151
0.02075187567170833
0.02100105314302748
0.021255903835522207
0.021516565600824458
0.021783177942002744
0.022055881923359045
0.022334820074866035
0.022620136290576708
0.02291197572130075
0.023210484661830552
0.023515810432466602
0.023828101255208126
0.024147506124603722
0.02447417467330369
0.024808257032956672
0.025149903689875144
0.025499265336524052
0.02585649271832537
0.02622173647647751
0.026595146986947694
0.026976874195759625
0.0273670674510885
0.027765875332344033
0.028173445476576946
0.028589924402576884
0.029015457333059432
0.029450188015074125
0.029894258539326153
0.030347809158555568
0.030810978105356084
0.03128390141003334
0.03176671271851465
0.03225954311117837
0.03276252092249291
0.033275771562260116
0.03379941733860359
0.03433357728316563
0.03487836697889439
0.035433898390750965
0.03600027969973472
0.03657761514052854
0.037166004843147506
0.03776554467883471
0.03837632611066126
0.03899843604892885
0.039631956711784315
0.04027696549133856
0.04093353482534893
0.04160173207493903
0.04228161940832244
0.04297325369092443
0.04367668638191121
0.044391963437374074
0.04511912522025026
0.04585820641711232
0.046609235961906914
0.0473722369666953
0.04814722665948581
0.04893421632916619
0.04973321127751629
0.050544210778387735
0.05136720804392666
0.05220219019786518
0.05304913825579566
0.053908027112402404
0.0547788255354929
0.05566149616680933
0.05655599552945569
0.05746227404185354
0.058380276038074136
0.059309939794409246
0.06025119756204632
0.06120397560567234
0.06216819424784598
0.06314376791897335
0.06413060521272011
0.06512860894665343
0.06613767622796346
0.06715769852406503
0.06818856173789058
0.06923014628770705
0.07028232719123638
0.07134497415393418
0.07241795166122328
0.07350111907448122
0.07459433073064886
0.07569743604523081
0.07681027961855255
0.07793270134507946
0.07906453652565236
0.08020561598245542
0.08135576617657295
0.08251480932797295
0.08368256353777517
0.08485884291264967
0.08604345769121799
0.08723621437229925
0.08843691584489867
0.08964536151978358
0.09086134746253774
0.09208466652797566
0.09331510849579262
0.09455246020734197
0.09579650570343738
0.09704702636305981
0.09830380104287863
0.09956660621748155
0.10083521612021369
0.10210940288453167
0.10338893668577333
0.1046735858832569
0.10596311716261037
0.10725729567824151
0.10855588519586265
0.10985864823496742
0.11116534621118489
0.11247573957840748
0.11378958797060569
0.11510665034324641
0.11642668511420579
0.11774945030410734
0.11907470367596334
0.1204022028740584
0.1217317055619493
0.12306296955950666
0.12439575297889063
0.12572981435936498
0.12706491280085597
0.12840080809614351
0.12973726086160275
0.13107403266637577
0.13241088615988644
0.13374758519758984
0.13508389496485448
0.13641958209887783
0.13775441480853154
0.13908816299203472
0.14042059835235673
0.14175149451025024
0.1430806271148113
0.14440777395147678
0.14573271504735816
0.14705523277382337
0.14837511194623218
0.1496921399207404
0.1510061066880839
0.1523168049642677
0.15362403027807492
0.15492758105532234
0.15622725869979592
0.15752286767079807
0.1588142155572439
0.16010111314825023
0.16138337450016801
0.16266081700001003
0.16393326142522915
0.16520053199982346
0.16646245644671992
0.16771886603643374
0.16896959563196626
0.17021448372994671
0.17145337249799733
0.17268610780833432
0.17391253926760403
0.17513252024297019
0.17634590788447202
0.17755256314367693
0.17875235078866114
0.17994513941535328
0.18113080145528976
0.1823092131798225
0.18348025470084064
0.18464380996806967
0.18579976676299909
0.18694801668952862
0.188088455161391
0.18922098138644403
0.19034549834791126
0.19146191278265745
0.19257013515659674
0.19367007963732727
0.19476166406408987
0.19584480991515546
0.19691944227274538
0.1979854897855928
0.1990428846292526
0.2000915624642722
0.20113146239233892
0.20216252691050995
0.20318470186364962
0.2041979363951804
0.20520218289626732
0.2061973969535526
0.2071835372955498
0.2081605657378182
0.20912844712702716
0.21008714928402392
0.21103664294601443
0.21197690170797
0.21290790196336323
0.213829622844341
0.2147420461614346
0.2156451563429151
0.21653894037388124
0.21742338773518435
0.21829849034227577
0.21916424248407135
0.2200206407619166
0.22086768402873225
0.2217053733284256
0.22253371183563905
0.2233527047959082
0.22416235946630014
0.2249626850565976
0.2257536926710845
0.2265353952509985
0.2273078075177013
0.22807094591661223
0.2288248285619614
0.22956947518239765
0.23030490706749374
0.2310311470151852
0.23174821928017483
0.23245614952333066
0.23315496476210695
0.23384469332200444
0.23452536478909738
0.23519700996363538
0.2358596608147391
0.2365133504361985
0.23715811300337983
0.2377939837312488
0.2384209988335107
0.23903919548286753
0.23964861177239008
0.24024928667800105
0.24084126002206088
0.24142457243805054
0.24199926533633606
0.24256538087100618
0.24312296190777088
0.24367205199289982
0.24421269532318715
0.24474493671692624
0.24526882158587268
0.2457843959081736
0.24629170620224802
0.24679079950158916
0.24728172333047058
0.24776452568053087
0.24823925498821303
0.24870596011303403
0.2491646903166585
0.24961549524275564
0.2500584248976071
0.250493529631445
0.25092086012049675
0.2513404673497014
0.25175240259608456
0.25215671741275686
0.25255346361351433
0.25294269325801677
0.2533244586375193
0.253698812261127
0.2540658068425613
0.25442549528739933
0.25477793068077637
0.25512316627552095
0.2554612554807038
0.2557922518505793
0.2561162090738963
0.2564331809635638
0.25674322144664297
0.25704638455465656
0.25734272441419037
0.2576322952377717
0.2579151513150095
0.2581913470039753
0.25846093672281684
0.25872397494158234
0.2589805161742449
0.25923061497091354
0.25947432591021796
0.2597117035918539
0.2599428026292785
0.2601676776425459
0.2603863832512714
0.26059897406771565
0.2608055046899787
0.26100602969529885
0.2612006036334452
0.26138928102019865
0.2615721163309145
0.2617491639941621
0.2619204783854321
0.2620861138209128
0.26224612455132496
0.26240056475581514
0.26254948853590204
0.2626929499094756
0.2628310028048418
0.26296370105481537
0.26309109839085626
0.2632132484372489
0.2633302047053225
0.2634420205877158
0.26354874935267475
0.2636504441384003
0.26374715794742776
0.26383894364105304
0.26392585393379536
0.2640079413879062
0.26408525840791697
0.264157857235235
0.2642257899427804
0.26428910842967235
0.264347864415964
0.2644021094374249
0.2644518948403782
0.2644972717765873
0.2645382911982028
0.2645750038527637
0.26460746027825793
0.26463571079824655
0.26465980551705026
0.264679794315002
0.2646957268437672
0.2647076525217344
0.26471562052947717
0.2647196798052923
0.2647198790408121
0.2647162666766958
0.26470889089840044
0.2646977996320366
0.26468304054030417
0.26466466101851716
0.26464270819071456
0.26461722890586065
0.2645882697341373
0.2645558769633264
0.2645200965952879
0.26448097434253226
0.26443855562488977
0.26439288556627616
0.2643440089915595
0.2642919704235232
0.2642368140799324
0.2641785838707001
0.2641173233951568
0.2640530759394203
0.2639858844738723
0.2639157916507344
0.26384283980175205
0.26376707093597956
0.2636885267376707
0.2636072485642749
0.2635232774445352
0.26343665407669153
0.2633474188267898
0.26325561172709183
0.26316127247458937
0.2630644404296232
0.2629651546146013
0.2628634537128224
0.2627593760673956
0.26265295968026614
0.2625442422113361
0.26243326097768643
0.2623200529528943
0.26220465476644944
0.2620871027032653
0.26196743270328193
0.26184568036116834
0.26172188092610926
0.2615960693016897
0.2614682800458625
0.26133854737100953
0.26120690514408634
0.2610733868868518
0.26093802577618413
0.2608008546444769
0.26066190598011496
0.26052121192803235
0.26037880429034566
0.26023471452706415
0.26008897375687273
