0.002080387256509894
0.002087621706691445
0.002094905956777483
0.002102240509860192
0.0021096258756622037
0.002117062570647884
0.002124551118137958
0.0021320920484244263
0.0021396858988910004
0.002147333214132957
0.0021550345460825088
0.0021627904541377673
0.0021706015052901694
0.002178468274260712
0.0021863913436359216
0.0021943713040077947
0.0020930580278761476
0.0021138673558111633
0.0021333168315893947
0.00215155147313037
0.0021687048265965174
0.0021848990994610333
0.002200245523106061
0.0022148448746708723
0.0021901139669081087
0.002207954457398487
0.0022247994478463585
0.00224076395048832
0.002232873123705735
0.0022500461295330144
0.002266326993474721
0.002266106006924832
0.0022827280831588842
0.0022863925937613916
0.0022922584390625625
0.0022998771293306257
0.0023088853629726364
0.00231898788306112
0.002329944359597715
0.0023359874853994987
0.0023487606948443046
0.0023575085274249465
0.0023636953469753637
0.002375081234591891
0.0023842292401138193
0.0023920276411274663
0.002403667662613728
0.0024100393307769138
0.0024201288411139854
0.0024298251410712927
0.0024407836004128472
0.002450345691146489
0.002460193725597468
0.002470418146557502
0.0024810701523136354
0.002490740555913857
0.0025012029898193685
0.0025112720776153535
0.0025217565380723913
0.0025322788981234374
0.002543014560040462
0.0025537464146972275
0.002564664437745592
0.002575378892959975
0.002586381448532731
0.0025975736157183627
0.002608732742391092
0.0026199108076670552
0.002631303747264564
0.00264292159374394
0.0026543554021261225
0.0026660590864248475
0.0026778189776797854
0.002689750503067032
0.0027016825044249146
0.0027137687139448564
0.0027259205092824415
0.0027382426212638404
0.002750621533337125
0.0027631529291040004
0.002775732498951459
0.0027884858551943995
0.0028013425749391775
0.0028143051411052148
0.002827381094717054
0.002840599278601282
0.0028539276772372116
0.0028673844956387013
0.0028809710835835138
0.002894672697938969
0.002908514622170367
0.0029224897581621653
0.002936591129412298
0.0029508339915579997
0.0029652149671448042
0.0029797383722003066
0.0029944028436108758
0.003009211041903832
0.0030241675107438937
0.003039274788031661
0.0030545347580349883
0.0030699497722115523
0.0030855234908455506
0.0031012560898053976
0.0031171523555377
0.003133215454865213
0.0031494469973687173
0.003165850983448942
0.0031824318251605505
0.003199190209565548
0.0032161297062582015
0.0032332551786845424
0.003250569755054131
0.0032680766494862677
0.0032857794663006443
0.0033036826679637707
0.0033217894190209632
0.003340104092430213
0.0033586310354906984
0.003377374597763957
0.0033963388133741545
0.0034155289133043533
0.0034349489406891465
0.003454604240402359
0.003474499658659805
0.0034946402627464013
0.0035150315769097913
0.003535679075544207
0.0035565883987014007
0.003577765478968679
0.003599216275425038
0.0036209471359503775
0.0036429644214087155
0.0036652748894607325
0.0036878852743776826
0.0037108027745572938
0.0037340347155507734
0.0037575885602798426
0.0037814721413314658
0.0038056935127433657
0.0038302610169078733
0.0038551831764185775
0.003880468878941423
0.003906127241513534
0.003932167700061561
0.003958599989502206
0.003985434180657025
0.004012680615876777
0.004040352423131771
0.004068455564261813
0.004097004134844666
0.004126009902077926
0.004155486506415533
0.0041854432739379345
0.004215896018447179
0.004246855517695136
0.004278337822644936
0.004310355927291154
0.004342924467911276
0.004376059231894304
0.004409774933034175
0.004444088171451348
0.004479014816767581
0.004514572806884632
0.004550778631131521
0.0045876511190872885
0.00462520837948075
0.004663470105870166
0.0047024555725382845
0.004742185476897605
0.004782680537364978
0.004823962316856476
0.004866052970494874
0.004908975420756116
0.0049527533076280114
0.00499741047748906
0.005042972079934148
0.005089463518120239
0.00513691127223645
0.005185342272044006
0.005234784459340504
0.005285266291975063
0.005336817331718915
0.005389467793241016
0.005443248703884781
0.005498192045061743
0.005554330586772089
0.005611698097472935
0.005670329195500961
0.005730259483670903
0.005791525545148666
0.0058541648946107624
0.005918216115174338
0.0059837188324029155
0.006050713685962222
0.006119242483994617
0.006189348078228432
0.006261074530693305
0.006334467020867536
0.006409571988175151
0.006486437056294139
0.006565111124219212
0.0066456444159068324
0.006728088428501436
0.006812496059108393
0.006898921581645811
0.006987420678187248
0.007078050506771841
0.007170869709839092
0.007265938457740632
0.007363318482427437
0.0074630730998913215
0.007565267275779672
0.007669967626056189
0.007777242480657878
0.007887161895348247
0.007999797701625776
0.008115223534266415
0.008233514865045482
0.008354749035652531
0.008479005287051667
0.008606364794953263
0.00873691069005577
0.008870728090718885
0.009007904124604466
0.009148527955638476
0.009292690797508812
0.009440485936632485
0.009592008746649769
0.009747356696949573
0.009906629363969556
0.01006992843441501
0.010237357706578002
0.010409023086036013
0.010585032580057583
0.010765496283236945
0.010950526360055493
0.011140237025433231
0.011334744513865482
0.011534167048070634
0.011738624800195033
0.011948239847116206
0.01216313611917574
0.012383439343995413
0.012609276983150897
0.012840778163213842
0.013078073598654826
0.01332129551074364
0.013570577537751424
0.013826054639371487
0.014087862994854887
0.014356139894986655
0.014631023626235199
0.014912653350206672
0.015201168975967478
0.015496711026803518
0.015799420501241206
0.016109438728009007
0.016426907215887566
0.01675196749922911
0.017084760977163035
0.017425428749502925
0.017774111448701016
0.018130949066687357
0.018496080780035683
0.018869644770744504
0.019251778045145575
0.01964261625071063
0.020042293490763058
0.020450942138250543
0.02086869264840192
0.021295673371716294
0.021732010366103286
0.02217782721047528
0.02263324481896413
0.02309838125682525
0.023573351558159813
0.024058267546308295
0.02455323765702685
0.025058366764866544
0.025573756013357676
0.026099502649428796
0.026635699862146277
0.027182436626408478
0.027739797551929152
0.02830786273765477
0.02888670763207168
0.029476402899755654
0.03007701429411597
0.03068860253696587
0.03131122320474477
0.031944926621872316
0.03258975776133884
0.03324575615236537
0.03391295579578536
0.034591385086700906
0.03528106674485802
0.03598201775250334
0.03669424929991669
0.03741776673859841
0.03815256954192156
0.03889865127343924
0.039655999562522984
0.04042459608747533
0.041204416565857924
0.04199543075201275
0.04279760244149562
0.043610889482545115
0.04443524379405342
0.045270611390274766
0.04611693241171986
0.046974141162336704
0.04784216615262894
0.04872093014852393
0.04961035022586966
0.050510337830251155
0.051420798841982134
0.0523416336460669
0.05327273720685874
0.0542139991473059
0.05516530383244308
0.05612653045709291
0.057097553137422624
0.058078241006243064
0.05906845831185096
0.06006806452018037
0.06107691442016708
0.062094858232033985
0.06312174171842992
0.06415740629820722
0.06520168916268873
0.06625442339426486
0.06731543808717783
0.06838455847036594
0.0694616060322197
0.07054639864712384
0.07163875070364166
0.07273847323428409
0.07384537404667277
0.0749592578560382
0.07607992641893598
0.07720717866808961
0.07834081084821715
0.07948061665282767
0.08062638736181599
0.08177791197981063
0.0829349773751703
0.08409736841955578
0.08526486812796885
0.08643725779919492
0.08761431715653453
0.08879582448878662
0.08998155679132147
0.09117128990724607
0.09236479866847801
0.09356185703672742
0.09476223824421423
0.09596571493408174
0.09717205930038529
0.09838104322756454
0.0995924384292895
0.1008060165865865
0.1020215494851354
0.10323880915162657
0.10445756798907334
0.10567759891095842
0.10689867547411447
0.10812057201020121
0.10934306375569372
0.11056592698022705
0.11178893911320435
0.11301187886853363
0.11423452636738385
0.11545666325882599
0.11667807283825299
0.11789854016344961
0.1191178521681915
0.12033579777326912
0.1215521679948101
0.12276675604978704
0.12397935745861323
0.12518977014470115
0.12639779453089775
0.12760323363268453
0.12880589314805527
0.13000558154397673
0.13120211013935285
0.13239529318440543
0.13358494793639783
0.1347708947316487
0.1359529570537504
0.1371309615979566
0.13830473833168047
0.13947412055107208
0.14063894493362883
0.14179905158682282
0.14295428409272165
0.14410448954859822
0.1452495186035062
0.14638922549085648
0.1475234680569775
0.14865210778569315
0.14977500981894096
0.15089204297346562
0.1520030797536324
0.1531079963603993
0.15420667269651325
0.15529899236798683
0.15638484268192718
0.15746411464078902
0.1585367029331336
0.1596025059209832
0.16066142562385136
0.1617133676995661
0.16275824142196244
0.1637959596555702
0.16482643882739778
0.16584959889592174
0.16686536331740648
0.1678736590096683
0.16887441631340372
0.16986756895120986
0.170853053984422
0.17183081176788506
0.17280078590280243
0.17376292318777534
0.1747171735681683
0.17566349008392834
0.17660182881597963
0.17753214883132612
0.17845441212698387
0.179368583572871
0.18027463085376594
0.1811725244104708
0.1820622373802809
0.1829437455368875
0.18381702722982063
0.18468206332353818
0.18553883713627528
0.18638733437875052
0.18722754309283066
0.18805945359024845
0.18888305839146666
0.1896983521647729
0.19050533166569739
0.19130399567682144
0.19209434494806546
0.19287638213751704
0.19365011175287788
0.19441554009357967
0.19517267519364515
0.19592152676533098
0.19666210614362337
0.1973944262316132
0.1981185014468118
0.19883434766843766
0.19954198218570451
0.20024142364715936
0.20093269201107797
0.20161580849695704
0.20229079553811785
0.2029576767354389
0.20361647681223305
0.20426722157027885
0.20490993784701766
0.20554465347391399
0.2061713972359913
0.20679019883253622
0.20740108883896766
0.2080040986698717
0.20859926054319003
0.2091866074455527
0.20976617309874604
0.21033799192729924
0.21090209902717702
0.21145853013556365
0.21200732160171007
0.21254851035884195
0.2130821338970894
0.21360823023743053
0.21412683790661874
0.21463799591307248
0.21514174372370398
0.21563812124165754
0.21612716878494065
0.2166089270659101
0.21708343717159628
0.2175507405448347
0.21801087896617935
0.21846389453656834
0.21890982966071829
0.2193487270312156
0.2197806296132874
0.22020558063020995
0.22062362354934437
0.22103480206876133
0.22143916010443399
0.22183674177797622
0.2222275914048924
0.22261175348332435
0.22298927268326219
0.22336019383620387
0.22372456192523327
0.2240824220754958
0.22443381954505676
0.22477879971611092
0.22511740808652567
0.22544969026170664
0.22577569194675343
0.22609545893889438
0.22640903712018337
0.2267164724504366
0.22701781096039655
0.22731309874510794
0.22760238195748705
0.22788570680207365
0.22816311952895005
0.22843466642781568
0.22870039382220095
0.22896034806381674
0.22921457552701993
0.22946312260339047
0.2297060356964072
0.22994336121621597
0.23017514557447843
0.23040143517929754
0.23062227643020836
0.230837715713233
0.23104779939598563
0.23125257382282988
0.23145208531007977
0.23164638014123823
0.23183550456227187
0.23201950477691843
0.23219842694201923
0.23237231716287948
0.23254122148865147
0.23270518590773667
0.232864256343209
0.23301847864825267
0.23316789860162218
0.23331256190311203
0.23345251416904406
0.23358780092777257
0.23371846761520204
0.23384455957031838
0.23396612203074166
0.23408320012829054
0.23419583888456688
0.23430408320655782
0.2344079778822588
0.23450756757631655
0.23460289682569613
0.23469401003536913
0.23478095147403338
0.23486376526985434
0.23494249540624
0.2350171857176452
0.23508787988541177
0.2351546214336404
0.23521745372510316
0.23527641995719525
0.23533156315792605
0.2353829261819572
0.23543055170668273
0.23547448222836173
0.23551476005829555
0.23555142731906178
0.23558452594079865
0.2356140976575483
0.23564018400365352
0.2356628263102208
0.23568206570163763
0.23569794309215797
0.2357104991825518
0.23571977445681827
0.2357258091789723
0.2357286433898957
0.2357283169042625
0.23572486930753603
0.23571833995303848
0.2357087679590976
0.23569619220626828
0.23568065133462965
0.2356621837411644
0.23564082757721208
0.2356166207460061
0.23558960090028933
0.23555980544001068
0.235527271510104
0.2354920359983501
0.23545413553331795
0.23541360648239348
0.23537048494988672
0.23532480677522635
0.23527660753123522
0.23522592252248897
0.23517278678376038
0.23511723507854354
0.23505930189766516
0.23499902145797544
