0.03098676249378322
0.03108485771729416
0.031183569095318664
0.0312829041113195
0.03138286727048691
0.031483465497644296
0.03158470420217968
0.03168658929010187
0.031789127664016655
0.03189232497487382
0.031996188131725584
0.03210072261550808
0.0322059357362202
0.03231183418073957
0.0324184241421859
0.03252571221329071
0.032633705866723615
0.03274241183300882
0.03285183713160491
0.03296198902872657
0.03307287471950582
0.033184501480976916
0.033296876861750174
0.03341000842310629
0.03352390394931677
0.03363857097807779
0.03375401788660363
0.033870252435922205
0.03398728259683665
0.03410511707916986
0.034223763760198006
0.034343231696699714
0.03446352910764428
0.034584665178037814
0.03470664848724531
0.03482948828341766
0.03495319369970817
0.03507777439909589
0.035203239494082154
0.03532959889800445
0.03545686239408021
0.03558503975727839
0.03571414151310072
0.03584417764540751
0.03597515895502786
0.03610709589875585
0.03623999943575455
0.036373880524724816
0.03650875057948663
0.03664462089175405
0.03678150319443787
0.03691940926850354
0.03705835129631488
0.03719834144389188
0.03733939227569693
0.03748151656391772
0.037624727232259944
0.03776903758846434
0.03791446112483456
0.03806101150153835
0.03820870277565329
0.03835754919224423
0.038507565410311216
0.03865876623994985
0.03881116675456765
0.03896478254847221
0.03911962929610855
0.039275723127401116
0.039433080509188145
0.03959171814409444
0.03975165324444029
0.039912903234339756
0.040075486054147604
0.04023941988420385
0.04040472340322013
0.0405714157007552
0.04073951624907637
0.04090904491960982
0.04108002212849438
0.04125246865046462
0.041426405855600056
0.04160185544855364
0.041778839751467595
0.04195738159221982
0.042137504263197643
0.042319231683483435
0.04250258828230884
0.042687599116497554
0.04287428981838758
0.043062686629214766
0.04325281645664653
0.04344470683168484
0.04363838599442802
0.0438338828364238
0.04403122701998871
0.04423044889521247
0.04443157959076167
0.04463465103026789
0.04483969592405769
0.04504674781577048
0.04525584109145165
0.045467011037648414
0.04568029381658054
0.04589572652837346
0.04611334723043662
0.04633319496403732
0.04655530976217445
0.04677973270766002
0.04700650595731554
0.047235672745599366
0.047467277436780045
0.04770136556132359
0.047937983818319985
0.04817718013833319
0.04841900370176571
0.04866350496754555
0.04891073571109522
0.04916074905241991
0.04941359951168624
0.04966934300393274
0.04992803691183186
0.050189740105494283
0.05045451296882772
0.05072241745800197
0.05099351711520895
0.05126787711383631
0.05154556429787529
0.051826647214848476
0.0521111961570489
0.05239928318424812
0.05269098217221176
0.052986368856151815
0.05328552084908636
0.053588517686363836
0.053895440863536134
0.05420637386722586
0.054521402212808955
0.054840613475945564
0.055164097327787924
0.05549194556785457
0.05582425215255138
0.056161113232652056
0.056502627177471
0.05684889460269321
0.05720001840384052
0.05755610377862458
0.057917258247981336
0.058283591686240886
0.058655216338586225
0.0590322468383595
0.05941480022847662
0.05980299597309025
0.060196955973463674
0.06059680457694761
0.06100266858477028
0.06141467726041105
0.0618329623273791
0.06225765797307785
0.06268890084371492
0.06312683003830975
0.063571587098695
0.06402331599711368
0.06448216311764252
0.06494827723830332
0.06542180950403365
0.06590291340098824
0.06639174472235078
0.06688846153256836
0.06739322412667134
0.06790619498623239
0.0684275387269402
0.06895742204775808
0.06949601366992599
0.07004348427559559
0.07060000643649005
0.07116575454353345
0.07174090472878689
0.07232563478095627
0.0729201240585568
0.07352455339813642
0.07413910501470906
0.0747639624009679
0.07539931021799187
0.07604533418398718
0.07670222095696741
0.07737015801178562
0.07804933351448601
0.0787399361890745
0.07944215518328943
0.08015617992704724
0.08088219998724132
0.08162040492062232
0.08237098411746889
0.08313412664799469
0.0839100210989234
0.08469885541105136
0.08550081671062855
0.08631609113893976
0.08714486367836671
0.08798731797601954
0.08884363616586921
0.08971399868594239
0.09059858409667054
0.09149756889610779
0.09241112733310865
0.09333943122077548
0.09428264974799044
0.09524094929106358
0.0962144932246513
0.09720344173309374
0.09820795162154962
0.09922817612880695
0.10026426473953005
0.10131636299931396
0.10238461233044631
0.10346914984951143
0.10457010818758189
0.10568761531268159
0.10682179435512312
0.10797276343537666
0.10914063549653581
0.11032551813872281
0.11152751345922132
0.11274671789500933
0.11398322207132446
0.11523711065354234
0.11650846220519274
0.11779734905011763
0.11910383714068726
0.12042798593123015
0.12176984825717828
0.12312947022080276
0.12450689108232449
0.1259021431573747
0.12731525172179511
0.1287462349218087
0.13019510369171686
0.13166186167811061
0.13314650517105756
0.13464902304212284
0.13616939668982206
0.1377075999916877
0.13926359926396575
0.1408373532283015
0.14242881298551616
0.14403792199683965
0.1456646160723387
0.14730882336631898
0.14897046438005637
0.1506494519718644
0.15234569137371543
0.15405908021539427
0.1557895085552961
0.15753685891829142
0.15930100634002664
0.16108181841847047
0.16287915537121442
0.16469287010006545
0.16652280826138466
0.16836880834275075
0.17023070174579005
0.17210831287475006
0.17400145923101173
0.1759099515128006
0.17783359372091126
0.17977218326912384
0.18172551110008264
0.1836933618058242
0.18567551375327312
0.1876717392141014
0.1896818044990423
0.19170547009625474
0.1937424908139021
0.19579261592627256
0.19785558932365274
0.19993114966544867
0.20201903053677556
0.20411896060775256
0.20623066379581878
0.2083538594306111
0.21048826242125765
0.21263358342590366
0.21478952902330078
0.21695580188618863
0.21913210095644922
0.2213181216215854
0.22351355589261052
0.22571809258291053
0.22793141748816587
0.23015321356692559
0.23238316112169669
0.23462093798056513
0.23686621967887408
0.2391186796410775
0.2413779893623839
0.2436438185902126
0.2459158355050668
0.24819370690100728
0.25047709836524223
0.252765674456886
0.2550590988846424
0.25735703468339105
0.2596591443893831
0.2619650902140735
0.26427453421629404
0.26658713847284643
0.2689025652471891
0.2712204771562571
0.27354053733523287
0.275862409600133
0.27818575860820927
0.2805102500159915
0.28283555063483234
0.28516132858399734
0.28748725344108067
0.2898129963897743
0.292138230364803
0.2944626301940772
0.2967858727378375
0.2991076370249003
0.3014276043857969
0.30374545858284774
0.3060608859370461
0.3083735754517371
0.3106832189330726
0.31298951110713624
0.315292149733763
0.31759083571692714
0.3198852732118512
0.32217516972855215
0.3244602362320227
0.3267401872389345
0.32901474091081007
0.33128361914375604
0.33354654765463027
0.33580325606372957
0.3380534779739416
0.34029695104639673
0.342533417072563
0.34476262204285785
0.34698431621177545
0.34919825415947
0.35140419484990526
0.3536019016855258
0.35579114255848965
0.35797168989848555
0.36014332071714544
0.36230581664910333
0.3644589639897008
0.3666025537293989
0.3687363815849021
0.37086024802705886
0.3729739583055396
0.3750773224703909
0.3771701553904092
0.3792522767685054
0.38132351115399055
0.38338368795188504
0.3854326414292974
0.3874702107189145
0.38949623981963166
0.39151057759442964
0.3935130777654858
0.39550359890662395
0.39748200443314163
0.3994481625890517
0.4014019464318381
0.4033432338147303
0.4052719073666157
0.40718785446959305
0.40909096723426597
0.4109811424728155
0.4128582816699324
0.414722290951647
0.41657308105213714
0.41841056727858117
0.42023466947409505
0.422045311978835
0.423842423589333
0.42562593751611066
0.42739579133964817
0.42915192696476817
0.4308942905734961
0.43262283257646716
0.43433750756292594
0.4360382742494084
0.43772509542713567
0.43939793790821335
0.4410567724706735
0.44270157380244257
0.44433232044426757
0.445948994731691
0.44755158273611734
0.4491400742050294
0.4507144625014199
0.45227474454249283
0.4538209207376935
0.4553529949261187
0.4568709743133689
0.45837486940788985
0.45986469395687096
0.46134046488172964
0.4628022022132628
0.4642499290264901
0.46568367137526473
0.4671034582266701
0.4685093213952832
0.4699012954773307
0.4712794177847833
0.47264372827945295
0.47399426950711426
0.4753310865317031
0.4766542268696433
0.47796374042431583
0.47925967942074593
0.48054209834051287
0.48181105385694106
0.4830666047706044
0.48430881194516895
0.48553773824362123
0.4867534484649106
0.4879560092810295
0.48914548917457307
0.49032195837680154
0.4914854888062339
0.4926361540077996
0.4937740290925781
0.4948991906781444
0.4960117168295475
0.497111687000946
0.49819918197791946
0.4992742838204759
0.5003370758067728
0.5013876423775788
0.5024260690814757
0.5034524425208355
0.5044668502985765
0.505469380965709
0.5064601239696979
0.5074391696036371
0.5084066089562586
0.5093625338627799
0.5103070368565998
0.5112402111218531
0.5121621504468309
0.5130729491782621
0.5139727021764852
0.5148615047714845
0.5157394527198224
0.5166066421624502
0.5174631695834098
0.5183091317694279
0.5191446257703968
0.5199697488607451
0.5207845985017019
0.5215892723044437
0.5223838679941317
0.5231684833748269
0.5239432162952891
0.5247081646156486
0.5254634261749495
0.5262090987595583
0.5269452800724358
0.5276720677032557
0.5283895590993803
0.5290978515376684
0.5297970420971203
0.5304872276323507
0.5311685047478707
0.5318409697731847
0.5325047187386861
0.5331598473523403
0.5338064509771512
0.5344446246093945
0.5350744628576193
0.535696059922389
0.5363095095767733
0.5369149051475579
0.5375123394971835
0.5381019050063807
0.5386836935575087
0.53925779651857
0.5398243047279045
0.5403833084795411
0.5409348975091937
0.5414791609809013
0.5420161874742884
0.5425460649724367
0.5430688808503619
0.5435847218640741
0.5440936741402179
0.5445958231662725
0.5450912537813111
0.5455800501672894
0.5460622958408727
0.5465380736457693
0.5470074657455741
0.5474705536171002
0.5479274180441912
0.5483781391120016
0.5488227962017317
0.549261467985808
0.5496942324234978
0.5501211667569403
0.5505423475075945
0.5509578504730782
0.5513677507244007
0.5517721226035661
0.5521710397215503
0.5525645749566211
0.5529528004530151
0.5533357876199378
0.5537136071308931
0.5540863289233219
0.5544540221985489
0.5548167554220154
0.5551745963238032
0.5555276118994251
0.555875868410885
0.5562194313879888
0.5565583656299075
0.5568927352069696
0.5572226034626864
0.5575480330159991
0.5578690857637297
0.5581858228832437
0.5584983048353
0.5588065913670938
0.5591107415154738
0.5594108136103354
0.5597068652781748
0.5599989534458012
0.5602871343441981
0.5605714635125301
0.5608519958022812
0.561128785381527
0.5614018857393279
0.5616713496902382
0.5619372293789275
0.5621995762849064
0.5624584412273513
0.5627138743700193
0.5629659252262561
0.5632146426640817
0.5634600749113551
0.5637022695610113
0.5639412735763644
0.5641771332964717
0.5644098944415608
0.5646396021185028
0.5648663008263384
0.5650900344618504
0.5653108463251688
0.5655287791254227
0.5657438749864176
0.5659561754523423
0.5661657214935051
0.5663725535120867
0.5665767113479154
0.566778234284256
0.56697716105361
0.5671735298435255
0.5673673783024143
0.5675587435453716
0.5677476621599921
0.5679341702121935
0.5681183032520254
0.5683000963194773
0.5684795839502761
0.5686568001816698
0.568831778558202
0.569004552137466
0.5691751534958424
0.5693436147342202
0.5695099674836953
0.5696742429112408
0.5698364717253601
0.5699966841817092
0.5701549100886928
0.5703111788130316
0.5704655192852952
0.5706179600054097
0.570768529048128
0.5709172540684637
0.571064162307096
0.5712092805957345
0.571352635362445
0.5714942526369394
0.5716341580558295
0.5717723768678314
0.5719089339389412
0.5720438537575598
0.5721771604395803
0.5723088777334308
0.5724390290250759
0.5725676373429727
0.5726947253629819
0.5728203154132367
0.5729444294789645
0.5730670892072632
0.5731883159118331
