0.0009421252547073503
0.0009453747873854343
0.000948646552671987
0.0009519407758232584
0.0009552576851630385
0.0009585975121390255
0.0009619604913816716
0.0009653468607636912
0.0009687568614614215
0.0009721907380187719
0.0009756487384118157
0.0009791311141150551
0.0009826381201720458
0.000986170015263811
0.0009897270617835487
0.0009933095259105963
0.0009969176776875915
0.001000551791099724
0.0010042121441588363
0.0010078990189839102
0.0010116127018911444
0.0010153534834823484
0.0010191216587380812
0.0010229175271125608
0.0010267413926318828
0.0010305935639963457
0.0010344743546859192
0.0010383840830668263
0.0010423230725056642
0.0010462916514838792
0.001050290153717417
0.0010543189182819152
0.0010583782897383702
0.001062468618268159
0.0010665902598080775
0.001070743576193385
0.0010749289353050187
0.001079146711219601
0.001083397284370021
0.0010876810417063865
0.0010919983768669743
0.0010963496903526946
0.0011007353897093473
0.0011051558897174337
0.0011096116125863303
0.0011141029881583822
0.0011186304541207033
0.0011231944562221181
0.001127795448502423
0.0011324338935282574
0.0011371102626377624
0.0011418250361952959
0.0011465787038573854
0.0011513717648474735
0.0011562047282412953
0.0011610781132661327
0.0011659924496081235
0.001170948277736512
0.0011759461492354133
0.0011809866271539611
0.0011860702863684203
0.0011911977139579491
0.001196369509598157
0.0012015862859694163
0.001206848669180023
0.0012121572992104008
0.0012175128303731667
0.0012229159317925893
0.0012283672879034823
0.0012338675989722765
0.0012394175816368169
0.00124501796947178
0.001250669513575342
0.0012563729831798502
0.0012621291662909505
0.0012679388703495207
0.0012738029229215652
0.00127972217242202
0.0012856974888604145
0.0012917297646229129
0.0012978199152870954
0.001303968880466167
0.0013101776246939923
0.0013164471383407075
0.001322778438573038
0.0013291725703451535
0.0013356306074414918
0.0013421536535512951
0.001284424885406618
0.0013006079980437007
0.001315494147895773
0.0013292661691109112
0.0013420869972910873
0.0013541005658797185
0.0013419667823144593
0.0013561682810735172
0.0013694083682913429
0.001367590422172258
0.0013814073718075143
0.0013841326352823978
0.001397835750358547
0.001403338656686546
0.0014103534503293357
0.0014184903777701959
0.0014229827524567089
0.0014294219557230018
0.0014373129900982701
0.0014462773656249378
0.0014537124471476171
0.001462398413928324
0.0014703384106628825
0.001478028801149403
0.0014857979601516989
0.001493851320651289
0.0015023065342222913
0.001510481652278525
0.0015187220075030539
0.001527779665565359
0.0015366335157743498
0.0015455845467877297
0.001554821836385783
0.0015636108224923431
0.0015730962391831665
0.001582419248049956
0.001591884612309548
0.0016016833453089295
0.0016114175496027437
0.001621470191377845
0.0016315010827062204
0.0016417733835359693
0.0016521785087372897
0.001662749709511782
0.0016734858846384436
0.0016843331483903318
0.0016954091024043627
0.0017066790288155537
0.0017180747230057113
0.0017296886532675118
0.0017415024597405321
0.0017535045425044915
0.0017657080128706869
0.0017781161990280331
0.0017907434211690296
0.001803594099505709
0.001816672729377748
0.0018299886103590667
0.0018435399555359693
0.001857340598858501
0.0018714066730993338
0.0018857287895753935
0.0019003276614212887
0.001915202283441328
0.0019303709458533519
0.0019458353622211011
0.0019616071985924847
0.001977693142563619
0.0019941049772677216
0.002010853027815136
0.00202794628735442
0.002045394240462711
0.0020632111953499403
0.002081405382887501
0.0020999896800750527
0.0021189746294030115
0.0021383737635914534
0.002158199245439792
0.0021784634198668594
0.0021991800640483697
0.002220363296757482
0.002242026332746933
0.0022641841203912784
0.0022868513494603243
0.0023100436144041776
0.002333775971777945
0.0023580649259095916
0.0023829269551758803
0.002408378742602601
0.0024344378738373976
0.002461122131588267
0.0024884496254954118
0.0025164391372855185
0.0025451097835589515
0.0025744812165333707
0.002604573508171149
0.0026354071268604408
0.0026670031378860405
0.0026993829655669065
0.0027325686632366647
0.002766589148656327
0.0028014535051759295
0.0028371926364557714
0.0028738304535035225
0.0029113952314113937
0.0029499037578719816
0.0029893888098215067
0.0030298726893398806
0.0030713820022014227
0.003113945880278701
0.0031575895031067127
0.003202342667218221
0.0032482335936067936
0.0032952899832893157
0.003343543901606957
0.0033930250966715467
0.0034437640475057066
0.003495792661695925
0.003549142557804135
0.0036038472177282403
0.003659939827751171
0.0037174545861421637
0.0037764257242693814
0.0038368888465909433
0.003898879959694779
0.003962435856278459
0.00402759428517274
0.00409439293921266
0.004162871357709546
0.004233069171222143
0.004305026843272049
0.0043787860373531535
0.004454389035438878
0.004531879120599474
0.0046113005700446725
0.004692698297465141
0.0047761187915627175
0.004861609075879981
0.004949217592016823
0.005038993672623232
0.005130987983329316
0.005225252374086651
0.005321839835003535
0.005420804764916006
0.0055222028980151
0.005626091281334921
0.005732528494557684
0.005841574527838175
0.005953290983428498
0.00606774098288505
0.006184989273614596
0.006305102339918027
0.006428148357978964
0.006554197271616606
0.00668332085689019
0.006815592728761539
0.00695108844768177
0.007089885468957669
0.0072320632730457374
0.007377703316730885
0.007526889126365889
0.007679706303783071
0.007836242532704452
0.007996587629783277
0.008160833545897516
0.008329074367295004
0.00850140633556514
0.008677927849863739
0.008858739443505086
0.009043943795850743
0.009233645690200713
0.00942795201309931
0.009626971703409726
0.009830815731037695
0.010039597038084389
0.010253430492879375
0.010472432834145054
0.010696722594478979
0.010926420030303438
0.011161647044043219
0.011402527081284222
0.011649185048940256
0.011901747196715986
0.012160341012057015
0.012425095096382982
0.012696139042448864
0.012973603294691143
0.013257619014641061
0.013548317929548073
0.013845832181356717
0.01415029416893163
0.014461836381132409
0.014780591231545322
0.015106690881151356
0.015440267062828805
0.01578145090013573
0.016130372720954737
0.01648716187152697
0.016851946526802532
0.017224853498384624
0.017606008043038142
0.017995533669834772
0.01839355194557016
0.01880018230386637
0.0192155418517899
0.019639745181005558
0.020072904178787307
0.02051512784176306
0.020966522094149582
0.021427189607622268
0.021897229626126374
0.022376737794855973
0.022865805993710523
0.023364522176558083
0.02387297021512203
0.02439122974954644
0.024919376045172203
0.025457479854711106
0.026005607288802128
0.02656381969231148
0.027132173528416664
0.027710720269641272
0.028299506297237976
0.028898572807229968
0.02950795572477933
0.03012768562629633
0.03075778766946209
0.031398281530633336
0.03204918135085364
0.032710495689089174
0.03338222748344089
0.03406437402010805
0.03475692690973549
0.035459872071482705
0.03617318972420103
0.036896854384872786
0.037630834874088546
0.03837509432845759
0.03912959021940438
0.039894274378718377
0.0406690930302512
0.04145398682761381
0.042248890897819434
0.043053734890457857
0.04386844303231712
0.04469293418713437
0.04552712192040793
0.046370914568846046
0.04722421531440289
0.04808692226252943
0.048958928524695536
0.04984012230463799
0.05073038698835284
0.051629601237657384
0.052537639086924125
0.0534543700431077
0.05437965918857171
0.055313367286793834
0.05625535089068311
0.0572054624533332
0.058163550441109144
0.05912945944898883
0.060103030317803244
0.06108410025358015
0.06207250294852641
0.06306806870383053
0.06407062455392608
0.06507999439233338
0.06609599909878804
0.06711845666766006
0.06814718233763187
0.06918198872233754
0.07022268594210725
0.07126908175656306
0.07232098169810208
0.07337818920607692
0.07444050576164855
0.07550773102324765
0.07657966296248601
0.07765609800051172
0.07873683114466098
0.0798216561253569
0.0809103655331464
0.08200275095577052
0.08309860311522144
0.08419771200460929
0.0852998670248191
0.08640485712079313
0.08751247091736732
0.0886224968545344
0.0897347233220157
0.09084893879305267
0.09196493195725906
0.09308249185246023
0.09420140799533232
0.09532147051080654
0.09644247025998891
0.09756419896660425
0.09868644934170293
0.0998090152066052
0.10093169161388635
0.10205427496628793
0.10317656313344088
0.10429835556625221
0.10541945340883059
0.10653965960783157
0.1076587790190878
0.10877661851141784
0.10989298706747619
0.11100769588154803
0.11212055845417518
0.11323139068349813
0.11434001095323577
0.11544624021718547
0.11654990208016491
0.11765082287532863
0.11874883173776189
0.11984376067429602
0.12093544462948297
0.12202372154767925
0.12310843243118726
0.12418942139442261
0.12526653571408375
0.12633962587527892
0.12740854561363688
0.1284731519533565
0.12953330524122925
0.13058886917663381
0.1316397108375251
0.1326857007024439
0.1337267126685867
0.13476262406598433
0.13579331566783193
0.1368186716970363
0.1378385798290375
0.13885293119099607
0.13986162035740515
0.14086454534222478
0.14186160758762684
0.14285271194944255
0.14383776667943243
0.1448166834044553
0.14578937710267426
0.14675576607690527
0.14771577192521468
0.14866931950890847
0.14961633691802248
0.15055675543443806
0.1514905094927604
0.1524175366390799
0.15333777748775534
0.1542511756763402
0.15515767781878292
0.15605723345704323
0.15694979501124226
0.15783531772847378
0.15871375963042242
0.1595850814598846
0.16044924662635338
0.16130622115074691
0.1621559736094432
0.1629984750777007
0.16383369907260387
0.16466162149563052
0.16548222057495338
0.16629547680757817
0.1671013729014205
0.16789989371741268
0.16869102621173968
0.16947475937828552
0.17025108419137955
0.17101999354891798
0.17178148221594297
0.17253554676874172
0.17328218553954153
0.1740213985618581
0.17475318751655897
0.17547755567869208
0.1761945078651385
0.17690405038312348
0.17760619097964125
0.17830093879181835
0.1789883042982614
0.17966829927141068
0.18034093673093454
0.1810062308981781
0.18166419715169546
0.1823148519838779
0.18295821295868253
0.18359429867049273
0.18422312870408922
0.1848447235957627
0.18545910479554892
0.18606629463059635
0.18666631626965927
0.1872591936887086
0.1878449516376561
0.18842361560818002
0.1889952118026339
0.18955976710403988
0.19011730904713198
0.1906678657904473
0.1912114660894395
0.1917481392705948
0.1922779152065338
0.19280082429207385
0.19331689742122743
0.19382616596511928
0.19432866175079286
0.19482441704087997
0.19531346451411713
0.19579583724666905
0.19627156869424617
0.19674069267498492
0.1972032433530598
0.1976592552230075
0.19810876309473696
0.19855180207918996
0.19898840757463807
0.19941861525358026
0.1998424610502207
0.20025998114849933
0.20067121197065113
0.2010761901662683
0.2014749526018392
0.20186753635074722
0.2022539786836979
0.2026343170595558
0.20300858911656874
0.20337683266395795
0.20373908567385077
0.20409538627354046
0.2044457727380464
0.20479028348296216
0.20512895705757078
0.2054618321382061
0.20578894752184917
0.20611034211993934
0.2064260549523853
0.20673612514176049
0.20704059190767107
0.20733949456127798
0.20763287249996765
0.2079207652021486
0.2082032122221742
0.20848025318536975
0.20875192778316073
0.20901827576829138
0.20927933695011872
0.20953515118998303
0.20978575839663788
0.2100311985217382
0.2102715115553771
0.21050673752166482
0.21073691647434545
0.21096208849244477
0.21118229367594696
0.2113975721414903
0.21160796401808407
0.21181350944284213
0.21201424855672465
0.21221022150029245
0.21240146840946808
0.2125880294113017
0.21276994461974105
0.21294725413140347
0.21311999802135154
0.21328821633886566
0.21345194910322338
0.21361123629947137
0.21376611787420638
0.21391663373135053
0.21406282372793106
0.2142047276698634
0.21434238530773378
0.21447583633259223
0.21460512037174284
0.21473027698455058
0.21485134565824696
0.21496836580375495
0.2150813767515193
0.2151904177473526
0.2152955279482993
0.21539674641851211
0.2154941121251541
0.215587663934317
0.21567744060696795
0.21576348079491792
0.2158458230368211
0.21592450575420444
0.21599956724752725
0.21607104569227786
0.21613897913510485
0.21620340548998873
0.21626436253445433
0.21632188790582496
0.21637601909752202
0.2164267934554128
0.21647424817420582
0.21651842029389728
0.21655934669627053
0.21659706410144974
0.21663160906451054
0.21666301797214713
0.2166913270393994
0.21671657230644276
0.2167387896354371
0.2167580147074428
0.21677428301939977
0.21678762988117442
0.2167980904126729
0.21680569954102458
0.21681049199783417
