0.20807925793412557
0.16124760920071818
0.1313867183533293
0.11017811791370949
0.09419084628608923
0.08166647974962722
0.07158452584274307
0.0633017499335839
0.05638792053662519
0.0505420956978131
0.04554627818661968
0.04123806640824731
0.03749367065479705
0.034216916643854116
0.031331873391318335
0.028777763028863694
0.02650535632217883
0.024474363833666257
0.022651511321933226
0.021009095880301015
0.01952388651156011
0.018176275817831287
0.016949617647362435
0.015829704393151026
0.014804350508043558
0.013863057741253565
0.012996743913054483
0.012197521566088047
0.011458516114259755
0.010773715523866016
0.010137845356282675
0.009546264349276285
0.008994876738522091
0.008480058303620686
0.007998593728236868
0.007547623336033508
0.007124597633113511
0.006727238378913048
0.00635350514126114
0.0060015664744696605
0.005669775012126219
0.005356645882239532
0.005060837955549818
0.004781137514435126
0.004516443997772384
0.004265757528801698
0.004028167982852703
0.0038028453835838023
0.003589031450086506
0.003386032143314088
0.0031932110846927876
0.00300998372904155
0.0028358122043664344
0.0026702007280262527
0.0025126915331677123
0.002362861242960236
0.0022203176335097367
0.0020846967488101866
0.001955660316764298
0.0018328934400894266
0.0017161025166584673
0.0016050133913267952
0.0014993696705154192
0.0013989312244265856
0.0013034728310674832
0.001212782950879786
0.001126662624171855
0.0010449244660925936
0.0009673917682322911
0.0008938976781461751
0.000824284449732892
0.0007584027759387367
0.0006961111616266616
0.0006372753796660602
0.0005817679397746063
0.0005294676420262365
0.00048025912423139
0.000434032539544071
0.00039068305756018753
0.0003501107150314124
0.000312220001634431
0.00027691960170936466
0.0002441221102537011
0.00021374391583833352
0.0001857049159056588
0.00015992810969826357
0.0001363398049985218
0.00011486905217012468
0.00009544808725099584
0.00007801131824296903
0.00006249581606025633
0.00004884100494190621
0.00003698853902223789
0.000026882185184161196
0.000018467709388798633
0.000011692764789077868
6.506775043104158e-6
2.8608034498492673e-6
7.073686458716315e-7
