6.933539207633878e-7
7.258829157795424e-7
7.599323983315326e-7
7.955762373409519e-7
8.328877304358394e-7
8.71943107819141e-7
9.128243104634368e-7
9.556166707590918e-7
1.0004114787931575e-6
1.0472976855466576e-6
1.096375434565384e-6
1.147743752043873e-6
1.2015129696264365e-6
1.2577916777943105e-6
1.3166985055391445e-6
1.3783536528087613e-6
1.4428862789262453e-6
1.5104285024486706e-6
1.5811207586420689e-6
1.655109257865457e-6
1.732546718122046e-6
1.813591805877461e-6
1.8984135906191638e-6
1.9871847968481694e-6
2.0800898866543534e-6
2.1773188115012818e-6
2.2790723970880055e-6
2.3855589212159837e-6
2.4969971702104704e-6
2.6136162953076557e-6
2.7356549998693093e-6
2.8633635347079616e-6
2.997003845453261e-6
3.1368476224631614e-6
3.2831814708592494e-6
3.4363035120924592e-6
3.5965262523926677e-6
3.764176483911348e-6
3.939596034130621e-6
4.123140250467061e-6
4.315182130940202e-6
4.516112015053471e-6
4.726337084862685e-6
4.946282748890737e-6
5.176394011106958e-6
5.417136378050214e-6
5.668994700572412e-6
5.932476797697796e-6
6.208114201065758e-6
6.496460010202159e-6
6.798093884884754e-6
7.1136202989492255e-6
7.443671662823544e-6
7.788908888842618e-6
8.150019779750901e-6
8.527726640353961e-6
8.922780581384701e-6
9.335967536564794e-6
9.768108433807393e-6
0.000010220059865344602
0.000010692716885387032
0.000011187013203553425
0.0000117039246478682
0.000012244469260664208
0.000012809710108587085
0.000013400756774831517
0.000014018767430027889
0.000014664950828507177
0.000015340568291877436
0.00001604693623619511
0.000016785428169189055
0.000017557477439323663
0.00001836457878995632
0.000019208292385650213
0.000020090244769214265
0.00002101213300333293
0.00002197572668603068
0.000022982871350313244
0.000024035491556932673
0.000025135593485722785
0.000026285268730318542
0.00002748669791396957
0.000028742153645680214
0.000030054004584188454
0.0000314247190256984
0.000032856868834392
0.000034353133785029267
0.000035916305406041304
0.00003754929131000321
0.00003925511997927301
0.00004103694540188093
0.00004289805126863433
0.00004484185680559501
0.000046871920982769187
0.000048991948556004115
0.00005120579499025591
0.000053517472233985907
0.000055931154588401234
0.00005845118439417612
0.00006108207844513663
0.00006382853434783569
0.0000666954364833726
0.00006968786345612592
0.00007281109433782857
0.00007607061606710049
0.00007947213062778489
0.00008302156253476502
0.00008672506632217566
0.00009058903477424246
0.00009462010643405224
0.00009882517441011815
0.00010321139446070944
0.0001077861937076517
0.00011255727975224294
0.00011753264932654007
0.0001227205979074335
0.0001281299301170221
0.0001337691488643013
0.000139647721187012
0.00014577523318788193
0.00015216161893719094
0.0001588173047513647
0.00016575267316792632
0.00017297902420953986
0.00018050755207209604
0.00018835031035227486
0.00019651943259952305
0.00020502759066987728
0.00021388789209377652
0.00022311396248739373
0.00023271973483926723
0.00024271975626553803
0.0002531289275798775
0.00026396276684342157
0.0002752372367419196
0.0002869688217205306
0.0002991745809158282
0.0003118720325089653
0.00032507933554486407
0.000338815209698947
0.0003530989201312937
0.000367950357715888
0.00038339001557203536
0.0003994389794339322
0.00041611901534993037
0.0004334525252766401
0.0004514625429371968
0.00047017280682005004
0.0004896077121093594
0.0005097923757183462
0.0005307526110596826
0.0005525149554374435
0.0005751066795210096
0.0005985557863426639
0.0006228910666955593
0.0006481420699426089
0.0006743391075595295
0.0007015133174996754
0.0007296966235810232
0.0007589217706323781
0.0007892223371721932
0.0008206327467403399
0.0008531882670289019
0.0008869250393363365
0.0009218800807940051
0.0009580913026391836
0.0009955975037333079
0.0010344384214010748
0.0010746547001141006
0.0011162879401031209
0.001159380686613256
0.001203976458950633
0.0012501197555730137
0.0012978560811176098
0.0013472319499455952
0.0013982949028835973
0.0014510935382369046
0.0015056775134757007
0.0015620975789990713
0.0016204055881250076
0.0016806545231489247
0.0017428985175500598
0.0018071928854395795
0.001873594138181753
0.001942160022519176
0.0020129495406797106
0.0020860229923993817
0.0021614419970524567
0.002239269538929839
0.0023195699965806323
0.002402409191524775
0.00248785442222726
0.002575974514482653
0.002666839865797464
0.0027605224948670484
0.0028570960946896324
0.0029566360869967214
0.0030592196771263448
0.0031649259168467577
0.0032738357631205916
0.003386032143314095
0.003501600022121146
0.0036206264690199397
0.0037432007284644887
0.0038694142928314655
0.003999360975137885
0.004133136983631379
0.004270840999402122
0.004412574250588109
0.004558440590990753
0.004708546575794633
0.0048630015394966145
0.0050219176696983505
0.005185410083699999
0.005353596899145754
0.005526599305560481
0.005704541631678707
0.005887551409474835
0.006075759434386892
0.006269299820640402
0.006468310052627019
0.006672931028926463
0.006883307100879541
0.007099586103662026
0.007321919380518007
0.0075504617974767865
0.007785371750371919
0.00802681116157829
0.008274945467030035
0.008529943592923552
0.008791977920559435
0.009061224240129206
0.009337861692511757
0.00962207269820652
0.009914042873672986
0.01021396093456962
0.010522018585602025
0.010838410396568307
0.011163333665098415
0.011496988265171839
0.011839576482175665
0.01219130283408515
0.012552373879155775
0.012922998010019044
0.013303385235035705
0.013693746946369963
0.014094295676398425
0.014505244841408456
0.014926808474774417
0.015359200948964487
0.01580263668754193
0.016257329867989983
0.016723494116074107
0.017201342192296135
0.01769108567176546
0.01819293461811792
0.01870709725247757
0.019233779618665754
0.019773185245266948
0.020325514806077177
0.020890965779525844
0.0214697321084716
0.022062003861275374
0.022667966895124132
0.023287802522856227
0.023921687184207906
0.024569792122368976
0.025232283067076814
0.025909319925000375
0.026601056478367524
0.027307640092774924
0.028029211434956177
0.028765904201188176
0.029517844857323748
0.030285152390794427
0.031067938075452453
0.03186630524966174
0.03268034910817878
0.033510156508238007
0.03435580579024786
0.03521736661333882
0.03609489980601897
0.03698845723215348
0.03789808167230435
0.03882380672062161
0.0397656566970673
0.04072364657515384
0.04169778192485262
0.04268805887068904
0.04369446406466769
0.044716974673850135
0.04575555838220904
0.046810173406487236
0.047880768525559066
0.04896728312301525
0.05006964724239522
0.05118778165465932
0.05232159793740402
0.0534709985652367
0.05463587701087036
0.05581611785632383
0.05701159691369661
0.05822218135496012
0.059447729850194315
0.060688092713740524
0.061943112057659906
0.06321262195200301
0.06449644859131005
0.06579441046684252
0.0671063185439809
0.06843197644437153
0.06977118063223163
0.0711237206044416
0.07248937908392332
0.07386793221587448
0.07525914976650448
0.07666279532383931
0.07807862650024648
0.07950639513636167
0.08094584750608305
0.0823967245223566
0.08385876194346066
0.08533169057957106
0.08681523649936104
0.0883091212364435
0.08981306199545301
0.09132677185763739
0.09284995998576705
0.09438233182827727
0.09592358932249419
0.09747343109687415
0.09903155267215641
0.10059764666136027
0.10217140296857925
0.10375250898650537
0.10534064979265821
0.10693550834427684
0.10853676567186166
0.11014410107132828
0.11175719229477701
0.11337571573985465
0.114999346637695
0.1166277592394493
0.11826062700137221
0.1198976227684783
0.12153841895673857
0.12318268773382715
0.12483010119837802
0.12648033155775631
0.12813305130431407
0.1297879333900874
0.13144465139994235
0.1331028797230897
0.1347622937229575
0.13642256990536353
0.1380833860849323
0.1397444215497048
0.141405357223868
0.14306587582854652
0.14472566204056647
0.14638440264912533
0.1480417867102699
0.14969750569909754
0.1513512536595874
0.15300272735195253
0.15465162639742194
0.15629765342034227
0.15794051418747584
0.15957991774440836
0.1612155765489278
0.1628472066012792
0.16447452757115946
0.16609726292135246
0.1677151400278832
0.16932789029656464
0.17093524927584589
0.17253695676582226
0.17413275692331817
0.17572239836292955
0.17730563425392
0.17888222241287288
0.18045192539200788
0.18201451056306722
0.18356975019669464
0.1851174215372213
0.18665730687279203
0.18818919360076583
0.18971287428833233
0.1912281467282915
0.19273481398996012
0.19423268446516162
0.19572157190927977
0.1972012954773528
0.19867167975519912
0.20013255478557299
0.2015837560893636
0.2030251246818353
0.20445650708395527
0.20587775532882635
0.20728872696327297
0.20868928504462617
0.21007929813276682
0.2114586402774981
0.21282719100131084
0.21418483527763327
0.2155314635046489
0.21686697147477876
0.21819126033993258
0.21950423657263687
0.2208058119231573
0.22209590337273258
0.22337443308305233
0.22464132834210337
0.22589652150652773
0.2271399499406276
0.22837155595216282
0.22959128672509077
0.23079909424939202
0.2319949352481453
0.23317877110199564
0.23435056777117563
0.2355102957152452
0.23665792981069328
0.23779344926657336
0.23891683753832338
0.24002808223993102
0.24112717505460282
0.24221411164409157
0.2432888915568318
0.2443515181350487
0.245401998420974
0.24644034306233542
0.2474665662172434
0.24848068545863616
0.2494827216784136
0.25047269899138946
0.2514506446392042
0.25241658889431984
0.25337056496421717
0.2543126088959196
0.2552427594809567
0.2561610581608723
0.2570675489333891
0.2579622782593256
0.258845294970363
0.25971665017774653
0.2605763971820215
0.261424591383865
0.2622612901961038
0.2630865529569833
0.2639004408447564
0.2647030167936465
0.26549434541125233
0.2662744928974311
0.2670435269647229
0.26780151676034647
0.26854853278980656
0.2692846468421527
0.27000993191690925
0.2707244621527068
0.27142831275763607
0.2721215599413384
0.27280428084884834
0.27347655349619604
0.27413845670777726
0.27479007005549366
0.2754314737996585
0.27606274883167276
0.2766839766184571
0.27729523914863446
0.27789661888045036
0.2784881986914177
0.27907006182967
0.2796422918669996
0.28020497265357036
0.28075818827426935
0.2813020230066852
0.2818365612806792
0.28236188763952724
0.2828780867026003
0.2833852431295563
0.28388344158601203
0.2843727667106613
0.2848533030838131
0.2853251351973081
0.28578834742578524
0.28624302399926566
0.28668924897701314
0.2871271062226418
0.28755667938043444
0.2879780518528342
0.288391306779076
0.2887965270149257
0.2891937951134841
0.28958319330702936
0.2899648034898554
0.29033870720208127
0.2907049856143863
0.2910637195136465
0.2914149892894367
0.2917588749213594
0.2920954559671819
0.2924248115517346
0.2927470203565501
0.2930621606102105
0.2933703100793718
0.29367154606043366
0.2939659453718344
0.2942535843469379
0.29453453882748326
0.2948088841575786
0.29507669517820834
0.2953380462222287
0.2955930111098325
0.2958416631444557
0.2960840751091041
0.2963203192630829
0.2965504673391014
0.2967745905407379
0.2969927595402438
0.29720504447667073
0.2974115149542961
0.29761224004133974
0.2978072882689462
0.29799672763042545
0.2981806255807262
0.2983590490361389
0.2985320643742087
0.2986997374338445
0.2988621335156136
0.2990193173822115
0.29917135325909283
0.2993183048352515
0.2994602352641484
0.2995972071647622
0.2997292826227714
0.2998565231918433
0.2999789898950339
0.3000967432262835
0.3002098431520042
0.3003183491127521
0.3004223200249752
0.3005218142828374
0.30061688976010426
0.3007076038120948
0.3007940132776847
0.30087617448136517
0.30095414323534686
0.30102797484171057
0.3010977240945928
0.30116344528241423
0.30122519219013616
0.3012830181015511
0.3013369758016006
0.3013871175787177
0.30143349522719376
0.30147616004956646
0.30151516285902663
0.30155055398184494
0.30158238325981207
0.3016107000526955
0.3016355532407109
0.30165699122700296
0.3016750619401422
0.30168981283662755
0.30170129090340436
0.3017095426603863
0.30171461416298995
0.30171655100467537
0.3017153983194946
0.30171120078464936
0.301704002623052
0.30169384760589707
0.30168077905523666
0.3016648398465636
0.30164607241139896
0.30162451873988744
0.30160022038339834
0.30157321845712975
0.3015435536427234
0.3015112661908801
0.301476395923984
0.3014389822387329
0.30139906410876915
0.301356680087325
0.3013118683098661
0.30126466649674283
0.3012151119558487
0.30116324158528374
0.3011090918760215
0.3010526989145861
0.300994098385729
0.3009333255751172
0.30087041537202247
0.30080540227201924
0.3007383203796853
0.3006692034113096
0.30059808469760374
0.30052499718642056
0.3004499734454774
0.30037304566508066
