4.770513028871795e-7
4.994828289084628e-7
5.229667340020205e-7
5.475522155228197e-7
5.732907576238088e-7
6.002362360684444e-7
6.284450300153361e-7
6.579761367126025e-7
6.888912901285133e-7
7.212550898348606e-7
7.551351296594386e-7
7.90602137306225e-7
8.277301170495746e-7
8.665964996278336e-7
9.072823006764883e-7
9.49872282835397e-7
9.944551283719275e-7
1.0411236180165656e-6
1.0899748183997592e-6
1.1411102756707341e-6
1.1946362228589722e-6
1.2506637905714286e-6
1.309309231694085e-6
1.37069415272842e-6
1.4349457576314852e-6
1.5021971014419216e-6
1.5725873567996506e-6
1.6462620883645915e-6
1.723373544459948e-6
1.8040809568152256e-6
1.8885508583283373e-6
1.9769574091498175e-6
1.967500135897504e-6
2.07228619579438e-6
2.181021599502612e-6
2.2939417430623303e-6
2.4112927587060073e-6
2.5333312569271058e-6
2.6603242270847546e-6
2.792549077097463e-6
2.879653217025038e-6
3.0271356339151676e-6
3.180475819814992e-6
3.3400076069041247e-6
3.4702829623430393e-6
3.6460205308460526e-6
3.828838420690784e-6
3.991463680969908e-6
4.166576678278407e-6
4.377007524354433e-6
4.574646497096133e-6
4.7846808698654424e-6
5.007168398116596e-6
5.242240823419825e-6
5.490094984433893e-6
5.737240082937361e-6
5.999993659838034e-6
6.278409562563699e-6
6.572636407126054e-6
6.882905852391912e-6
7.200600278227207e-6
7.528294105783198e-6
7.875750377666978e-6
8.243123085290399e-6
8.624361830512332e-6
9.021371028022298e-6
9.43588360945842e-6
9.874360184788764e-6
0.000010328135390143168
0.000010803903086237392
0.000011302981360032923
0.000011823184760966648
0.000012366603110170119
0.000012935168435323878
0.000013528014788668101
0.000014149962146385541
0.000014798089278084662
0.000015477109580112543
0.000016187054798000626
0.000016928495030228097
0.0000177024359739096
0.000018513175707237013
0.000019358931765015265
0.00002024286849957663
0.00002116678093843708
0.000022131606365223927
0.000023139740081232927
0.000024193664716921036
0.000025294311216991646
0.00002644394660767205
0.000027644385759153558
0.000028899117042998363
0.000030209235239186303
0.00003157706098980087
0.00003300579190110016
0.000034497879109677156
0.0000360557765308446
0.00003768279014472591
0.00003938108276168324
0.000041153477425790285
0.00004300451526342101
0.00004493660411703708
0.000046952891558402565
0.00004905758362594385
0.00005125394435691187
0.000053545717704656905
0.00005593743402057712
0.000058432728452074295
0.00006103569893099319
0.00006375143887042883
0.00006658410334053297
0.00006953880591994131
0.00007262008948934269
0.00007583348926665835
0.00007918419885308048
0.0000826776799869004
0.00008631996269532423
0.00009011671780782348
0.00009407422309019705
0.00009819888485477112
0.00010249736364655894
0.00010697645144113136
0.00011164326034938807
0.00011650507771358803
0.00012156962733574942
0.00012684465894953012
0.00013233832595511684
0.00013805900178906139
0.00014401545619253776
0.00015021655666916272
0.000156671574549866
0.00016339010083544513
0.0001703819667587505
0.00017765737867449547
0.00018522681163236004
0.00019310112084471455
0.00020129142059430296
0.00020980926922717483
0.00021866644513546566
0.00022787518840666296
0.00023744804116804103
0.00024739791346773613
0.0002577381173665866
0.0002684822901314663
0.0002796444754143627
0.0002912391026466437
0.0003032809845653985
0.00031578533497820106
0.000328767762004241
0.0003422442619469552
0.00035623125972113667
0.0003707455566722443
0.0003858044016266179
0.00040142542207737014
0.00041762667952220135
0.0004344266421366453
0.00045184419546876955
0.0004698986491861206
0.0004886097146299224
0.0005079975295626168
0.000528082643813316
0.0005488860185710569
0.0005704290259796808
0.0005927334479112566
0.0006158214661568645
0.0006397156686716413
0.0006644390357079435
0.0006900149405796985
0.0007164671441144559
0.0007438197824226988
0.0007720989228976413
0.0008013261806568839
0.0008315285252057906
0.0008627315486621121
0.0008949621889483019
0.0009282446091929777
0.0009626073336864434
0.0009980763068028855
0.0010346787815781705
0.0010724423108530601
0.0011113952596457975
0.0011515651178731962
0.0011929807205993325
0.0012356702282810927
0.0012796632686523015
0.0013249885089166628
0.0013716755779545218
0.0014197537387282374
0.001469253517984051
0.0015202043800692953
0.0015726371407169312
0.0016265821279681835
0.0016820702285622782
0.0017391323243024744
0.0017977997512048447
0.0018581038525825493
0.001920076263933379
0.001983748973525217
0.002049154093317088
0.0021163239734315036
0.002185291270397633
0.0022560889827652076
0.0023287501894776064
0.002403308489375978
0.0024797977241738794
0.0025582521324175353
0.0026387063240402523
0.002721195276255235
0.0028057544682149067
0.0028924198479233676
0.0029812278488330875
0.003072215531288924
0.0031654204726233584
0.0032608809583225574
0.003358635971871355
0.003458725215657441
0.003561189195883673
0.00366606929609572
0.0037734078159454196
0.0038832480152463087
0.003995634223366133
0.004110611833673648
0.004228227459221953
0.00434852891652818
0.00447156534802395
0.0045973872648372195
0.004726046636840939
0.004857596946940156
0.004992093274830903
0.005129592353776832
0.0052701526522993735
0.005413834440015151
0.0055606998575295635
0.005710812969868885
0.00586423985194606
0.006021048629917965
0.006181309558387025
0.006345095056169694
0.006512479773461618
0.006683540634955206
0.00685835688278621
0.007037010115013859
0.00721958431959832
0.007406165904717668
0.007596843717971255
0.007791709060829565
0.007990855706350244
0.008194379891529862
0.008402380318550623
0.00861495814267412
0.008832216952289008
0.009054262739416875
0.009281203866937626
0.009513151023851805
0.009750217172782693
0.00999251749271891
0.010240169306264849
0.010493292004320162
0.010752006960618867
0.01101643743706161
0.01128670848241718
0.011562946819461113
0.011845280727837583
0.012133839916759296
0.012428755391241329
0.012730159309454408
0.013038184833451453
0.013352965975482708
0.013674637432832076
0.014003334422121781
0.01433919250276608
0.014682347399587282
0.015032934817647182
0.015391090253657787
0.015756948803997643
0.016130644968623608
0.016512312452470205
0.01690208396463421
0.017300091015348285
0.017706463712421603
0.018121330556759373
0.018544818236900254
0.01897705142552991
0.0194181525755053
0.019868241718745475
0.02032743626563835
0.020795850808311006
0.021273596926433602
0.02176078299647964
0.02225751400505777
0.022763891366958593
0.023280012747654556
0.023805971891674795
0.0243418584560358
0.024887757850194682
0.02544375108213713
0.026009914611147447
0.026586320207714856
0.027173034820338112
0.02777012044992407
0.028377634031909734
0.02899562732564794
0.02962414681244582
0.030263233600786296
0.030912923340293032
0.03157324614329998
0.0322442265149741
0.032925883291279795
0.03361822958520795
0.03432127274100671
0.03503501429641497
0.035759449952796445
0.03649456955309175
0.037240357067317
0.03799679058576123
0.038763842319347666
0.03954147860727548
0.040329659931661634
0.041128340938881756
0.041937470467643484
0.042756991583346754
0.04358684161865325
0.04442695221992225
0.0452772493994807
0.046137653593333126
0.04700807972406399
0.047888437268870314
0.04877863033236883
0.04967855772397535
0.05058811303964999
0.051507184747803594
0.052435656279112904
0.05337340612006666
0.054320307910080454
0.055276230541837564
0.05624103826492337
0.057214590792252315
0.05819674340940115
0.05918734708652327
0.060186248592701636
0.061193290612627516
0.06220831186542942
0.06323114722552915
0.06426162784538567
0.06529958127996807
0.06634483161293192
0.0673971995842581
0.0684565027193538
0.06952255545943209
0.07059516929314652
0.07167415288929416
0.07275931223056532
0.07385045074825036
0.07494736945774845
0.07604986709485913
0.07715774025276069
0.07827078351955677
0.07938878961635713
0.08051154953575669
0.08163885268068723
0.08277048700351185
0.08390623914528848
0.08504589457512413
0.08618923772953589
0.08733605215169833
0.08848612063051374
0.08963922533940258
0.09079514797469623
0.09195366989356289
0.09311457225133406
0.09427763613814256
0.09544264271474906
0.09660937334745966
0.09777760974200596
0.09894713407628226
0.10011772913181045
0.10128917842381485
0.10246126632978893
0.10363377821642336
0.1048065005647718
0.10597922109353498
0.10715172888032132
0.10832381448076898
0.10949527004541564
0.11066588943415712
0.11183546832821072
0.11300380433943298
0.11417069711688346
0.11533594845052256
0.11649936237192733
0.11766074525190329
0.11881990589491191
0.11997665563018418
0.12113080839945774
0.122282180841205
0.12343059237131028
0.12457586526009062
0.1257178247055906
0.12685629890309963
0.12799111911080938
0.1291221197115933
0.13024913827082496
0.13137201559023198
0.13249059575773767
0.1336047261932772
0.13471425769057746
0.13581904445488638
0.13691894413666245
0.13801381786123942
0.13910353025447525
0.14018794946442018
0.1412669471790304
0.1423403986399872
0.1434081826526456
0.14447018159219338
0.14552628140607046
0.1465763716127246
0.14762034529677653
0.14865809910068567
0.14968953321299566
0.1507145513532605
0.15173306075374596
0.15274497213801785
0.15375019969652037
0.15474866105925306
0.1557402772656724
0.1567249727319299
0.15770267521557152
0.15867331577781965
0.15963682874356624
0.16059315165920682
0.1615422252484411
0.16248399336616637
0.1634184029505997
0.16434540397376132
0.16526494939043485
0.16617699508574899
0.16708149982149964
0.16797842518133657
0.1688677355149496
0.16974939788136584
0.1706233819914834
0.17148966014995948
0.1723482071965672
0.1731990004471307
0.17404201963415394
0.17487724684723963
0.17570466647341013
0.1765242651374163
0.1773360316421447
0.1781399569091983
0.17893603391974527
0.17972425765572056
0.1805046250414472
0.18127713488576694
0.18204178782474015
0.18279858626497594
0.1835475343276717
0.1842886377934005
0.18502190404770946
0.18574734202757573
0.18646496216876574
0.18717477635413568
0.187876797862914
0.18857104132099659
0.18925752265228296
0.18993625903108305
0.19060726883561085
0.19127057160258829
0.19192618798297373
0.19257413969882367
0.19321444950130057
0.1938471411298324
0.19447223927242285
0.19508976952711862
0.19569975836462775
0.19630223309208444
0.19689722181795696
0.197484753418084
0.19806485750283606
0.19863756438538085
0.19920290505104385
0.19976091112774566
0.2003116148574998
0.2008550490689485
0.20139124715092124
0.2019202430269898
0.20244207113099963
0.20295676638355634
0.2034643641694387
0.20396490031591527
0.20445841107194324
0.20494493308821496
0.20542450339803614
0.205897159399
0.20636293883543835
0.206821879781619
0.2072740206256576
0.20771940005413228
0.20815805703735507
0.2085900308152876
0.20901536088407183
0.20943408698314253
0.2098462490829041
0.21025188737294526
0.2106510422507613
0.2110437543109646
0.21143006433495495
0.21181001328103455
0.21218364227492997
0.2125509926007159
0.21291210569210664
0.21326702312409762
0.21361578660493566
0.2139584379684062
0.2142950191664017
0.21462557226176923
0.21495013942141103
0.21526876290962094
0.21558148508164135
0.21588834837742965
0.21618939531561066
0.21648466848760428
0.2167742105519196
0.21705806422859353
0.2173362722937698
0.2176088775743997
0.21787592294305988
0.2181374513128723
0.218393505632518
0.21864412888133808
0.2188893640645067
0.2191292542082774
0.21936384235528805
0.21959317155991878
0.21981728488370159
0.2200362253907688
0.22025003614334118
0.22045876019724645
0.22066244059746748
0.22086112037371397
0.22105484253601543
0.22124365007033012
0.22142758593417297
0.2216066930522547
0.22178101431213051
0.2219505925598628
0.22211547059568645
0.22227569116969073
0.22243129697749797
0.22258233065595762
0.2227288347788441
0.2228708518525591
0.22300842431184653
0.2231415945155112
0.22327040474214874
0.22339489718588515
0.2235151139521265
0.22363109705332085
0.22374288840473644
0.22385052982025072
0.2239540630081623
0.22405352956701477
0.2241489709814477
0.2242404286180633
0.22432794372132583
0.22441155740947816
0.22449131067049574
0.22456724435806216
0.2246393991875869
0.2247078157322488
0.22477253441908382
0.22483359552510704
0.22489103917347708
0.22494490532970665
0.2249952337979125
0.22504206421711773
0.2250854360576023
0.22512538861730305
0.2251619610182693
0.22519519220317116
0.22522512093186686
0.22525178577802785
0.22527522512582313
0.22529547716666737
0.22531257989603223
0.22532657111032026
0.2253374884038098
0.2253453691656629
0.22535025057700386
0.2253521696080723
0.22535116301543898
0.225347267339302
0.22534051890085147
0.2253309537997124
0.22531860791145777
0.22530351688520187
0.22528571614126727
0.22526524086893096
0.22524212602424598
0.22521640632794207
