1.3483804256380571e-6
1.4115150246268425e-6
1.477597327873606e-6
1.5467643739502265e-6
1.6191595298441532e-6
1.694932783247447e-6
1.7742410430210738e-6
1.8572484559449179e-6
1.944126737362314e-6
2.035055516359297e-6
2.130222695695647e-6
2.2298248295305954e-6
2.3340675168366383e-6
2.4431658126081373e-6
2.5573486669674296e-6
2.6768431701114323e-6
2.8018995831279097e-6
2.932775278610206e-6
3.0697394316999703e-6
3.213073557878917e-6
3.3630720676126746e-6
3.520042851221487e-6
3.684307884959763e-6
3.856206604706017e-6
4.0360855070167105e-6
4.2243156069200264e-6
4.421284275060194e-6
4.627389103594895e-6
4.843053460826901e-6
5.068719486120014e-6
5.304842879612829e-6
5.5519087567431394e-6
5.8104178020585066e-6
6.080895642775707e-6
6.36389174402923e-6
6.659980467541538e-6
6.969762177482272e-6
7.293865909775284e-6
7.632944448888412e-6
7.987686260633039e-6
8.358807584554448e-6
8.747054395264192e-6
9.1532117229734e-6
9.578095832120567e-6
0.000010022562185317369
0.000010487503315326828
0.000010973850747250982
0.000011482579945848512
0.00001201470788745626
0.00001257129994981708
0.000013153466032075744
0.000013762366557882626
0.000014399213620254102
0.00001506527398968476
0.000015761869789291498
0.000016490381793397644
0.000017252252628168717
0.000018048987938414206
0.000018882159886992568
0.000019753409991841664
0.00002066445323556802
0.000021617078673025634
0.00002261315393372073
0.000023654629566101465
0.000024743540311333957
0.000025882010321496432
0.000027072256789977927
0.000028316592871147437
0.000029617432222516266
0.000030977293992850035
0.0000323988054703949
0.00003388470823728576
0.000035437861647966715
0.0000370612487917783
0.000038757980104124204
0.000040531300315967084
0.00004238459279685872
0.000044321384921324705
0.00004634535509172458
0.00004846033757581614
0.000050670329626617784
0.000052979497657456675
0.00005539218371986716
0.000057912913416118936
0.000060546401883551936
0.00006329756219353734
0.00006617151280116335
0.0000691735855187989
0.00007230933395634609
0.00007558454220753531
0.00007900523311444487
0.00008257767843531184
0.00008630840735784516
0.000090204217043816
0.00009427218215588141
0.0000985196658123052
0.0001029543300835551
0.00010758414739326736
0.0001124174113322796
0.00011746274950859742
0.0001227291350362384
0.00012822589919246806
0.0001339627448396798
0.00013994975919711652
0.00014619742778363855
0.00015271664897812372
0.00015951874795520858
0.0001666154919142183
0.00017401910563491984
0.00018174228697358352
0.00018979822343095286
0.00019820060858581197
0.0002069636591082219
0.00021610213273168786
0.0002256313458534654
0.00023556719223919524
0.00024592616168568593
0.000256725359575606
0.0002679825266518138
0.0002797160591568545
0.0002919450297248785
0.0003046892084867977
0.00031796908462192853
0.0003318058885825065
0.0003462216144734076
0.00036123904323501384
0.00037688176590693783
0.0003931742074351534
0.0004101416512384143
0.00042781026361742285
0.00044620711903724496
0.0004653602257026551
0.0004852985513453222
0.0005060520497129006
0.0005276516871488714
0.0005501294696737123
0.0005735184703724377
0.0005978528571858646
0.0006231679208208419
0.0006495001032817738
0.0006768870262424118
0.0007053675201051888
0.0007349816529106747
0.0007657707598507574
0.0007977774725650065
0.0008310457488152068
0.000865620902361285
0.0009015496326603004
0.000938880054893281
0.0009776617299471534
0.00101794569431348
0.0010597844900316613
0.0011032321946228421
0.0011483444507670673
0.0011951784959482487
0.001243793191845191
0.0012942490535297034
0.001346608278367651
0.0014009347745951315
0.0014572941895237101
0.001515753937332486
0.0015763832263443593
0.0016392530858352272
0.0017044363922325025
0.0017720078946362313
0.0018420442397086706
0.0019146239957668135
0.0019898276760333075
0.0020677377610321427
0.0021484387200331394
0.0022320170314407764
0.0023185612021020246
0.0024081617854684826
0.0025009113984819286
0.002596904737170906
0.0026962385908221817
0.002799011854686396
0.00290532554110966
0.0030152827890276646
0.003128988871712828
0.0032465512026724984
0.0033680793396561807
0.003493684986623101
0.0036234819936177974
0.0037575863543772496
0.003896116201714858
0.004039191800387797
0.004186935537514498
0.004339471910336031
0.004496927511245385
0.004659431009962479
0.004827113132807159
0.00500010663883774
0.005178546292877514
0.005362568835239057
0.005552312948074943
0.005747919218193239
0.005949530096318646
0.006157289852630272
0.006371344528454618
0.006591841884106583
0.006818931342684658
0.007052763929778393
0.007293492208991656
0.007541270213216108
0.007796253371526524
0.008058598431699086
0.00832846337825533
0.008606007345946182
0.008891390528720945
0.009184774084041464
0.009486320032600318
0.00979619115339746
0.01011455087414704
0.010441563157085875
0.010777392380151884
0.011122203213614408
0.011476160492163906
0.011839429082566862
0.012212173746943628
0.012594559001784501
0.012986748972802872
0.013388907245749029
0.01380119671336178
0.01422377941857972
0.014656816394217738
0.015100467499294707
0.015554891252224414
0.016020244661089617
0.016496683051247046
0.016984359890520773
0.017483426612257567
0.0179940324365121
0.018516324189680453
0.019050446122888993
0.019596539729439505
0.02015474356166619
0.020725193047540454
0.021308020307347512
0.02190335397083529
0.022511318995144795
0.023132036483934616
0.023765623508033285
0.02441219292800116
0.025071853218976654
0.025744708298168613
0.026430857355357884
0.0271303946867788
0.027843409532725197
0.0285699859192387
0.02931020250422168
0.030064132428290005
0.030831843170709382
0.03161339641070567
0.0324088478944584
0.03321824730804358
0.034041638156608225
0.034879057650021375
0.035730536595227826
0.03659609929553686
0.03747576345703279
0.038369540102288456
0.03927743349155142
0.0401994410515343
0.0411355533119387
0.042085753849816936
0.04305001924184819
0.04402831902460068
0.0450206156628174
0.04602686452576162
0.04704701387161581
0.048081004839933425
0.04912877145211061
0.05019024061982404
0.05126533216139082
0.052353958825942036
0.053456026325345664
0.054571433373748764
0.05570007173461863
0.056841826275157034
0.057996575027924845
0.05916418925952849
0.060344533546191535
0.06153746585603205
0.06274283763785873
0.0639604939162896
0.06519027339298343
0.06643200855378525
0.06768552578155788
0.06895064547448945
0.07022718216964462
0.0715149446715438
0.07281373618552758
0.07412335445568391
0.07544359190710585
0.07677423579224382
0.07811506834111706
0.07946586691516438
0.08082640416448554
0.08219644818825804
0.08357576269809526
0.08496410718412041
0.08636123708353204
0.08776690395144791
0.08918085563379824
0.0906028364420658
0.09203258732965185
0.0934698460696725
0.09491434743397097
0.09636582337315
0.09782400319743385
0.09928861375815937
0.10075937962971514
0.10223602329173767
0.10371826531139519
0.10520582452556697
0.1066984182227614
0.10819576232459412
0.10969757156666472
0.1112035596786689
0.11271343956359008
0.1142269234758167
0.11574372319802922
0.11726355021671737
0.11878611589617795
0.12031113165085439
0.12183830911587785
0.1233673603156838
0.1248979978305613
0.12642993496101745
0.12796288588982735
0.12949656584164723
0.13103069124007624
0.13256497986204963
0.13409915098944908
0.1356329255578276
0.13716602630213684
0.13869817789936045
0.14022910710795092
0.14175854290397663
0.14328621661388935
0.1448118620438199
0.14633521560532337
0.14785601643748983
0.1493740065253455
0.15088893081447455
0.15240053732179054
0.15390857724239715
0.1554128050524754
0.15691297860814815
0.15840885924026732
0.15990021184508338
0.1613868049707518
0.16286841089964843
0.16434480572645643
0.16581576943200618
0.1672810859528454
0.16874054324652754
0.17019393335260596
0.17164105244933606
0.17308170090608566
0.17451568333145417
0.17594280861712902
0.1773628899774828
0.17877574498494445
0.1801811956011703
0.18157906820405337
0.18296919361060582
0.18435140709576792
0.1857255484071858
0.18709146177602332
0.1884489959238587
0.18979800406574301
0.19113834390947834
0.19246987765120366
0.19379247196735677
0.19510599800310327
0.19641033135731484
0.19770535206419132
0.19899094457162067
0.20026699771637363
0.2015334046962349
0.20279006303917677
0.20403687456967667
0.20527374537229476
0.20650058575261435
0.20771731019566744
0.20892383732194952
0.2101200898411489
0.21130599450369972
0.21248148205028108
0.21364648715937817
0.21480094839302485
0.21594480814084357
0.21707801256250564
0.2182005115287224
0.21931225856089057
0.22041321076950515
0.22150332879145215
0.22258257672629933
0.22365092207169152
0.2247083356579643
0.2257547915820828
0.2267902671410065
0.22781474276459393
0.22882820194813414
0.2298306311846164
0.23082201989682308
0.23180236036934307
0.23277164768059383
0.23372987963493883
0.23467705669498112
0.2356131819141145
0.23653826086940713
0.2374523015948919
0.23835531451533004
0.23924731238051647
0.24012831020018485
0.24099832517957823
0.24185737665573123
0.2427054860345196
0.2435426767285285
0.24436897409577585
0.24518440537933786
0.24598899964791215
0.24678278773735232
0.2475658021932035
0.2483380772142702
0.24909964859723585
0.24985055368235803
0.25059083130025783
0.25132052171981706
0.25203966659719546
0.25274830892597966
0.253446492988469
0.25413426430810215
0.25481166960302853
0.25547875674082227
0.25613557469433823
0.25678217349870197
0.2574186042094301
0.2580449188616721
0.2586611704305614
0.2592674127926647
0.25986370068851766
0.260450089686228
0.261026636146135
0.26159339718650126
0.2621504306502259
0.26269779507255114
0.26323554964975
0.26376375420876563
0.2642824691777873
0.2647917555577359
0.2652916748946359
0.26578228925285513
0.26626366118917816
0.2667358537277016
0.267198930335517
0.26765295489916024
0.26809799170180465
0.2685341054011698
0.2689613610081229
0.2693798238659505
0.2697895596302721
0.27019063424957473
0.2705831139463444
0.27096706519877156
0.2713425547230054
0.2717096494559377
0.2720684165384917
0.27241892329939693
0.27276123723942636
0.27309542601607867
0.27342155742868207
0.2737396994039044
0.27404991998164935
0.2743522873013184
0.27464686958842593
0.2749337351415481
0.2752129523195884
0.27548458952934896
0.27574871521338734
0.2760053978381502
0.27625470588236595
0.27649670782568864
0.2767314721375758
0.2769590672663937
0.27717956162873675
0.2773930235989512
0.2775995214988541
0.27779912358764103
0.2779918980519683
0.2781779129962102
0.2783572364328768
0.2785299362731905
0.27869608031781384
0.2788557362477231
0.27900897161522253
0.27915585383509467
0.27929645017588384
0.27943082775130923
0.2795590535118008
0.27968119423616083
0.2797973165233439
0.2799074867843579
0.28001177123427784
0.2801102358843787
0.28020294653438016
0.2802899687648046
0.28037136792945044
0.2804472091479744
0.280517557298588
0.28058247701086725
0.280642032658673
0.28069628835318516
0.2807453079360521
0.2807891549726526
0.2808278927454733
0.2808615842476034
0.2808902921763466
0.28091407892695014
0.280933006586454
0.2809471369276614
0.2809565314032313
0.28096125113989306
0.28096135693278684
0.2809569092399289
0.2809479681768054
0.2809345935110927
0.28091684465750927
0.28089478067279683
0.28086846025083445
0.2808379417178854
0.28080328302797797
0.2807645417584216
0.28072177510545965
0.2806750398800582
0.280624392503832
0.28056988900511104
0.2805115850151446
0.28044953576444426
0.2803837960792674
0.2803144203782423
0.28024146266913175
0.28016497654573874
0.2800850151849521
0.2800016313439325
0.27991487735744225
0.27982480513530966
0.2797314661600393
0.2796349114845573
0.27953519173009894
0.27943235708423325
0.2793264572990253
0.27921754168933594
0.27910565913125673
0.2789908580606819
0.2788731864720124
0.27875269191699337
0.2786294215036836
0.2785034218955563
0.2783747393107262
0.2782434195213074
0.2781095078528942
0.2779730491841695
0.2778340879466334
0.2776926681244543
0.2775488332544391
0.2774026264261199
0.27725409028195835
0.2771032670176623
0.2769501983826129
0.27679492568040526
0.27663748976949326
0.27647793106394053
0.27631628953427595
0.2761526047084503
0.2759869156728922
0.27581926107365806
0.27564967911768123
0.27547820757411123
0.275304883775742
0.2751297446205308
0.27495282657319975
0.274774165666924
0.27459379750509755
0.27441175726318023
0.27422807969061946
0.2740427991128472
0.2738559494333481
0.2736675641357977
0.27347767628626657
0.2732863185354913
0.2730935231212063
0.27289932187053756
0.2727037462024527
0.27250682713026947
0.27230859526421575
0.27210908081404245
0.27190831359168555
