0.03098440787608507
0.031082393654912575
0.031180991426169754
0.031280206739706176
0.03138004521704762
0.031480512541655896
0.03158161445985708
0.03168335679348923
0.031785745425012175
0.03188878630265342
0.03199248545100142
0.0320968489634329
0.032201883000878825
0.03230759380185233
0.03241398767381595
0.03252107100291758
0.03262885024570013
0.0327373319423211
0.03284652270679546
0.03295642923038482
0.03306705828553377
0.033178416729457594
0.03329051149856856
0.033403349613516015
0.033516938178810185
0.03363128438862303
0.033746395519449336
0.033862278941322176
0.033978942112946296
0.03409639258248419
0.034214637995257514
0.03433368608611535
0.034453544689968724
0.03457422173688734
0.03469572525573298
0.034818063376562264
0.03494124433091064
0.03506527645580164
0.0351901681900848
0.03531592808280277
0.035442564790415285
0.035570087080225306
0.03569850383137134
0.03582782403910078
0.03595805681245781
0.03608921138031078
0.03622129709070691
0.036354323414073256
0.036488299946006914
0.03662323640784782
0.03675914264924223
0.03689602865120444
0.0370339045281901
0.037172780529818254
0.03731266704453447
0.03745357460023014
0.03759551386935528
0.0377384956683289
0.03788253096421509
0.03802763087320298
0.03817380666673354
0.038321069773286635
0.03846943178103518
0.03861890444138213
0.03876949967169103
0.038921229559355904
0.039074106364245006
0.039228142522231634
0.03938335064968985
0.03953974354603892
0.0396973341975123
0.03985613578177355
0.04001616167127025
0.04017742543730375
0.040339940853995095
0.040503721903283815
0.04066878277851524
0.040835137889212135
0.04100280186612157
0.04117178956541223
0.041342116073441765
0.041513796712746985
0.04168684704624101
0.04186128288294356
0.04203712028340031
0.04221437556534341
0.04239306530939006
0.04257320636504742
0.04275481585685316
0.04293791119034364
0.043122510058855194
0.04330863045006906
0.04349629065245371
0.04368550926270356
0.04387630519269733
0.04406869767656316
0.044262706278759896
0.044458350901408705
0.04465565179220082
0.044854629552764085
0.04505530514680019
0.045257699908755764
0.04546183555234831
0.04566773417974182
0.04587541829059441
0.046084910791386505
0.04629623500514405
0.046509414681056585
0.04672447400467759
0.04694143760800895
0.04716033057998174
0.04738117847714361
0.047604007334428024
0.047828843676313536
0.048055714528063107
0.048284647427219086
0.04851567043519079
0.04874881214920099
0.04898410171429217
0.04922156883554137
0.04946124379053021
0.04970315744179015
0.04994734124955987
0.0501938272847122
0.05044264824158111
0.050693837451194775
0.050947428894432684
0.05120345721529044
0.051461957734299395
0.05172296646186089
0.05198652011179778
0.052252656114695574
0.05252141263149351
0.0527928285667973
0.05306694358228779
0.053343798109992874
0.05362343336547586
0.05390589136082627
0.05419121491751584
0.054479447679088217
0.054770634123479274
0.05506481957520488
0.05536205021709175
0.055662373101774756
0.05596583616273523
0.05627248822485079
0.05658237901452395
0.0568955591692504
0.057212080246588234
0.05753199473252166
0.057855356049071105
0.05818221856125333
0.05851263758314758
0.05884666938320223
0.059184371188536394
0.05952580118835669
0.059871018536294625
0.060220083351675176
0.06057305671961164
0.06093000068994047
0.06129097827480537
0.061656053444990255
0.062025291124782216
0.06239875718541653
0.06277651843699339
0.06315864261878396
0.06354519838792642
0.06393625530638404
0.06433188382618785
0.06473215527280458
0.0651371418266691
0.0655469165027659
0.06596155312824878
0.0663811263180314
0.06680571144829003
0.06723538462788091
0.06767022266757189
0.06811030304711145
0.06855570388006768
0.06900650387642142
0.0694627823029059
0.06992461894102903
0.07039209404284393
0.07086528828435873
0.07134428271669505
0.07182915871490715
0.07231999792450888
0.07281688220575616
0.07331989357563018
0.07382911414762884
0.07434462606935428
0.07486651145794053
0.07539485233339926
0.07592973054991493
0.07647122772513941
0.07701942516758602
0.07757440380218518
0.07813624409406754
0.07870502597068071
0.07928082874233994
0.07986373102127511
0.08045381063934326
0.08105114456445417
0.08165580881586929
0.08226787837847345
0.08288742711617315
0.08351452768451749
0.08414925144270621
0.08479166836512471
0.08544184695251965
0.08609985414300407
0.08676575522300149
0.08743961373831077
0.08812149140541886
0.08881144802323629
0.08950954138538252
0.09021582719321034
0.09093035896968453
0.0916531879742948
0.09238436311913874
0.0931239308863268
0.09387193524685897
0.09462841758110707
0.09539341660105174
0.09616696827440381
0.09694910575073613
0.09773985928976982
0.0985392561919098
0.0993473207311702
0.10016407409058227
0.10098953430020001
0.10182371617778642
0.10266663127228857
0.10351828781017221
0.10437869064469862
0.10524784120820636
0.10612573746747798
0.10701237388222044
0.107907741366732
0.10881182725478546
0.10972461526775779
0.11064608548604012
0.11157621432374645
0.11251497450673068
0.11346233505392073
0.1144182612619674
0.11538271469320519
0.1163556531669081
0.1173370307538225
0.1183267977739645
0.11932490079762754
0.12033128264960082
0.12134588241653038
0.12236863545739647
0.1233994734170618
0.12443832424283133
0.12548511220398112
0.12653975791419783
0.12760217835686727
0.1286722869131588
0.12974999339284027
0.13083520406776103
0.13192782170793974
0.13302774562019226
0.13413487168923363
0.13524909242118935
0.1363702969894473
0.1374983712827898
0.13863319795573387
0.1397746564810233
0.14092262320419877
0.14207697140018832
0.1432375713318565
0.14440429031044671
0.14557699275785982
0.14675554027070428
0.14793979168606808
0.1491296031489465
0.1503248281812731
0.15152531775250164
0.1527309203516784
0.1539414820609552
0.15515684663049345
0.15637685555470046
0.15760134814975307
0.15883016163235328
0.16006313119966992
0.16130009011041097
0.16254086976698076
0.1637852997986709
0.16503320814583064
0.16628442114497252
0.16753876361475395
0.1687960589427913
0.17005612917324311
0.17131879509512196
0.17258387633126426
0.17385119142791605
0.17512055794486717
0.17639179254608175
0.17766471109075968
0.1789391287247697
0.18021485997238965
0.18149171882829188
0.18276951884969939
0.18404807324865272
0.18532719498431371
0.18660669685523115
0.1878863915915026
0.1891660919467511
0.19044561078984187
0.191724761196263
0.19300335653909204
0.19428121057946313
0.1955581375564605
0.19683395227635284
0.198108470201087
0.19938150753595646
0.20065288131636436
0.20192240949359766
0.20318991101952497
0.20445520593014108
0.20571811542787113
0.20697846196255784
0.20823606931104494
0.20949076265528543
0.21074236865888843
0.2119907155420355
0.21323563315469055
0.21447695304802544
0.2157145085440037
0.2169481348030423
0.21817766888969467
0.21940294983629463
0.22062381870449674
0.2218401186446642
0.22305169495305063
0.2242583951267275
0.22546006891621573
0.22665656837577766
0.22784774791133838
0.22903346432600177
0.2302135768631328
0.23138794724698702
0.23255643972086518
0.23371892108277753
0.23487526071861398
0.23602533063280556
0.23716900547648712
0.2383061625731523
0.23943668194182013
0.24056044631771614
0.2416773411704905
0.2427872547199914
0.24389007794961562
0.2449857046172705
0.2460740312639737
0.247154957220131
0.24822838460953067
0.2492942183510947
0.2503523661584392
0.25140273853728606
0.252445248780785
0.253479812962796
0.2545063499291919
0.2555247812872434
0.25653503139314193
0.2575370273377321
0.25853069893051683
0.2595159786819968
0.26049280178442563
0.2614611060910373
0.2624208320938249
0.2633719228999418
0.26431432420679174
0.26524798427588797
0.26617285390554896
0.2670888864025052
0.2679960375524888
0.2688942655898797
0.2697835311664771
0.27066379731947054
0.27153502943867736
0.27239719523311684
0.2732502646969903
0.2740942100751309
0.27492900582798885
0.2757546285962192
0.2765710571649273
0.2773782724276402
0.2781762573500532
0.2789649969336179
0.2797444781790186
0.2805146900495906
0.28127562343473533
0.2820272711133747
0.28276962771749375
0.28350268969581405
0.2842264552776393
0.2849409244369135
0.285646098856527
0.28634198189290266
0.2870285785409032
0.28770589539907576
0.28837394063527505
0.28903272395268187
0.2896822565562423
0.2903225511195498
0.2909536217521896
0.2915754839675577
0.2921881546511761
0.2927916520295103
0.29338599563930556
0.29397120629744555
0.2945473060713464
0.2951143182498851
0.2956722673148719
0.29622117891306554
0.296761079828732
0.29729199795674666
0.29781396227623835
0.29832700282476987
0.29883115067305244
0.2993264379001856
0.2998128975694177
0.30029056370441887
0.30075947126605557
0.3012196561296593
0.30167115506277825
0.3021140057033987
0.3025482465386292
0.30297391688382913
0.30339105686217266
0.30379970738463485
0.30419991013038433
0.3045917075275701
0.3049751427344872
0.30535025962110934
0.3057171027509708
0.3060757173633865
0.3064261493559929
0.3067684452675984
0.30710265226132505
0.307428818108033
0.3077469911700087
0.30805722038490485
0.3083595552499216
0.3086540458062098
0.30894074262349175
0.3092196967848791
0.3094909598718803
0.30975458394958777
0.31001062155202735
0.31025912566766595
0.31050014972506496
0.3107337475786675
0.31095997349471405
0.31117888213727507
0.31139052855439514
0.31159496816433774
0.3117922567419263
0.31198245040497385
0.31216560560079704
0.31234177909280547
0.31251102794716523
0.312673409519529
0.31282898144183385
0.31297780160915506
0.31311992816662343
0.31325541949639424
0.31338433420467166
0.31350673110878713
0.3136226692243248
0.3137322077523034
0.31383540606640475
0.3139323237002546
0.3140230203347549
0.31410755578546934
0.3141859899900619
0.31425838299579173
0.31432479494706517
0.31438528607304755
0.3144399166753382
0.3144887471157099
0.31453183780391697
0.3145692491855742
0.3146010417301115
0.3146272759188071
0.31464801223290223
0.314663311141802
0.31467323309136774
0.314677838492302
0.3146771877086335
0.3146713410463027
0.3146603587418579
0.3146443009512588
0.3146232277387993
0.3145971990661473
0.314566274781512
0.3145305146089379
0.31448997813773183
0.3144447248120296
0.3143948139205015
0.31434030458620393
0.3142812557565825
0.31421772619362637
0.31414977446418024
0.3140774589304181
0.3140008377404815
0.3139199688192844
0.3138349098594904
0.3137457183126645
0.3136524513806005
0.31355516600683053
0.3134539188683163
0.31334876636732534
0.3132397646234953
0.31312696946608903
0.3130104364264388
0.31289022073058664
0.31276637729211804
0.3126389607051948
0.3125080252377814
0.31237362482507514
0.3122358130631329
0.3120946432027002
0.31195016814324067
0.31180244042716737
0.31165151223427545
0.31149743537637803
0.31134026129214215
0.3111800410421272
0.3110168253040235
0.31085066436809244
0.31068160813280504
0.3105097061006804
0.31033500737432007
0.3101575606526416
0.309977414227304
0.3097946159793299
0.3096092133759171
0.30942125346744304
0.3092307828846558
0.3090378478360523
0.3088424941054416
0.3086447670496902
0.3084447115966463
0.30824237224324397
0.308037793053781
0.30783101765836984
0.3076220892515592
0.30741105059112295
0.3071979439970122
0.30698281135047306
0.3067656940933188
0.3065466332273622
0.3063256693139978
0.3061028424739368
0.30587819238708835
0.30565175829258256
0.3054235789889386
0.3051936928343666
0.30496213774720665
0.3047289512064971
0.3044941702526728
0.30425783148838687
0.3040199710794555
0.303780624755919
0.3035398278132208
0.30329761511349546
0.3030540210869685
0.30280907973345844
0.3025628246239845
0.30231528890246995
0.30206650528754503
0.30181650607443866
0.30156532313696416
0.30131298792958683
0.3010595314895792
0.3008049844392538
0.3005493769882751
0.30029273893604375
0.3000350996741552
0.29977648818892355
0.29951693306397426
0.2992564624828969
0.2989951042319591
0.29873288570287837
0.2984698338956465
0.29820597542140936
0.2979413365053905
0.2976759429898672
0.29740982033718644
0.29714299363282454
0.29687548758848537
0.29660732654523553
0.2963385344766737
0.2960691349921319
0.2957991513399086
0.29552860641052653
0.2952575227400182
