0.4592161439534043
0.40722529441542016
0.37078618471720104
0.3425805831381014
0.3195995365134921
0.30026243713078
0.28362276829506594
0.269064241735678
0.2561613091178339
0.24460698749249596
0.23417217180013927
0.22468116095199353
0.21599616658928691
0.20800709482647933
0.20062457232198588
0.19377504796207076
0.18739726697366482
0.18143967851792064
0.17585849395423364
0.1706162084857407
0.16568045912354187
0.16102313090606388
0.15661964916368312
0.15244841312376892
0.1484903382307885
0.14472848303458355
0.14114774254540177
0.13773459432547722
0.13447688679053044
0.13136366156941479
0.12838500355099977
0.1255319135959667
0.1227961999235538
0.12017038497906202
0.11764762520714839
0.11522164164094677
0.11288665960335488
0.11063735611714454
0.10846881386978906
0.10637648077218641
0.10435613431060449
0.10240385002086091
0.10051597352032451
0.0986890956204211
0.09692003011234776
0.0952057938826539
0.09354358906107386
0.09193078694723572
0.09036491349466584
0.08884363616591451
0.08736475198864747
0.08592617667188486
0.08452593465238864
0.08316214996078478
0.081833037808161
0.08053689680179066
0.07927210171247633
0.07803709671695752
0.07683038905277924
0.07565054301767744
0.07449617425881803
0.07336594429167746
0.07225855519383148
0.07117274441778615
0.07010727966623431
0.0690609537650253
0.06803257947435916
0.0670209841648212
0.0660250042730336
0.06504347945512245
0.06407524631460687
0.06311913159529992
0.06217394465725179
0.06123846907108836
0.06031145307695668
0.059391598611668046
0.05847754851707237
0.0575678714479576
0.0566610438306573
0.05575542800366577
0.05484924543079455
0.05394054338881565
0.05302715301662236
0.052106635655029494
0.05117621321209493
0.05023267610234143
0.049272259398403
0.048290472469120806
0.04728185904834241
0.04623964982522778
0.04515524271918336
0.0440173949586529
0.0428109070457313
0.04151435072136868
0.04009584467612867
0.03850438430050404
0.036649388047737846
0.03434088120791635
0.03102950353324597
