0.28533944685947504
0.2595352137228004
0.24052128365165734
0.22548539798932685
0.21308065957810862
0.20255345929283108
0.1934359907285461
0.18541647361732455
0.17827611350940348
0.1718552225162743
0.16603358716320185
0.16071840963745138
0.15583654884259718
0.1513293350890911
0.14714899347860758
0.14325610995585264
0.13961779430031776
0.13620632148444733
0.13299810904157097
0.12997293528975876
0.1271133333388124
0.1244041154670823
0.12183199559443678
0.11938528653798113
0.1170536549588691
0.11482792130017548
0.11269989516226939
0.11066223884746376
0.10870835348656689
0.10683228341056744
0.1050286353712255
0.10329250992867965
0.10161944287183668
0.10000535496072398
0.09844650861005418
0.09693947039246588
0.09548107844493188
0.09406841402509104
0.09269877659503127
0.09136966191551293
0.09007874271902959
0.08882385159970989
0.08760296581507361
0.08641419374146789
0.08525576276376819
0.08412600841197836
0.08302336458407569
0.08194635471673614
0.08089358378421668
0.0798637310212752
0.07885554327917058
0.0778678289347607
0.07689945228193126
0.07594932834232233
0.075016418038684
0.07409972367945886
0.073198284707352
0.0723111736680514
0.07143749235757844
0.07057636810848174
0.06972695017577946
0.06888840618364153
0.06805991859281608
0.0672406811469874
0.06642989525326091
0.06562676624772695
0.06483049949138832
0.06404029623395552
0.06325534917325801
0.062474837625054264
0.06169792220162013
0.0609237388759662
0.06015139228107535
0.05937994805741921
0.058608424015071894
0.05783577981442383
0.05706090478682961
0.05628260340507998
0.055499577762037816
0.054710406207083416
0.053913516998326756
0.05310715541530952
0.05228934218130539
0.051457820169452266
0.05060998505725377
0.04974279358653171
0.04885263993021207
0.0479351855647579
0.04698511951671546
0.04599581105314492
0.04495879005339882
0.043862939087617396
0.04269317722928916
0.0414281878394283
0.04003619376290935
0.03846628631522982
0.03662797019582952
0.03433134402641192
0.03102710185192541
