0.14702907422963393
0.11058990709969005
0.08875445583485839
0.0738688324144802
0.06299326874475213
0.05468617784550147
0.04813842144158293
0.042853996644353146
0.03850919846444044
0.03488260780152985
0.0318171264515723
0.02919797456004304
0.026939249344597935
0.024975354582382897
0.023255338236394106
0.02173903774995831
0.020394387964816622
0.019195499014999017
0.018121257277744347
0.01715428963778351
0.016280185112534474
0.015486901993209267
0.014764310818516941
0.014103838208795925
0.013498186550639916
0.012941111384896868
0.012427243157820692
0.011951943408219208
0.011511187924822301
0.011101471198976594
0.010719727820360873
0.010363267444197572
0.010029720709477805
0.009716994038004426
0.00942323167912045
0.009146783709715453
0.0088861789283284
0.008640101814892755
0.008407372881185893
0.008186931826346742
0.007977823083251439
0.007779183356070552
0.007590230837149677
0.007410255857233753
0.007238612778621136
0.0070747128888354275
0.00691801820359195
0.0067680360446656495
0.006624314278282297
0.0064864370562941216
0.006354021152933957
0.006226712652114645
0.006104184007147333
0.005986131494048549
0.005872272815645479
0.005762345063576246
0.00565610285350328
0.005553316679864285
0.005453771306920455
0.005357264476459486
0.00526360562833709
0.005172614667048676
0.00508412120663372
0.004997963222094375
0.004913986367542659
0.004832042842710778
0.00475199147168278
0.0046736952075567
0.004597022644865767
0.004521845162755366
0.004448037111576717
0.004375476239206508
0.004304040552718468
0.004233608824863651
0.004164060342027114
0.004095271684697944
0.004027120491051478
0.0039594739402356
0.0038922048938392437
0.0038251714050308175
0.0037582256923691967
0.0036912088560446667
0.0036239482680568277
0.0035562532823842463
0.0034879105792335044
0.003418677683981612
0.003348274186994876
0.003276369499836768
0.003202567498252955
0.0031263802034892756
0.003047193667429874
0.002964209411812176
0.002876361310443989
0.0027821310636914043
0.0026793513242552667
0.0025645016728273024
0.00243050994053074
0.002265771303553119
0.0020835388606863345
