0.11385640336171336
0.07984296688669533
0.06104968520786629
0.0489774484257816
0.04057196881740253
0.03440773009355929
0.02971656883719619
0.026044233592957298
0.023103924741542756
0.02070550623648353
0.018718051996220474
0.01704862080681773
0.015629561061838753
0.01441057953340634
0.013353605467869765
0.01242936327184782
0.011615026097442993
0.010892573608831693
0.010247620287194363
0.00966856517045601
0.009145965499850405
0.00867206905502606
0.008240460688610073
0.007845792217866151
0.007483573919788758
0.007150012081076214
0.006841881312287085
0.006556423468016981
0.00629126689065291
0.006044361592797067
0.0058139268405367
0.005598408420751583
0.005396443638006937
0.005206832799249797
0.005028515036262378
0.004860548869897358
0.004702095558293261
0.004552405066002377
0.004410804478574857
0.004276688358609187
0.004149509784905381
0.004028773417613137
0.003914029752290553
0.003804869020976279
0.0037009169472593
0.0036018319189277193
0.0035072985130078123
0.0034170283165451186
0.0033307561203214
0.0032482335936067875
0.0031692332163017088
0.0030935434620582795
0.0030209694084610476
0.002951323958011542
0.0028844395307247236
0.002820158350511092
0.0027583273407468826
0.002698797335203678
0.0026414509021748856
0.0025861566048293646
0.0025327965908059223
0.0024812592519984434
0.002431439000566377
0.0023832352229638696
0.0023365520019928694
0.0022912975491723884
0.0022473847992094
0.002204728881874167
0.0021632487972767364
0.0021228656826027033
0.0020835035159252353
0.0020450875858118917
0.0020075448581580997
0.0019708032943080906
0.0019347930035098207
0.0018994416186766257
0.0018646733596932397
0.0018304225999314363
0.0017966164607645166
0.001763167743575501
0.00173001124350941
0.001697073338842998
0.0016641929695803124
0.0016313844997031752
0.001598364821240593
0.0015650680707429297
0.0015315559506445069
0.001498369764374423
0.0014634997831847935
0.0014271004298589368
0.0013913715105863048
0.0013409357324420117
0.001346504985943437
0.0013009013730427618
0.0012513775448901301
0.0011962597968269496
0.001132596699827657
0.0010542396292031815
0.0009435408925750172
