0.5666087338645268
0.5665935375216048
0.5665782452163624
0.5665628560729786
0.5665473690972164
0.5665317832917268
0.5665160977920614
0.5665003115161912
0.5664844236016721
0.56646843286545
0.5664523383778314
0.5664361389810585
0.566419833737984
0.5664034214106638
0.5663869011242583
0.5663702716183022
0.5663535316961028
0.5663366803904498
0.5663197163463124
0.5663026384926845
0.566285445568076
0.5662681363676219
0.5662507095943858
0.5662331640249934
0.566215498331249
0.5661977112241757
0.5661798013221252
0.566161767322005
0.566143607775762
0.566125321266934
0.5661069064330633
0.5660883617288133
0.5660696856923529
0.5660508767718171
0.5660319334603966
0.5660128541574885
0.5659936372259995
0.5659742810349419
0.5659547839410223
0.5659351441975341
0.5659153600631992
0.5658954297916502
0.5658753515126045
0.5658551234126368
0.5658347435856067
0.5658142100774968
0.5657935209471997
0.5657726741511121
0.5657516676189056
0.5657304992685089
0.5657091669269095
0.5656876683789783
0.5656660013969979
0.5656441636557543
0.5656221528072102
0.565599966403583
0.5655776020181837
0.5655550570790443
0.5655323290127782
0.5655094151611846
0.56548631279541
0.5654630191400299
0.5654395313214691
0.5654158464066231
0.565391961411832
0.5653678732372065
0.5653435787248593
0.5653190746327935
0.5652943576274024
0.5652694243002907
0.5652442711383479
0.5652188945402501
0.5651932908050434
0.5651674561363267
0.5651413866280077
0.5651150782711465
0.5650885269400426
0.5650617284018672
0.5650346782918602
0.5650073721370381
0.5649798053279848
0.5649519731238604
0.5649238706529518
0.5648954928926025
0.564866834690989
0.5648378907297591
0.5648086555430863
0.5647791235030838
0.5647492888136432
0.5647191455087572
0.5646886874446668
0.564657908293402
0.5646268015360515
0.56459536046078
0.5645635781506313
0.5645314474840837
0.5644989611157695
0.5644661114839543
0.5644328907939598
0.564399291014655
0.564365303868657
0.564330920826234
0.5642961330973557
0.5642609316181826
0.5642253070551861
0.5641892497793495
0.5641527498752177
0.5641157971169303
0.5640783809679238
0.5640404905673098
0.5640021147239624
0.5639632419019223
0.5639238602160411
0.5638839574157075
0.5638435208793658
0.5638025376015537
0.5637609941826474
0.5637188768182009
0.5636761712880662
0.5636328629456613
0.5635889367040329
0.5635443770276283
0.56349916792073
0.5634532929105169
0.5634067350422433
0.563359476865361
0.5633115004176303
0.5632627872182028
0.5632133182527357
0.5631630739626399
0.5631120342327389
0.5630601783783732
0.563007485135589
0.5629539326474917
0.5628994984530864
0.5628441594754715
0.5627878920108891
0.5627306717171506
0.562672473602442
0.5626132720143846
0.5625530406306231
0.5624917524472575
0.5624293797690462
0.5623658942015014
0.562301266639906
0.5622354672621633
0.5621684655198026
0.56210023013147
0.5620307290749107
0.5619599295814308
0.5618877981304002
0.5618143004442306
0.5617394014838418
0.5616630654465692
0.5615852557628427
0.5615059350952418
0.5614250653379659
0.561342607617598
0.5612585222945415
0.5611727689662644
0.5610853064707727
0.5609960928923345
0.5609050855678078
0.5608122410944327
0.5607175153391847
0.5606208634492906
0.560522239864591
0.5604215983308964
0.5603188919151763
0.5602140730226388
0.5601070934146731
0.5599979042291753
0.559886456002106
0.5597726986910732
0.5596565817004984
0.5595380539084631
0.5594170636953659
0.5592935589747392
0.5591674872251515
0.559038795524654
0.5589074305863849
0.5587733387965704
0.558636466253725
0.5584967588101477
0.5583541621147449
0.5582086216578663
0.5580600828174166
0.5579084909074884
0.5577537912272604
0.557595929112849
0.557434849989535
0.5572704994260046
0.5571028231900068
0.5569317673047066
0.556757278106985
0.5565793023061841
0.5563977870445117
0.5562126799575966
0.5560239292366281
0.5558314836906171
0.5556352928095393
0.5554353068278439
0.5552314767882505
0.5550237546058452
0.5548120931321545
0.5545964462192037
0.5543767687833283
0.5541530168686315
0.5539251477099647
0.5536931197951562
0.5534568929265612
0.5532164282815479
0.5529716884719079
0.5527226376020259
0.5524692413255716
0.552211466900646
0.5519492832432055
0.5516826609786273
0.5514115724912186
0.5511359919716627
0.5508558954619528
0.5505712608982041
0.5502820681505911
0.5499882990608038
0.5496899374766179
0.5493869692835815
0.5490793824335294
0.5487671669702191
0.5484503150515115
0.5481288209683977
0.5478026811605541
0.5474718942284903
0.5471364609421682
0.5467963842461071
0.5464516692607913
0.546102323280555
0.545748355767745
0.5453897783432153
0.5450266047732082
0.5446588509524922
0.544286534883923
0.5439096766543654
0.5435282984069897
0.5431424243100721
0.5427520805223477
0.5423572951548241
0.5419580982293905
0.5415545216340624
0.541146599075112
0.5407343660260554
0.5403178596737681
0.5398971188616618
0.5394721840301535
0.5390430971545462
0.5386099016803975
0.538172642456585
0.5377313656661928
0.5372861187553035
0.53683695035995
0.5363839102313367
0.5359270491594582
0.5354664188953564
0.5350020720721081
0.5345340621247594
0.5340624432093583
0.5335872701212332
0.5331085982127481
0.5326264833106645
0.5321409816332364
0.5316521497073082
0.5311600442855109
0.5306647222637266
0.5301662405990137
0.529664656228127
0.5291600259868047
0.5286524065299671
0.5281418542529653
0.5276284252140653
0.5271121750582598
0.5265931589425733
0.5260714314629726
0.5255470465830314
0.5250200575644457
0.5244905168995359
0.5239584762458025
0.5234239863626997
0.5228870970506675
0.5223478570925482
0.5218063141974336
0.521262514947052
0.5207165047447849
0.5201683277672752
0.5196180269188261
0.5190656437885317
0.5185112186102271
0.5179547902252852
0.5173963960483225
0.5168360720357711
0.5162738526574037
0.5157097708707853
0.5151438580986719
0.5145761442093506
0.5140066574999257
0.5134354246825136
0.5128624708733769
0.51228781958492
0.5117114927205676
0.5111335105724674
0.5105538918219843
0.5099726535429485
0.5093898112076267
0.5088053786953235
0.5082193683036184
0.507631790762133
0.5070426552487991
0.5064519694085315
0.5058597393742822
0.5052659697903602
0.5046706638379795
0.504073823262946
0.5034754484053947
0.5028755382315226
0.502274090367211
0.5016711011334845
0.5010665655836746
0.5004604775422598
0.49985282964524286
0.49924361338202167
0.49863281913862123
0.49802043624224096
0.49740645300699293
0.4967908567807544
0.4961736339930582
0.49555477020389943
0.49493425015339704
0.4943120578122109
0.4936881764326217
0.493062588600176
0.4924352762858458
0.491806220898573
0.4911754033381253
0.49054280404820233
0.48990840306967276
0.48927218009388823
0.4886341145159713
0.4879941854880184
0.4873523719721261
0.48670865279316416
0.48606300669123453
0.48541541237372343
0.4847658485668979
0.4841142940669559
0.4834607277904837
0.4828051288242371
0.48214747647420425
0.48148775031386376
0.4808259302316116
0.48016199647727076
0.4794959297076501
0.4788277110310876
0.4781573220509511
0.47748474490801285
0.47680996232169753
0.47613295763012486
0.475453714828931
0.47477221860882085
0.4740884543918249
0.47340240836621955
0.47271406752008616
0.47202341967348715
0.4713304535092254
0.47063515860217187
0.46993752544713746
0.46923754548527696
0.4685352111290086
0.4678305157854282
0.46712345387822823
0.466414020868094
0.4657022132715814
0.4649880286784729
0.4642714657676119
0.46355252432121063
0.46283120523764487
0.4621075105427342
0.4613814433995173
0.4606530081165357
0.45992221015463286
0.4591890561322849
0.45845355382948333
0.45771571219017376
0.4569755413232899
0.4562330525023843
0.4554882581638905
0.45474117190404034
0.4539918084744541
0.453240183776439
0.45248631485402263
0.4517302198857463
0.4509719181752578
0.4502114301407272
0.44944877730312566
0.4486839822733978
0.4479170687385639
0.4471480614467901
0.44637698619145594
0.4456038697942698
0.44482874008745826
0.44405162589507285
0.4432725570134582
0.44249156419090885
0.4417086791065694
0.44092393434861027
0.4401373633917137
0.4393490005739301
0.4385588810729195
0.4377670408816409
0.4369735167835186
0.43617834632712604
0.4353815678004342
0.4345832202046554
0.43378334322773043
0.4329819772174918
0.43217916315454574
0.43137494262490966
0.4305693577924425
0.42976245137110747
0.42895426659709734
0.4281448472008682
0.42733423737910675
0.42652248176667046
0.42570962540853363
0.42489571373177104
0.42408079251761227
0.4232649078735945
0.42244810620584744
0.4216304341915371
0.4208119387514965
0.4199926670230712
0.4191726663332047
0.41835198417178887
0.4175306681653037
0.41670876605076884
0.4158863256500298
0.41506339484439575
0.4142400215496542
0.4134162536914794
0.4125921391812449
0.4117677258922719
0.4109430616365112
0.41011819414168876
0.4092931710289166
0.4084680397907883
0.4076428477699681
0.40681764213828453
0.40599246987633536
0.40516737775361855
0.40434241230918816
0.403517619832851
0.40269304634690034
0.401868737588399
0.40104473899201404
0.400221095673401
0.3993978524131462
0.3985750536412685
0.3977527434222744
0.39693096544077533
0.3961097629876607
0.39528917894682486
0.3944692557824521
0.39365003552685024
0.39283155976883194
0.3920138696426416
0.3911970058174195
0.3903810084872051
0.3895659173614632
0.3887517716561416
0.3879386100852371
0.38712647085287993
0.386315391645915
0.3855054096269841
0.38469656142809155
0.38388888314465397
0.38308241033001683
0.3822771779904385
0.38147322058052335
0.3806705719991038
0.37986926558555356
0.37906933411652927
0.3782708098031273
0.37747372428844667
0.37667810864554785
0.37588399337579925
0.3750914084075963
0.37430038309545155
0.37351094621943487
0.37272312598496476
0.37193695002292904
0.3711524453901347
0.3703696385700706
0.36958855547397484
0.3688092214421967
0.36803166124584147
0.3672558990886917
0.3664819586093896
0.36570986288387614
0.364939634428073
0.36417129520079944
0.3634048666069158
0.3626403695006794
0.3618778241893107
0.3611172504367536
0.3603586674676248
0.3596020939713433
0.35884754810642855
0.3580950475049617
0.3573446092772002
0.35659625001633655
0.35584998580339605
0.35510583221225983
0.35436380431481584
0.35362391668621534
0.3528861834102428
0.3521506180847813
0.3514172338273707
0.35068604328085196
0.3499570586190888
0.3492302915527621
0.34850575333523
0.34778345476844846
0.34706340620894344
0.3463456175738326
0.3456300983468895
0.34491685758464347
0.3442059039225121
0.3434972455809594
0.3427908903716772
0.3420868457037819
0.34138511859002324
0.34068571565300354
0.3399886431313985
0.3392939068861776
0.3386015124068222
0.33791146481753304
0.33722376888342864
0.33653842901672676
0.3358554492829079
0.33517483340685833
0.3344965847789868
0.3338207064613158
0.3331472011935401
0.332476071399055
0.3318073191909481
0.3311409463779517
0.33047695447035974
0.32981534468589696
0.32915611795554844
0.32849927492934167
0.32784481598207965
0.32719274121902664
0.3265430504815416
0.32589574335265864
0.3252508191626156
0.32460827699432526
0.32396811568879136
0.323330333850467
0.32269492985255455
0.32206190184224576
0.32143124774590215
0.32080296527417407
0.32017705192705803
0.31955350499889146
0.3189323215832854
0.3183134985779916
0.31769703268970917
0.31708292043882436
0.316471158164085
0.3158617420272142
0.3152546680174549
0.3146499319560511
0.3140475295006645
0.31344745614972375
0.3128497072467114
0.3122542779843821
0.3116611634089195
0.3110703584240248
0.3104818577949428
0.3098956561524217
0.3093117479966098
0.30873012770088687
0.30815078951563313
0.30757372757193324
0.3069989358852188
0.3064264083588456
0.30585613878761186
0.30528812086121154
0.30472234816762855
0.3041588141964683
0.30359751234222915
0.30303843590751506
0.30248157810618787
0.3019269320664599
