0.12862894019474638
0.09313735755177617
0.07272128170215547
0.0592083628092455
0.04956586340768121
0.042344018466386475
0.03674581842615536
0.032291448566446265
0.028672890945047807
0.025682700114771778
0.02317586536210665
0.021047955213210897
0.019221903495124527
0.017639665913216862
0.01625675966916113
0.01503858067619458
0.013957855179917844
0.012992836967090372
0.012126007256516101
0.01134312112960996
0.010632497588996558
0.009984483890529408
0.009391046499797258
0.00884545533303088
0.008342037600730663
0.007875984181885193
0.0074431960491824906
0.007040161542367707
0.006663857601220823
0.006311669745348793
0.005981326878055057
0.005670847831065607
0.005378497326594885
0.0051027495127281
0.004842257607485213
0.004595828544188662
0.00436240168499995
0.004141030879166379
0.0039308692983202964
0.0037311565663837565
0.003541207743497075
0.0033604040016332543
0.003188184538348743
0.0030240397087014387
0.0028675050227239918
0.0027181559988320343
0.0025756035919948603
0.0024394905693865578
0.0023094877219653276
0.0021852912703976294
0.0020666200426853834
0.0019532132688699715
0.0018448285580801745
0.001741239939377079
0.0016422368030884946
0.0015476217731473054
0.0014572102884021505
0.001370829188821631
0.0012883146479115966
0.0012095136280463072
0.0011342810394303115
0.0010624799191372631
0.000993980413378037
0.0009286590476831006
0.0008664001433731659
0.000807093403807016
0.0007506308395410473
0.0006969150035867535
0.0006458487648458535
0.000597340692187519
0.0005513034192658397
0.0005076533649651006
0.0004663105151460995
0.0004271981989560983
0.00039024288378990314
0.0003553739943374473
0.0003225237488221474
0.0002916269842746852
0.0002626210553500552
0.00023544563811791932
0.00021004265634704013
0.00018635615433397078
0.00016433216604257365
0.00014391866615993073
0.00012506541423045953
0.00010772390921074628
0.00009184730858205282
0.00007739031355616504
0.0000643093326417782
0.00005256161651116367
0.00004210624426145726
0.000032904222673962394
0.000024915913903900573
0.00001810494236974336
0.000012436089856831324
7.867571700467509e-6
4.384513222105226e-6
1.975184952412869e-6
4.867158653840799e-7
