0.19858242068825926
0.162685815714065
0.1390415665831524
0.12175981005219509
0.10839379657871961
0.09767170541305627
0.08884510675130726
0.08143636232771136
0.07512247280069467
0.06967524831988366
0.06492785153245409
0.06075487592342372
0.057059877957705424
0.05376725077084571
0.05081674539421998
0.048159669591784846
0.045756184919211934
0.043573343176962105
0.04158363299014588
0.03976388598744358
0.038094441348936636
0.036558499178959536
0.03514161400780122
0.03383129373336864
0.03261667890472978
0.031488283929524845
0.030437786513523007
0.029457855032587212
0.028542006003392725
0.0276844856349773
0.026880170793979714
0.026124485733002877
0.02541333170275729
0.02474302716033333
0.02411025674261053
0.02351202753004233
0.022945631404783992
0.022408612528495953
0.021898739139935855
0.02141397901368719
0.020952478033525276
0.0205125414265953
0.020092617277965297
0.019691282006551136
0.019307227533883187
0.018939249917360894
0.018586239254973855
0.018247170696549093
0.017921096419686103
0.017607138450500995
0.017304482222632787
0.01701237078613089
0.016730099586813086
0.016457011747792953
0.016192493792987074
0.01593597176264692
0.01568690767029755
0.015444796264389528
0.015209162055540248
0.014979556578291111
0.01475555585459643
0.014536758036168397
0.01432278119801933
0.014113261258577533
0.013907850007304927
0.013706213213948028
0.013508028803677307
0.013312985064970523
0.013120778883202145
0.012931113956033724
0.012743698981709864
0.012558245778349809
0.012374467289861947
0.012192075465145984
0.012010778919878671
0.011830280344866816
0.011650273565781593
0.011470440172342784
0.01129044552902654
0.011109934070963851
0.010928523580134929
0.010745798164845539
0.010561299470564842
0.010374515538786116
0.010184866410964617
0.009991685120502686
0.009794192412997489
0.009591461697224484
0.009382370105179868
0.00916552793530361
0.008939172306373415
0.008701003245127925
0.008447917504348508
0.008175546290838796
0.00787740196098843
0.007543128844097795
0.007154378181436922
0.00667278853741111
0.0059879175359953355
