0.8160385936235925
0.7115419231083246
0.6391881605574232
0.5831368202562095
0.5372103669858487
0.49829254023545144
0.46456224100898974
0.43484951041962205
0.40835153444204153
0.3844901521780205
0.36283333709981713
0.34304873714749845
0.32487460348091823
0.3081007617997131
0.29255568718470637
0.2780974486297086
0.26460719588856246
0.2519843680728285
0.24014309923957566
0.22900947536636423
0.2185194091709279
0.20861697133584717
0.199253064267643
0.19038435661074768
0.18197241882359333
0.17398301560220852
0.16638552196192752
0.15915243775954932
0.15225898128048043
0.14568274685117738
0.13940341469194878
0.1334025036945083
0.12766315970073774
0.12216997332209731
0.11690882247990364
0.11186673574358255
0.10703177325412751
0.10239292258635257
0.09794000735814577
0.09366360676210775
0.08955498449324004
0.08560602579003271
0.08180918150636152
0.07815741829673743
0.07464417413431086
0.07126331849505307
0.0680091166368543
0.06487619748234329
0.06185952468171228
0.05895437048892505
0.056156292133171054
0.053461110408727884
0.05086489024170515
0.04836392302241642
0.045954710518171
0.04363395020374469
0.04139852186622758
0.03924547535782112
0.03717201938483782
0.03517551123397529
0.033253447348152936
0.031403454674055406
0.029623282712211138
0.027910796208104525
0.026263968429645144
0.02468087498239013
0.023159688119370643
0.02169867150729611
0.02029617541538142
0.018950632297159695
0.017660552739461717
0.016424521756353564
0.015241195409280442
0.01410929773807606
0.013027617990911273
0.01199500814480261
0.011010380712098089
0.010072706832535517
0.009181014655251323
0.008334388020752773
0.007531965459703882
0.006772939533937773
0.006056556556082296
0.005382116738622858
0.004748974842668244
0.004156541423475203
0.003604284807597026
0.0030917339912192
0.0026184827305614274
0.0021841952197561927
0.0017886139489916913
0.0014315706611118147
0.001113001887128516
0.0008329715693279024
0.0005917052986166506
0.00038964502965236074
0.00022754367129164296
0.0001066494894826774
0.00002914875741819014
