0.7008643716591354
0.5186438700114872
0.4156690375219017
0.3472581137267341
0.2977845072656221
0.2600445441621435
0.23016869421178476
0.20586148021720035
0.18566198924031682
0.16859014297379554
0.15396085493388678
0.1412791636045194
0.130177624121236
0.12037717749875365
0.11166174640734806
0.10386120497145881
0.09683964451367214
0.090487093749375
0.08471355358700373
0.07944461976662501
0.07461821771268373
0.07018213105770002
0.06609210604920748
0.06231038015060267
0.05880452739844826
0.05554654325291879
0.0525121125999185
0.04968001929302387
0.047031666139635095
0.04455068184135945
0.04222259696538273
0.04003457514287977
0.037975188770657524
0.036034230817157314
0.034202556104817504
0.032471946801015825
0.03083499790257367
0.029285019320173033
0.02781595181375052
0.02642229453989697
0.02509904237772355
0.023841631524237208
0.022645892111290374
0.02150800680751097
0.02042447454030382
0.019392078613247793
0.018407858609489833
0.017469085566598916
0.016573239986922828
0.015717992312754326
0.014901185550185665
0.014120819771075857
0.013375038260979893
0.01266211511309885
0.011980444095758259
0.011328528644137914
0.010704972846648099
0.01010847331327612
0.009537811827720618
0.00899184869739788
0.008469516726207004
0.007969815744142975
0.007491807635687148
0.007034611816095533
0.006597401110466049
0.006179397995864018
0.005779871171451045
0.0053981324254260745
0.005033533771318781
0.004685464829284412
0.004353350430907962
0.004036648428297153
0.0037348476909955094
0.003447466275872285
0.003174049757163307
0.0029141697059409197
0.002667422309452717
0.0024334271231072164
0.0022118259489031767
0.0020022818366129125
0.0018044782053579808
0.0016181180859223248
0.0014429234866228486
0.0012786348888375232
0.0011250108827050233
0.0009818279592077677
0.0008488804824748873
0.0007259808777909238
0.000612960087004358
0.00050966836831077
0.0004159765570712047
0.0003317779697439128
0.0002569912454972067
0.00019156462632013307
0.00013548257995891862
0.00008877653840702303
0.000051543631636747386
0.000023983406080277224
6.486219945831862e-6
8.225343381766315e-15
6.365514920677779e-6
0.00002310415053075446
0.000048745857006240206
0.0000824282495813317
0.00012350929544609906
0.00017146953557637483
0.00022586966328276637
0.00028632782150920464
0.0003525058573947049
0.00042410028081708157
0.0005008359494111624
0.0005824614525894332
0.0006687456147129434
0.0007594747688702695
0.0008544505805615223
0.0009534882761270398
0.0010564151763273245
0.0011630694652985316
0.0012732991444657509
0.0013869611341252538
0.00150392049473062
0.001624049746442977
0.0017472282702002337
0.0018733417772759196
0.0020022818366180867
0.00213394545177171
0.002268234680179234
0.0024050562893355725
0.002544321445025312
0.0026859454276054033
0.0028298473730670147
0.0029759500359913165
0.0031241795719741654
0.0032744653374043135
0.0034267397048623758
0.0035809378924318205
0.0037369978057437787
0.003894859891314155
0.004054467000360361
0.004215764261968447
0.004378698964894491
0.004543220447163151
0.004709279992973521
0.0048768307360621144
0.005045827569261831
0.005216227059594879
0.005387987368523139
0.005561068177003725
0.005735430614944592
0.005911037194756336
0.006087851748672796
0.006265839369693176
0.006444966355688945
0.006625200156710285
0.006806509325028105
0.006988863467929818
0.007172233202972836
0.007356590115604168
0.007541906718909305
0.007728156415480029
0.007915313461166772
0.008103352930657328
0.008292250684743374
0.008481983339168974
0.008672528235035884
0.008863863410569942
0.009055967574260953
0.009248820079247787
0.009442400898871859
0.009636690603413926
0.009831670337837675
0.010027321800564197
0.010223627223172514
0.010420569351053219
0.010618131424841
0.010816297162729072
0.011015050743489125
0.011214376790260987
0.011414260355016647
0.011614686903666543
0.011815642301823446
0.012017112801118746
0.012219085026111253
0.01242154596171985
0.012624482941174835
0.012827883634436965
0.013031736037090506
0.01323602845969023
0.013440749517506801
0.013645888120682716
0.01385143346477619
0.014057375021646897
0.014263702530743487
0.014470405990645873
0.01467747565100045
0.014884902004701835
0.015092675780418195
0.015300787935338263
0.01550922964824303
0.015717992312760786
