0.033365599777237964
0.03350722476900179
0.033649910142458626
0.03379366488836515
0.03393849800898481
0.03408441853426389
0.03423143559841523
0.03437955831801609
0.03452879585720797
0.03467915744016797
0.034830652269566775
0.034983289633853665
0.03513707887620875
0.0352920292675229
0.0354481502237988
0.035605451126522865
0.03576394139314486
0.03592363047035707
0.03608452782969413
0.03624664296307164
0.03640998539337305
0.0365745646545696
0.03674039029059749
0.03690747188204455
0.03707581900779189
0.03724544127366687
0.03741634829500915
0.03758854968900271
0.037762055092076294
0.03793687414352386
0.038113016500115664
0.038290491801884215
0.038469309718817915
0.03864947990347737
0.038831012016820064
0.03901391571878654
0.03919820066444444
0.0393838765088
0.03957095290173281
0.03975943947899907
0.03994934588013076
0.0401406817259894
0.040333456630151074
0.04052768019341578
0.04072336200427911
0.04092051163161039
0.041119138632942864
0.04131925254515342
0.0415208628878037
0.04172397915537637
0.04192861082628464
0.042134767349466924
0.04234245815148401
0.04255169263326313
0.042762480165035296
0.04297483008748363
0.04318875171248446
0.0434042543151359
0.043621347138896004
0.04384003938818084
0.04406034022940961
0.044282258788014735
0.04450580414741284
0.04473098534520532
0.04495781137119097
0.04518629116576185
0.04541643361649351
0.04564824755471122
0.04588174175396606
0.04611692492461946
0.046353805712763124
0.04659239269460783
0.04683269437314119
0.04707471917423795
0.04731847544198294
0.04756397143301564
0.047811215312409165
0.04806021514784406
0.04831097890393008
0.048563514435141314
0.04881782948079674
0.0490739316568143
0.04933182844868692
0.04959152720432784
0.04985303512492808
0.050116359257198255
0.0503815064835398
0.05064848351335238
0.050917296872501724
0.0511879528932195
0.051460457702987676
0.0517348172136638
0.0520110371094487
0.05228912283478366
0.05256907958191453
0.05285091227766967
0.05313462557018141
0.05342022381526947
0.05370771106201554
0.05399709103850561
0.05428836713701006
0.054581542398964095
0.05487661949956184
0.05517360073233469
0.055472487993592126
0.055773282766305915
0.05607598610457307
0.05638059861740887
0.05668712045297625
0.056995551282661545
0.05730589028537048
0.057618136131932764
0.0579322869697792
0.05824834040785533
0.058566293501954685
0.058886142740422046
0.059207884030287115
0.05953151268408018
0.05985702340707709
0.0601844102853403
0.06051366677439195
0.06084478568876166
0.0611777591922975
0.061512578789503426
0.06184923531774023
0.06218771894046855
0.06252801914165686
0.06287012472121231
0.06321402379162355
0.06355970377587783
0.06390715140657535
0.06425635272635616
0.06460729308968728
0.06495995716598542
0.06531432894412842
0.06567039173836305
0.06602812819565049
0.06638752030440692
0.06674854940467825
0.06711119619976193
0.06747544076921776
0.06784126258329125
0.06820864051872215
0.06857755287591565
0.06894797739743048
0.06931989128778014
0.06969327123447652
0.07006809343028328
0.07044433359662121
0.07082196700809339
0.07120096851803098
0.07158131258504007
0.07196297330043135
0.07234592441650668
0.07273013937561493
0.07311559133985293
0.07350225322141272
0.07389009771341362
0.07427909732118257
0.07466922439386818
0.07506045115630981
0.07545274974106364
0.07584609222051066
0.07624045063893133
0.07663579704447548
0.07703210352092554
0.07742934221916566
0.07782748538826649
0.07822650540610986
0.07862637480944111
0.0790270663232954
0.0794285528896998
0.07983080769558139
0.08023380419979739
0.08063751615922878
0.0810419176538606
0.08144698311078884
0.08185268732709779
0.08225900549154
0.08266591320499349
0.08307338649962022
0.08348140185671064
0.08388993622316054
0.08429896702655935
0.08470847218886306
0.08511843013862465
0.08552881982177314
0.0859396207109262
0.08635081281323431
0.08676237667675363
0.08717429339535188
0.08758654461215436
0.087999112521551
0.08841197986977743
0.08882512995408713
0.08923854662056098
0.08965221426055849
0.09006611780587138
0.09048024272260255
0.09089457500381667
0.09130910116101117
0.09172380821444952
0.09213868368241708
0.09255371556944315
0.09296889235355435
0.0933842029726112
0.09379963680978963
0.09421518367827064
0.09463083380519587
0.09504657781495912
0.09546240671189121
0.09587831186240753
0.09629428497668002
0.096710318089902
0.0971264035432055
0.09754253396430043
0.09795870224789453
0.09837490153595904
0.09879112519790101
0.09920736681070026
0.09962362013907525
0.10003987911572579
0.10045613782171774
0.10087239046705417
0.1012886313714897
0.10170485494563668
0.10212105567240472
0.1025372280888258
0.10295336676830025
0.1033694663033046
0.10378552128860252
0.10420152630498462
0.10461747590357678
0.10503336459073905
0.10544918681358643
0.1058649369461519
0.10628060927621093
0.10669619799279112
0.10711169717437347
0.10752710077780674
0.10794240262793876
0.10835759640797347
0.10877267565055974
0.10918763372961378
0.1096024638528755
0.11001715905519215
0.11043171219253402
0.11084611593672541
0.1112603627708868
0.11167444498557931
0.11208835467563262
0.1125020837376484
0.11291562386815654
0.11332896656241088
0.11374210311380308
0.11415502461387264
0.11456772195289228
0.114980185821003
0.11539240670987672
0.11580437491487712
0.11621608053769453
0.11662751348942624
0.1170386634940722
0.11744952009241925
0.11786007264628293
0.11827031034307475
0.11868022220066808
0.11908979707252779
0.11949902365307541
0.11990789048325591
0.12031638595627717
0.12072449832348774
0.12113221570036632
0.12153952607258746
0.12194641730213543
0.12235287713343483
0.12275889319947193
0.12316445302786914
0.12356954404689587
0.1239741535913783
0.12437826890848522
0.12478187716336421
0.1251849654446023
0.1255875207694859
0.12598953008903976
0.1263909802928195
0.12679185821344133
0.12719215063082323
0.12759184427612727
0.12799092583537958
0.1283893819527557
0.12878719923351578
0.12918436424657997
0.12958086352672854
0.12997668357641975
0.13037181086721844
0.13076623184082595
0.1311599329097085
0.13155290045732096
0.13194512083792137
0.13233658037598134
0.13272726536518806
0.13311716206704585
0.13350625670907657
0.13389453548263247
0.1342819845403205
0.1346685899930551
0.1350543379067448
0.13543921429862657
0.1358232051332631
0.13620629631821402
0.1365884736994014
0.13696972305618296
0.13735003009615485
0.13772938044970162
0.1381077596643147
0.13848515319870014
0.1388615464167009
0.13923692458105275
0.13961127284700253
0.13998457625580973
0.1403568197281591
0.14072798805750952
0.14109806590340482
0.1414670377847743
0.14183488807324843
0.14220160098651796
0.14256716058176283
0.14293155074917802
0.14329475520562315
0.14365675748842235
0.14401754094934205
0.14437708874877048
0.14473538385012621
0.14509240901452086
0.14544814679569879
0.14580257953527892
0.1461556893583222
0.14650745816924332
0.14685786764809403
0.14720689924723201
0.1475545341883992
0.14790075346022452
0.14824553781617142
0.14858886777294247
0.14893072360935972
0.14927108536573006
0.14960993284371155
0.14994724560669007
0.15028300298067515
0.1506171840557243
0.1509497676879028
0.1512807325017845
0.1516100568934964
0.15193771903431139
0.1522636968747912
0.15258796814947667
0.15291051038212744
0.15323130089150558
0.15355031679770328
0.1538675350290021
0.15418293232926805
0.1544964852658618
0.15480817023806892
0.15511796348602772
0.1554258411001517
0.1557317790310312
0.15603575309980014
0.1563377390089564
0.15663771235361754
0.15693564863319667
0.157231523263484
0.15752531158911065
0.1578169888963819
0.15810653042645803
0.1583939113888617
0.15867910697529372
0.15896209237373488
0.15924284278281328
0.15952133342641348
0.15979753956850712
0.1600714365281827
0.1603429996948482
0.1606122045435888
0.1608790266506532
0.16114344170904435
0.1614054255441952
0.16166495412970344
0.16192200360310172
0.16217655028164243
0.16242857067807243
0.16267804151637547
0.16292493974746017
0.16316924256477164
0.16341092741980345
0.1636499720374906
0.16388635443146102
0.1641200529191244
0.16435104613658108
0.16457931305332887
0.16480483298674783
0.16502758561634873
0.16524755099776212
0.1654647095764546
0.1656790422011543
0.16589053013696922
0.1660991550781821
0.16630489916071045
0.1665077449742148
0.16670767557384375
0.1669046744915999
0.16709872574732157
0.1672898138592622
0.16747792385426175
0.1676630412774985
0.16784515220181334
0.16802424323659892
0.16820030153624463
0.16837331480813453
0.16854327132018668
0.16871015990793684
0.16887396998115467
0.1690346915299924
0.1691923151306662
0.16934683195066103
0.16949823375346412
0.1696465129028237
0.16979166236653193
0.16993367571973608
0.17007254714777625
0.1702082714485524
0.1703408440344235
0.17047026093364298
0.17059651879133284
0.17071961487000054
0.17083954704960508
0.17095631382717577
0.17106991431599236
0.17118034824432882
0.17128761595377143
0.17139171839711662
0.17149265713585715
0.17159043433726226
0.17168505277106327
0.17177651580575334
0.17186482740450695
0.17194999212073384
0.17203201509327112
0.17211090204123
0.1721866592585013
0.17225929360793502
0.17232881251520102
0.17239522396234452
0.1724585364810442
0.17251875914558848
0.1725759015655764
0.1726299738783566
0.17268098674121765
0.17272895132333735
0.17277387929750526
0.17281578283162996
0.17285467458003884
0.17289056767458974
0.17292347571559594
0.1729534127625835
0.17298039332489085
0.17300443235211765
0.17302554522444058
0.17304374774280123
0.17305905611898129
0.17307148696557445
0.1730810572858637
0.17308778446361855
0.17309168625281873
0.17309278076731757
0.17309108647045243
0.17308662216461437
0.17307940698078494
0.17306946036805052
0.17305680208310303
0.17304145217973618
0.1730234309983449
0.17300275915543914
0.17297945753317723
0.17295354726892886
0.17292504974487424
0.17289398657764865
0.17286037960803777
0.17282425089073208
0.17278562268414657
0.17274451744031238
0.1727009577948471
0.17265496655700896
0.17260656669984234
0.1725557813504171
0.17250263378016997
0.17244714739535133
0.17238934572758371
0.17232925242453423
0.17226689124070693
