0.02410535570295726
0.024182370648316062
0.024259872121363567
0.02433786176835893
0.02441631690327237
0.02449527378015498
0.024574746528325933
0.024654738613171724
0.02473519761434878
0.024816189411608448
0.02489767818255775
0.024979733850116714
0.02506230627341294
0.025145414015634474
0.025229028216052374
0.02531321343794314
0.02539793418265545
0.025483220746658732
0.025569058315234875
0.02565547136359297
0.02574243650844684
0.02582997635641401
0.0259180985673343
0.02600680565660358
0.02609610174534946
0.026185996931587716
0.02627648656874863
0.02636758321191954
0.026459295581642225
0.02655162560709112
0.02664456763196083
0.02673814725190216
0.0268323653293067
0.02692721824447398
0.02702271693477739
0.027118870360461053
0.02721568109876953
0.027313157500607026
0.027411304029150995
0.02751013180155897
0.027609639703913336
0.02770983746927459
0.027810734912078115
0.027912333025385035
0.02801464035343112
0.02811766619903319
0.028221414701588596
0.028325892144039404
0.028431107996639067
0.028537067257116792
0.028643775994844058
0.028751243670704443
0.02885947679206906
0.028968481845028503
0.029078266431827295
0.029188838280252805
0.029300204148832994
0.029412371462594778
0.02952534812161141
0.029639142821211023
0.029753761553712614
0.02986921246593318
0.029985503917997623
0.030102643758899424
0.030220639896327787
0.03033950044339743
0.03045923323191435
0.03057984659986422
0.030701349078685877
0.03082374852808049
0.030947053803562722
0.03107127327394934
0.031196415334058
0.03132248873602619
0.03144950216804536
0.03157746439103193
0.03170638434624848
0.03183627084661259
0.03196713288915677
0.0320989796009138
0.03223182001940471
0.03236566345757783
0.03250051911911753
0.03263639636287627
0.03277330452367498
0.03291125316294082
0.03305025183244694
0.033190310116912494
0.03333143776370592
0.033473644398565976
0.03361693997105006
0.03376133430663988
0.033906837354759245
0.034053459162283105
0.03420120979368616
0.034350099405931034
0.03450013819847505
0.034651336452760355
0.03480370452743305
0.034957252775389205
0.03511199166339353
0.03526793172985889
0.03542508353418677
0.03558345771598076
0.03574306496719681
0.03590391603644703
0.03606602171705204
0.03622939288388915
0.036394040427625715
0.036559975316982615
0.036727208574671495
0.03689575124905061
0.03706561446620656
0.037236809377079946
0.037409347189851526
0.03758323917377248
0.03775849660551334
0.03793513084152873
0.03811315326746777
0.03829257530071383
0.0384734084096625
0.03865566409718374
0.038839353908122896
0.03902448941585072
0.03921108224066566
0.039399144020928506
0.03958868643980062
0.039779721206014536
0.03997226006105939
0.04016631476807578
0.04036189712754459
0.040559018955961514
0.040757692098921196
0.040957928422863187
0.041159739816802696
0.041363138185358
0.041568135455140105
0.04177474356689193
0.041982974476843474
0.04219284015270151
0.042404352573132846
0.04261752372591382
0.042832365604404135
0.04304889020873803
0.043267109539350264
0.04348703559671664
0.043708680380290535
0.04393205588241532
0.04415717408830126
0.044384046971725086
0.04461268649165243
0.04484310459039302
0.04507531318824638
0.04530932417975633
0.04554514943108147
0.045782800773878606
0.04602229000183703
0.0462636288644473
0.04650682906310349
0.046751902244336806
0.04699885999358278
0.04724771382943819
0.04749847519649979
0.047751155457458984
0.04800576588622811
0.04826231765869503
0.04852082184446128
0.04878128939732385
0.049043731145459624
0.049308157780921215
0.04957457984879216
0.049843007735129
0.050113451655366646
0.050385921641040964
0.0506604275267682
0.05093697893536906
0.05121558526428738
0.051496255669308794
0.05177899904897181
0.05206382402798134
0.05235073893992241
0.05263975180937113
0.05293087033349757
0.05322410186326766
0.053519453383372224
0.05381693149272919
0.054116542383532286
0.054418291820422196
0.054722185118887
0.0550282271236766
0.05533642218637166
0.0556467741432705
0.05595928629268646
0.056273961372226476
0.05659080153596932
0.05690980833168189
0.057230982678050324
0.0575543248421907
0.05787983441719155
0.05820751030022384
0.05853735067083031
0.05886935296990062
0.059203513879130566
0.059539829301282224
0.059878294341051616
0.06021890328705047
0.06056164959459374
0.060906525869655205
0.06125352385395353
0.06160263441132288
0.06195384751548626
0.06230715223918337
0.06266253674490338
0.06301998827723194
0.06337949315685554
0.0637410367763876
0.06410460359794444
0.06447017715272842
0.06483774004244658
0.06520727394279652
0.065578759608978
0.06595217688326488
0.06632750470465812
0.06670472112066536
0.06708380330119922
0.06746472755456934
0.06784746934560448
0.0682320033158203
0.06861830330566725
0.06900634237880494
0.0693960928482993
0.06978752630477217
0.07018061364637358
0.07057532511052605
0.07097163030737111
0.07136949825479916
0.07176889741498035
0.07216979573229582
0.07257216067255955
0.07297595926339064
0.0733811581356334
0.0737877235657006
0.07419562151868841
0.07460481769214254
0.07501527756032496
0.07542696641884959
0.07583984942953985
0.07625389166535856
0.07666905815527388
0.07708531392891285
0.0775026240608578
0.07792095371444473
0.07834026818493504
0.07876053294190814
0.07918171367075134
0.07960377631313437
0.08002668710630254
0.0804504126211368
0.08087491979880071
0.0813001759859206
0.08172614896817783
0.0821528070022254
0.08258011884584782
0.08300805378629224
0.08343658166669511
0.08386567291055484
0.08429529854419404
0.08472543021716941
0.08515604022060407
0.08558710150340272
0.08601858768635111
0.08645047307407709
0.08688273266488443
0.08731534215846104
0.08774827796148633
0.08818151719115368
0.08861503767664566
0.08904881795860463
0.08948283728663478
0.08991707561489884
0.09035151359586256
0.0907861325722521
0.09122091456729922
0.09165584227333713
0.09209089903884528
0.0925260688540041
0.09296133633486403
0.09339668670620971
0.09383210578321241
0.09426757995196623
0.09470309614900561
0.0951386418398947
0.09557420499699466
0.09600977407650195
0.0964453379948533
0.09688088610460117
0.0973164081698501
0.09775189434135394
0.09818733513136013
0.09862272138830204
0.09905804427141847
0.09949329522539518
0.09992846595510556
0.100363548400537
0.10079853471197195
0.10123341722550733
0.10166818843897257
0.10210284098831998
0.10253736762454485
0.10297176119119501
0.10340601460252467
0.10384012082233905
0.10427407284357984
0.10470786366868935
0.10514148629079045
0.10557493367571583
0.10600819874491661
0.10644127435926924
0.10687415330380783
0.1073068282733927
0.1077392918593284
0.10817153653694231
0.1086035546541231
0.10903533842082636
0.10946687989953924
0.10989817099670073
0.11032920345506851
0.11075996884701929
0.11119045856876897
0.11162066383549196
0.11205057567732078
0.11248018493620542
0.11290948226360116
0.11333845811896345
0.11376710276901691
0.11419540628776773
0.11462335855722786
0.11505094926881557
0.11547816792539702
0.1159050038439317
0.11633144615868339
0.1167574838249602
0.11718310562334017
0.1176083001643465
0.11803305589352822
0.11845736109690864
0.11888120390675799
0.1193045723076509
0.11972745414276587
0.12014983712038907
0.12057170882057816
0.12099305670194906
0.12141386810854467
0.12183413027674936
0.12225383034220548
0.12267295534670286
0.12309149224499798
0.1235094279115308
0.1239267491470087
0.1243434426848165
0.12475949519723054
0.12517489330139997
0.1255896235650709
0.12600367251202504
0.1264170266272076
0.12682967236152085
0.12724159613626143
0.127652784347183
0.128063223368162
0.12847289955445507
0.12888179924552973
0.12928990876745683
0.12969721443485543
0.13010370255237927
0.13050935941573932
0.13091417131225827
0.13131812452095068
0.13172120531213333
0.13212339994656164
0.1325246946740989
0.13292507573191997
0.13332452934225994
0.1337230417097133
0.13412059901809423
0.13451718742687263
0.13491279306719753
0.13530740203752348
0.13570100039885805
0.13609357416964815
0.13648510932032606
0.1368755917675353
0.1372650073680604
0.1376533419124839
0.13804058111859427
0.13842671062457348
0.13881171598198913
0.13919558264861848
0.13957829598113566
0.13995984122768687
0.1403402035203886
0.14071936786777264
0.14109731914721443
0.14147404209737097
0.1418495213106603
0.14222374122581474
0.14259668612053575
0.14296834010428305
0.14333868711122716
0.14370771089339415
0.14407539501403518
0.14444172284124332
0.14480667754185358
0.14517024207564505
0.14553239918987784
0.14589313141418686
0.14625242105585815
0.14661025019550947
0.14696660068319958
0.14732145413498565
0.14767479192994792
0.14802659520770234
0.14837684486641553
0.14872552156133959
0.14907260570387887
0.1494180774612048
0.14976191675642603
0.15010410326932702
0.1504446164376801
0.15078343545914033
0.15112053929372765
0.15145590666689826
0.1517895160732086
0.15212134578057318
0.15245137383511403
0.1527795780665989
0.1531059360944654
0.1534304253344262
0.15375302300564617
0.15407370613848487
0.15439245158279624
0.15470923601677147
0.15502403595631534
0.15533682776494254
0.15564758766417885
0.1559562917444529
0.15626291597646014
0.15656743622298352
0.1568698282511516
0.15717006774511472
0.1574681303191189
0.15776399153095816
0.1580576268957812
0.15834901190023293
0.15863812201690672
0.15892493271908517
0.15920941949574294
0.15949155786679287
0.15977132339854647
0.16004869171936595
0.16032363853548354
0.16059613964696304
0.16086617096377764
0.1611337085219805
0.16139872849994288
0.16166120723463406
0.16192112123792
0.16217844721285463
0.16243316206994107
0.16268524294333778
0.16293466720698738
0.1631814124906425
0.16342545669576958
0.16366677801130447
0.16390535492924113
0.16414116626003022
0.16437419114776766
0.16460440908515322
0.16483179992819924
0.16505634391067076
0.165278021658239
0.16549681420233137
0.16571270299365906
0.16592566991541
0.16613569729608774
0.16634276792198568
0.16654686504927813
0.16674797241572253
0.1669460742519522
0.16714115529235513
0.16733320078552436
0.16752219650427277
0.16770812875520083
0.1678909843878115
0.16807075080316414
0.16824741596205975
0.16842096839275542
0.1685913971981973
0.16875869206277508
0.16892284325858797
0.16908384165122442
0.16924167870505172
0.16939634648801286
0.1695478376759355
0.16969614555634616
0.16984126403179767
0.16998318762270562
0.17012191146970168
0.17025743133550142
0.1703897436062951
0.17051884529266187
0.17064473403001448
0.17076740807857912
0.17088686632291575
0.17100310827098672
0.17111613405277828
0.1712259444184857
0.17133254073626572
0.1714359249895682
0.17153609977405318
0.171633068294104
0.1717268343589436
0.1718174023783673
0.17190477735809745
0.1719889648947745
0.1720699711705917
0.1721478029475863
0.1722224675615984
0.1722939729159049
0.1723623274745459
0.17242754025534962
0.1724896208226706
0.1725485792798515
0.17260442626142122
0.17265717292503896
0.17270683094320083
0.17275341249471468
0.17279693025596082
0.17283739739194587
0.17287482754716604
0.17290923483628734
0.17294063383465802
0.17296903956866297
0.1729944675059322
0.17301693354541503
0.17303645400733142
0.1730530456230117
0.1730667255246353
0.17307751123487986
0.1730854206564918
0.17309047206178896
0.173092684082104
0.1730920756971817
0.17308866622453825
0.17308247530879178
0.17307352291097622
0.17306182929784505
0.1730474150311761
0.17303030095708488
0.17301050819535557
0.17298805812879953
0.17296297239264585
0.17293527286397614
0.17290498165120738
0.17287212108363317
0.1728367137010288
0.17279878224332654
0.17275834964037018
0.17271543900175146
0.1726700736067378
0.17262227689429568
0.1725720724532145
0.17251948401233744
0.17246453543090373
0.1724072506890064
0.1723476538781719
0.17228576919206262
0.17222162091731194
0.17215523342448572
0.1720866311591866
0.17201583863329262
0.17194288041634057
0.17186778112705278
0.17179056542501359
0.1717112580024934
0.171629883576427
0.17154646688054265
0.17146103265765114
0.1713736056520885
0.17128421060231747
0.17119287223369076
0.17109961525137185
0.17100446433341904
0.17090744412403006
0.1708085792269492
0.17070789419903662
0.17060541354400072
0.17050116170629193
0.17039516306515878
0.17028744192886575
0.17017802252907344
0.17006692901537732
