0.009748295700328445
0.009779794638526053
0.009811494092372645
0.009843395908713108
0.0098755019560138
0.009907814124518192
0.009940334326646143
0.009973064497341469
0.010006006594243678
0.010039162598197263
0.010072534513502745
0.010106124368249298
0.010139934214723981
0.010173966129741141
0.010208222214991063
0.01024270459745264
0.01027741542978278
0.010312356890632158
0.010347531185178793
0.01038294054542886
0.010418587230683738
0.010454473527970019
0.010490601752468288
0.0105269742479672
0.010563593387349203
0.010600461573030564
0.010637581237477621
0.010674954843693487
0.010712584885734743
0.010750473889212537
0.01078862441187001
0.010827039044130812
0.010865720409619002
0.01090467116581162
0.010943894004590806
0.010983391652907336
0.011023166873356168
0.011063222464877344
0.011103561263419402
0.011144186142609638
0.011185100014519663
0.011226305830336814
0.011267806581166839
0.011309605298800202
0.011351705056526188
0.011394108969945799
0.01143682019786128
0.011479841943130129
0.011523177453592222
0.011566830023036554
0.011610802992136997
0.011655099749496294
0.01169972373266886
0.0117446784292511
0.011789967377990481
0.011835594169953374
0.011881562449689449
0.011927875916519306
0.011974538325755778
0.012021553490079257
0.012068925280889828
0.012116657629728453
0.012164754529761148
0.012213220037302236
0.012262058273401303
0.012311273425484584
0.012360869749062435
0.012410851569489045
0.012461223283801446
0.012511989362619077
0.012563154352106474
0.01261472287603528
0.012666699637892813
0.012719089423089813
0.012771897101246
0.012825127628560253
0.012878786050273608
0.01293287750321943
0.012987407218475862
0.01304238052412049
0.013097802848075591
0.013153679721076207
0.013210016779740793
0.013266819769759281
0.013324094549204581
0.013381847091954217
0.01344008349126174
0.013498809963440129
0.013558032851688606
0.013617758630068793
0.013677993907606387
0.013738745432567678
0.013800020096869273
0.013861824940658829
0.013924167157055821
0.013987054097059103
0.014050493274635395
0.014114492371973614
0.014179059244930507
0.014244201928660034
0.01430992864343709
0.014376247800671704
0.014443168009127469
0.014510698081347308
0.01457884704027846
0.014647624126119887
0.014717038803381622
0.014787100768163502
0.014857819955655653
0.014929206547869599
0.015001270981595247
0.015074023956585525
0.015147476443978711
0.015221639694954287
0.01529652524961971
0.015372144946138777
0.015448510930090252
0.01552563566406498
0.01560353193749429
0.01568221287671059
0.015761691955237328
0.015841983004299946
0.015923100223563084
0.01600505819207566
0.016087871879430414
0.016171556657118603
0.0162561283100819
0.016341603048439884
0.01642799751939477
0.01651532881929054
0.016603614505817276
0.016692872610346594
0.016783121650376227
0.016874380642072112
0.01696666911288248
0.017060007114204963
0.01715441523408266
0.017249914609903275
0.01734652694107609
0.017444274501655522
0.017543180152881487
0.017643267355603707
0.017744560182553725
0.017847083330429902
0.017950862131754116
0.018055922566460138
0.018162291273169748
0.018269995560112648
0.01837906341564096
0.01848952351828972
0.018601405246334052
0.018714738686784218
0.018829554643771236
0.018945884646258092
0.019063760955023604
0.01918321656885746
0.019304285229901626
0.01942700142807915
0.019551400404545772
0.019677518154094065
0.019805391426453007
0.01993505772640791
0.02006655531267906
0.020199923195490747
0.02033520113276284
0.020472429624859737
0.02061164990783067
0.020752903945077547
0.020896234417384155
0.021041684711250442
0.02118929890546692
0.0213391217558762
0.021491198678265464
0.021645575729340286
0.021802299585730968
0.02196141752098931
0.022122977380538023
0.022287027554534686
0.022453616948626996
0.022622794952570306
0.022794611406696974
0.022969116566219933
0.023146361063370362
0.02332639586737314
0.02350927224226782
0.023695041702594597
0.023883755966974545
0.024075466909611102
0.02427022650976589
0.024468086799250673
0.024669099808004854
0.024873317507819504
0.025080791754293476
0.025291574227103087
0.025505716368686916
0.025723269321445228
0.02594428386357201
0.02616881034363975
0.026396898614066987
0.026628597963607697
0.026863957049008978
0.027103023825987338
0.02734584547968532
0.027592468354773487
0.02784293788536974
0.028097298524948574
0.02835559367642583
0.028617865622599097
0.02888415545713172
0.029154503016268558
0.02942894681147354
0.0297075239631817
0.029990270135850865
0.030277219474504808
0.030568404542955032
0.030863856263882012
0.031163603860954504
0.03146767480316711
0.03177609475155646
0.03208888750846678
0.03240607496951506
0.03272767707840359
0.03305371178472025
0.033384195004854324
0.0337191405861462
0.03405856027438299
0.034402463684730954
0.03475085827619813
0.03510374932969561
0.03546113992975992
0.035823030949991
0.03618942104223036
0.036560306629518466
0.03693568190282789
0.03731553882157764
0.03769986711791572
0.03808865430473317
0.03848188568738068
0.038879544379028255
0.03928161131960802
0.039688065298263735
0.040098882979223115
0.040514038930995394
0.04093350565878898
0.04135725364003482
0.0417852513628925
0.04221746536760678
0.042653860290577744
0.04309439891099926
0.043539042199915334
0.043987749371539805
0.04444047793668032
0.04489718375810172
0.04535782110766637
0.04582234272507957
0.046290699878079655
0.04676284242389113
0.04723871887178453
0.047718276446565636
0.04820146115283065
0.04868821783982418
0.04917849026673501
0.04967222116827097
0.0501693523203594
0.05066982460582125
0.05117357807986915
0.051680552035294126
0.05219068506719741
0.05270391513714122
0.05322017963659105
0.05373941544952983
0.054261559014136124
0.054786546383413764
0.055314313284672956
0.05584479517777781
0.0563779273120636
0.056913644781849196
0.05745188258047144
0.0579925756527689
0.05853565894596559
0.059081067458887616
0.05962873628947489
0.0601786006805425
0.060730596063756796
0.06128465810179328
0.06184072272866048
0.062398726188159594
0.06295860507047682
0.06352029634689269
0.06408373740260563
0.06464886606767652
0.06521562064608775
0.06578393994293599
0.06635376328976621
0.06692503056806394
0.06749768223092235
0.06807165932291574
0.06864690349819108
0.06922335703681776
0.06980096285941877
0.07037966454011693
0.07095940631783232
0.07154013310596677
0.0721217905005079
0.07270432478660246
0.0732876829436269
0.07387181264880671
0.07445666227941918
0.07504218091362996
0.07562831832999838
0.07621502500570496
0.07680225211353955
0.07738995151769541
0.07797807576841911
0.07856657809555573
0.07915541240103693
0.07974453325035971
0.0803338958630976
0.08092345610249004
0.0815131704641571
0.08210299606398175
0.08269289062520342
0.08328281246477251
0.083872720479002
0.08446257412856524
0.0850523334228809
0.08564195890392647
0.08623141162952731
0.08682065315615724
0.0874096455212968
0.0879983512253866
0.0885867332134204
0.08917475485621532
0.08976237993139774
0.09034957260414998
0.09093629740774935
0.09152251922394292
0.09210820326319454
0.0926933150448417
0.09327782037719749
0.09386168533763868
0.09444487625271096
0.0950273596782885
0.09560910237982492
0.09619007131272725
0.09677023360288838
0.09734955652740974
0.09792800749554968
0.09850555402992613
0.09908216374800781
0.09965780434392205
0.10023244357061314
0.10080604922237543
0.10137858911779575
0.10195003108312521
0.10252034293611628
0.10308949247034474
0.10365744744004315
0.10422417554547282
0.1047896444188546
0.10535382161088282
0.10591667457784401
0.10647817066935819
0.10703827711676742
0.10759696102218476
0.10815418934822375
0.10870992890842492
0.10926414635839227
0.1098168081876554
0.1103678807122715
0.11091733006817366
0.11146512220528192
0.11201122288238077
0.11255559766277654
0.11309821191073653
0.11363903078871579
0.11417801925538107
0.11471514206442615
0.11525036376418736
0.115783648698057
0.11631496100569026
0.11684426462501298
0.11737152329501448
0.11789670055932963
0.11841975977060239
0.11894066409562086
0.1194593765212181
0.11997585986092899
0.12049007676239168
0.12100198971548219
0.12151156106116852
0.12201875300107178
0.12252352760771919
0.1230258468354695
0.12352567253209878
0.12402296645102522
0.1245176902641551
0.12500980557532954
0.125499273934352
0.12598605685157516
0.12647011581302212
0.1269514122960248
0.1274299077853502
0.1279055637897909
0.1283783418591995
0.1288482036019345
0.12931511070269927
0.12977902494073917
0.13023990820837802
0.13069772252986084
0.13115243008047764
0.13160399320594093
0.13205237444198648
0.1324975365341715
0.13293944245783992
0.133378055438228
0.13381333897067774
0.13424525684093638
0.13467377314550508
0.13509885231201543
0.13552045911959973
0.13593855871923177
0.1363531166540067
0.1367640988793313
0.1371714717830026
0.1375752022051415
0.13797525745795894
0.1383716053453251
0.13876421418211776
0.13915305281332632
0.13953809063288053
0.13991929760218536
0.14029664426833696
0.14067010178199532
0.1410396419148909
0.14140523707694594
0.14176686033298846
0.1421244854190368
0.14247808675813706
0.1428276394757362
0.14317311941456815
0.1435145031490422
0.1438517679991113
0.14418489204361007
0.14451385413304446
0.14483863390182225
0.1451592117799094
0.14547556900390202
0.14578768762750477
0.14609555053140102
0.14639914143251145
0.1466984448926292
0.14699344632642794
0.14728413200883272
0.1475704890817543
0.1478525055601753
0.14813017033759301
0.1484034731908114
0.14867240478408145
0.14893695667259266
0.14919712130531296
0.14945289202717854
0.14970426308063967
0.14995122960656015
0.15019378764447883
0.15043193413223574
0.15066566690497005
0.15089498469349366
0.15111988712204977
0.15134037470546607
0.1515564488457048
0.15176811182782657
0.15197536681537363
0.1521782178451816
0.15237666982163753
0.15257072851038764
0.1527604005315139
0.1529456933521885
0.1531266152788211
0.1533031754487118
0.1534753838212239
0.15364325116849353
0.15380678906568748
0.15396600988082612
0.15412092676418887
0.154271553637314
0.15441790518161363
0.1545599968266158
0.1546978447378539
0.15483146580441653
0.15496087762617872
0.15508609850072722
0.15520714740999886
0.15532404400664993
0.1554368086001711
0.15554546214276624
0.15565002621501212
0.15575052301131603
0.15584697532518546
0.15593940653433122
0.15602784058561558
0.1561123019798659
0.15619281575656419
0.15626940747843715
0.1563421032159534
0.15641092953174768
0.15647591346498946
0.15653708251570425
0.15659446462906873
0.15664808817969145
0.15669798195589013
0.15674417514398462
0.156786697312616
0.15682557839710254
0.15686084868385045
0.1568925387948261
0.15692067967210543
0.15694530256250983
0.1569664390023404
0.15698412080222124
0.1569983800320607
0.15700924900614363
0.15701676026835915
0.15702094657757854
0.15702184089318563
0.15701947636077565
0.15701388629802177
0.1570051041807232
0.15699316362903942
0.15697809839391638
0.15695994234371202
0.1569387294510279
0.15691449377974862
0.15688726947229847
0.15685709073711776
0.156823991836362
0.1567880070738313
0.15674917078312997
0.15670751731606072
0.156663081031258
0.15661589628306105
0.15656599741062877
0.1565134187273006
0.15645819451020107
0.1564003589900937
0.1563399463414829
0.1562769906729631
0.1562115260178202
0.15614358632487862
0.15607320544960337
0.15600041714544477
0.15592525505543725
0.15584775270404336
0.15576794348924455
0.15568586067487805
0.15560153738321822
0.15551500658779976
0.15542630110648262
0.1553354535947531
0.15524249653926617
0.15514746225161766
0.15505038286235112
0.15495129031519286
0.15485021636151433
0.15474719255501856
0.1546422502466461
0.15453542057970104
0.15442673448519048
0.15431622267737552
0.1542039156495314
0.15408984366991182
0.15397403677791563
0.1538565247804498
0.15373733724848967
0.1536165035138265
0.15349405266600555
0.15337001354944566
0.15324441476073822
0.15311728464612476
0.1529886512991437
0.15285854255844822
0.15272698600578669
0.15259400896414557
0.1524596384960491
0.15232390140201207
0.15218682421914148
0.1520484332198861
0.15190875441092574
0.15176781353219995
0.15162563605607196
0.15148224718662115
0.15133767185906605
0.15119193473930803
0.1510450602235962
0.1508970724383088
0.15074799523984725
0.15059785221463984
0.1504466666792504
0.1502944616805908
0.15014125999623182
0.14998708413480952
