0.04363549490095599
0.04376161877128862
0.043888456481662896
0.044016013625997004
0.04414429606912682
0.04427330940355121
0.044403059731719936
0.04453355268501149
0.04466479426089463
0.044796790458092796
0.04492954729569205
0.04506307094275001
0.04519736738288641
0.04533244283905417
0.045468303745926
0.04560495609527857
0.04574240657460412
0.04588066137336618
0.04601972704232102
0.04615960997972085
0.046300316901117314
0.04644185434693509
0.046584229079614875
0.046727447736090486
0.04687151718568656
0.04701644427350119
0.04716223586483226
0.047308898920522646
0.04745644048675216
0.04760486761916077
0.04775418744930655
0.047904407177748964
0.04805553401832433
0.04820757524902001
0.04836053827672491
0.04851443044750442
0.04866925929458747
0.04882503225720479
0.048981756982998434
0.049139441062129134
0.049298092197468404
0.04945771808123807
0.04961832654981804
0.049779925433164444
0.04994252265051224
0.050106126150053144
0.05027074392636696
0.050436384037068835
0.05060305460384987
0.05077076378930427
0.05093951982099032
0.051109330930480985
0.05128020547827645
0.0514521517834064
0.05162517827756659
0.051799293427813795
0.051974505725174605
0.05215082373017994
0.05232825602461041
0.052506811268051894
0.05268649813385009
0.052867325349600286
0.0530493016793093
0.05323243592048681
0.05341673692651499
0.05360221357096632
0.05378887476355225
0.053976729453477264
0.054165786623309606
0.05435605528257646
0.0545475444650199
0.05474026324465259
0.05493422070419973
0.05512942595761685
0.05532588814305579
0.05552361641182295
0.05572261993645501
0.05592290790476886
0.05612448950897112
0.05632737395978667
0.056531570473207705
0.05673708827067668
0.05694393656665703
0.05715212459159242
0.05736166155200118
0.05757255667129076
0.05778481914358009
0.057998458155981925
0.05821348288618927
0.058429902483474475
0.058647726081741715
0.058866962780115974
0.0590876216513853
0.05930971173953806
0.05953324204444126
0.05975822152799061
0.059984659099886435
0.06021256362890708
0.060441943922591314
0.0606728087342726
0.06090516674905666
0.06113902658901753
0.06137439680067608
0.06161128585705174
0.06184970214617155
0.062089653967933686
0.06233114953516237
0.06257419695563571
0.06281880423945732
0.06306497928903616
0.06331272988998901
0.06356206371309014
0.063812988301459
0.06406551106939012
0.0643196392925752
0.06457538010764413
0.06483274050119749
0.0650917273076035
0.06535234719916858
0.06561460668235601
0.06587851209317931
0.06614406958578016
0.06641128513221015
0.06668016451119536
0.06695071330447018
0.06722293688878594
0.06749684043140132
0.0677724288809242
0.06804970696293762
0.06832867917249959
0.06860934976895149
0.06889172276641832
0.0691758019289456
0.0694615907651114
0.06974909251960476
0.07003831016748523
0.07032924640685803
0.07062190365313621
0.07091628403263063
0.0712123893742977
0.07151022120612319
0.0718097807455157
0.07211106889537053
0.07241408623548572
0.07271883301878629
0.0730253091618568
0.07333351424172606
0.07364344748616194
0.07395510777076668
0.07426849361025895
0.07458360315362832
0.07490043417699505
0.0752189840779919
0.07553924986913065
0.07586122817270062
0.07618491521269187
0.07651030681042033
0.07683739837730565
0.07716618490914616
0.07749666097981316
0.07782882073418906
0.07816265788308896
0.07849816569616642
0.07883533699554322
0.0791741641495764
0.0795146390655392
0.0798567531839121
0.08020049747082003
0.0805458624113037
0.08089283800238402
0.08124141374578929
0.0815915786402286
0.0819433211743686
0.08229662931890813
0.08265149051864218
0.08300789168422427
0.08336581918436449
0.08372525883659619
0.084086195899347
0.08444861506207038
0.08481250043704686
0.08517783554919515
0.08554460332709363
0.08591278609256858
0.08628236555111786
0.08665332278137042
0.08702563822489712
0.08739929167503241
0.08777426226703793
0.08815052846601487
0.088528068056769
0.0889068581319904
0.08928687508135935
0.08966809457976313
0.09005049157641769
0.09043404028331643
0.09081871416372782
0.09120448592116019
0.09159132748822008
0.09197921001553362
0.09236810386124879
0.09275797858036448
0.09314880291447347
0.0935405447822186
0.09393317126978923
0.09432664862174645
0.09472094223291873
0.09511601664046314
0.09551183551658593
0.09590836166208871
0.09630555700058155
0.09670338257344255
0.0971017985357713
0.09750076415304287
0.09790023779896549
0.09830017695411743
0.09870053820582003
0.09910127724892182
0.09950234888795206
0.09990370704013267
0.10030530474005474
0.10070709414525632
0.10110902654304221
0.10151105235898346
0.10191312116639384
0.1023151816973287
0.10271718185481858
0.10311906872661351
0.1035207886003157
0.10392228697957623
0.10432350860220742
0.10472439745906881
0.10512489681477707
0.10552494922955695
0.1059244965822123
0.10632348009488952
0.1067218403584909
0.10711951735979289
0.10751645050952256
0.10791257867160495
0.10830784019350846
0.10870217293772592
0.10909551431418874
0.10948780131351869
0.1098789705414899
0.11026895825393424
0.1106577003927622
0.11104513262247137
0.11143119036742098
0.11181580884964304
0.11219892312723286
0.11258046813309783
0.11296037871422847
0.11333858967115717
0.11371503579777291
0.11408965192131575
0.11446237294246563
0.11483313387546618
0.1152018698883878
0.11556851634311205
0.11593300883537273
0.11629528323454108
0.11665527572314835
0.11701292283612043
0.11736816149966553
0.11772092906975447
0.11807116337009846
0.11841880272966486
0.11876378601961415
0.11910605268958942
0.1194455428034122
0.11978219707408166
0.12011595689804072
0.12044676438861451
0.12077456240876072
0.12109929460290847
0.12142090542795757
0.12173934018340728
0.12205454504051894
0.12236646707062993
0.12267505427241779
0.12298025559825153
0.12328202097950781
0.12358030135094412
0.12387504867393967
0.12416621595884726
0.12445375728617057
0.12473762782679675
0.12501778386112491
0.12529418279713034
0.12556678318743122
0.12583554474522213
0.1261004283591946
0.1263613961074125
0.12661841127008805
0.12687143834135914
0.1271204430400176
0.1273653923191857
0.12760625437499104
0.12784299865421322
0.12807559586095268
0.12830401796227456
0.1285282381929212
0.12874823105899766
0.1289639723407805
0.12917543909452722
0.12938260965343623
0.1295854636276261
0.1297839819032975
0.12997814664099352
0.13016794127301554
0.13035335050003805
0.13053436028685927
0.13071095785741757
0.13088313168900118
0.13105087150570935
0.13121416827121585
0.1313730141807772
0.13152740265258167
0.13167732831843837
0.13182278701379635
0.13196377576713877
0.13210029278881244
0.1322323374592374
0.13235991031657246
0.13248301304384277
0.13260164845555297
0.13271582048379957
0.13282553416392026
0.13293079561968524
0.13303161204806668
0.13312799170358375
0.13321994388228858
0.1333074789053454
0.13339060810231299
0.13346934379406578
0.13354369927541587
0.13361368879746716
0.13367932754969636
0.13374063164177583
0.1337976180851934
0.13385030477466256
0.1338987104693214
0.13394285477378787
0.13398275811906202
0.1340184417432833
0.13404992767237667
0.13407723870060478
0.13410039837103846
0.13411943095595885
0.13413436143720472
0.13414521548649724
0.13415201944574454
0.13415480030733878
0.13415358569445576
0.1341484038414107
0.13413928357401278
0.13412625429000363
0.13410934593954446
0.13408858900578347
0.13406401448552194
0.13403565386996968
0.13400353912562138
0.13396770267525088
0.133928177379049
0.1338849965158925
0.13383819376477943
0.13378780318642053
0.13373385920500203
0.13367639659013134
0.13361545043898043
0.1335510561586026
0.1334832494484778
0.13341206628324978
0.1333375428956956
0.1332597157599041
0.13317862157469584
0.1330942972472683
0.1330067798770858
0.1329161067400183
0.13282231527271035
0.1327254430572329
0.13262552780596445
0.13252260734674415
0.132416719608293
0.1323079026058896
0.13219619442732572
0.13208163321912203
0.13196425717302515
0.13184410451277767
0.13172121348115803
0.13159562232730268
0.13146736929431255
0.13133649260711808
0.13120303046064158
0.13106702100823206
0.13092850235037978
0.130787512523701
0.13064408949022044
0.1304982711269051
0.13035009521549437
0.13019959943259635
0.13004682134006315
0.12989179837563056
0.1297345678438331
0.1295751669071909
0.12941363257765826
0.12925000170834008
0.12908431098546697
0.1289165969206378
0.12874689584331026
0.12857524389355665
0.12840167701505978
0.1282262309483737
0.12804894122441576
0.12786984315821165
0.12768897184287817
0.12750636214384212
0.12732204869329392
0.12713606588487195
0.12694844786857426
0.12675922854589103
0.12656844156516503
0.12637612031715542
0.12618229793082808
0.12598700726934645
0.125790280926273
0.12559215122196873
0.12539265020019072
0.125191809624891
0.12498966097719523
0.12478623545257794
0.12458156395821214
0.12437567711050769
0.12416860523281738
0.12396037835331385
0.1237510262030434
0.12354057821413558
0.12332906351817284
0.12311651094472317
0.12290294902001687
0.12268840596578152
0.12247290969821359
0.12225648782709575
0.12203916765505377
0.12182097617694419
0.12160194007937351
0.12138208574034354
0.1211614392290281
0.12094002630565458
0.1207178724215156
0.12049500271908961
0.12027144203226711
0.12004721488669028
0.11982234550019064
0.11959685778332757
0.11937077534002537
0.11914412146830225
0.1189169191610877
0.11868919110713316
0.11846095969200048
0.11823224699913398
0.11800307481101303
0.11777346461037755
0.11754343758152576
0.1173130146116842
0.11708221629244393
0.11685106292125923
0.11661957450301196
0.11638777075163108
0.11615567109177116
0.11592329466054653
0.11569066030931459
0.11545778660550858
0.11522469183452186
0.11499139400162864
0.11475791083395814
0.11452425978250012
0.11429045802415426
0.11405652246381424
0.11382246973648359
0.1135883162094284
0.11335407798435869
0.11311977089963639
0.11288541053251296
0.11265101220138937
0.11241659096810207
0.11218216164022916
0.11194773877341309
0.1117133366737096
0.11147896939994492
0.11124465076609512
0.11101039434367228
0.11077621346413191
0.11054212122128085
0.11030813047370512
0.11007425384719732
0.10984050373719925
0.10960689231124086
0.10937343151139417
0.10914013305672313
0.10890700844574044
0.10867406895886068
0.10844132566086115
0.10820878940333514
0.10797647082714641
0.10774438036488214
0.10751252824330186
0.10728092448577861
0.1070495789147423
0.10681850115410838
0.10658770063170682
0.10635718658170054
0.10612696804699535
0.10589705388164297
0.10566745275323162
0.10543817314527107
0.10520922335956087
0.10498061151855269
0.10475234556769855
0.10452443327778581
0.10429688224726152
0.10406969990453983
0.10384289351030243
0.10361647015977442
0.10339043678499615
0.1031648001570729
0.10293956688841194
0.10271474343494344
0.1024903360983251
0.1022663510281299
0.1020427942240198
0.10181967153789748
0.10159698867604577
0.1013747512012475
0.10115296453488606
0.10093163395903228
0.10071076461850954
0.10049036152294055
0.10027042954877886
0.10005097344131875
0.09983199781668797
0.09961350716382042
0.09939550584641131
0.09917799810485284
0.09896098805814864
0.09874447970581302
0.09852847692974749
0.09831298349609845
0.09809800305709905
0.09788353915288467
0.09766959521329567
0.09745617455965842
0.09724328040654501
0.09703091586351602
0.09681908393684141
0.0966077875312064
0.09639702945139136
0.09618681240393762
0.09597713899879341
0.09576801175093663
0.0955594330819842
0.09535140532177536
0.09514393070994424
0.09493701139746477
0.09473064944818238
0.09452484684032583
0.09431960546799874
0.09411492714265189
0.0939108135945408
0.0937072664741613
0.09350428735366657
0.0933018777282675
0.09310003901761592
0.09289877256716607
0.09269807964952126
0.09249796146576217
0.09229841914675566
0.09209945375444849
0.09190106628314228
0.09170325766075095
0.09150602875004131
0.09130938034985764
0.09111331319632697
0.09091782796405048
0.09072292526727548
0.09052860566105336
0.09033486964237947
0.0901417176513184
0.08994915007211103
0.08975716723426734
0.08956576941364479
0.08937495683350663
0.08918472966556977
0.08899508803103406
0.08880603200159805
0.08861756160046008
0.08842967680330222
0.08824237753926172
0.08805566369188746
0.08786953510008236
