0.11971013345428486
0.1078984187293203
0.100376970311588
0.09493789791907668
0.09070839230428847
0.0872625205743574
0.08436250467057226
0.08186285058037453
0.07966840325514377
0.07771370257283298
0.07595189119093738
0.07434833499092715
0.07287674882618034
0.07151673660765757
0.07025217031688873
0.0690700876959363
0.06795992212807965
0.06691295183945874
0.0659218977835131
0.06498062469412323
0.0640839152171029
0.06322729676495699
0.06240690704466325
0.061619388376328424
0.06086180373957551
0.06013156941892833
0.05942640047507645
0.058744266229042406
0.05808335363847048
0.05744203694955966
0.05681885237981809
0.0562124768649729
0.05562171011212005
0.05504545935966787
0.05448272636814149
0.05393259625915646
0.053394227893866615
0.05286684554029387
0.052349731624748416
0.05184222039866646
0.05134369238156936
0.050853569464527404
0.05037131057734677
0.04989640783790321
0.04942838311552498
0.04896678494951498
0.04851118577374792
0.04806117940365482
0.047616378750081456
0.047176413726088995
0.04674092932015786
0.04630958380966802
0.045882047093001956
0.04545799911964913
0.04503712839995426
0.04461913057736987
0.04420370704638279
0.04379056360075735
0.04337940909603161
0.042969954110620476
0.042561909589121774
0.04215498545045934
0.04174888914221913
0.04134332412087014
0.04093798823389009
0.04053257197876925
0.040126756607228954
0.039720212039481756
0.03931259454577069
0.03890354414421648
0.03849268165323463
0.038079605322551655
0.037663886949236385
0.037245067361519835
0.03682265112487278
0.03639610028103396
0.035964826882465405
0.03552818400983459
0.03508545486532382
0.034635839399308165
0.034178437745416845
0.03371222947036983
0.033236047266796805
0.03274854316123694
0.03224814446774131
0.031732995438882625
0.031200878548743982
0.03064910608375364
0.03007436726024577
0.029472506636170306
0.02883819241785845
0.02816440052371825
0.027441573717820248
0.026656169382955442
0.025787958189721048
0.024804477213263426
0.023647937535166724
0.022196909948143374
0.020099632662762348
