0.03711456045095978
0.03728940349602653
0.03746569983862942
0.03764346315300229
0.0378227071732393
0.03800344569708822
0.038185692573446915
0.03836946169885425
0.03855476702122705
0.03874162252552444
0.03893004224519835
0.0391200402400115
0.03931163060523051
0.03950482745428623
0.03969964492679714
0.039896097178814274
0.04009419836950794
0.0402939626686989
0.0404954042420257
0.04069853724681128
0.040903375829399416
0.04110993411543103
0.04131822620169257
0.04152826615502551
0.04174006800064519
0.04195364571389706
0.04216901321945011
0.04238618437363121
0.042605172965611046
0.04282599270326657
0.04304865720894307
0.04327318000624501
0.04349957451546027
0.0437278540408155
0.04395803176378732
0.044190120732448615
0.04442413385036012
0.04466008386938511
0.044897983376683305
0.0451378447855698
0.04537968032486036
0.04562350202734002
0.04586932171773199
0.046117151004333196
0.04636700126479214
0.046618883635101464
0.04687280899799514
0.047128787970962184
0.04738683089368678
0.047646947815913526
0.047909148484679656
0.04817344233256955
0.048439838463326
0.048708345640873243
0.04897897227484927
0.049251726408749384
0.04952661570625028
0.04980364743824621
0.05008282846942931
0.05036416524584146
0.05064766378107732
0.05093332964359726
0.05122116794332156
0.05151118331883774
0.051803379924568786
0.05209776141772234
0.052394330945586334
0.05269309113349584
0.052994044071725255
0.05329719130384441
0.05360253381469473
0.0539100720183878
0.05421980574720879
0.054531734240220946
0.054845856132595856
0.05516216944496086
0.0554806715733063
0.05580135927928531
0.05612422868082467
0.05644927524325427
0.056776493770880954
0.05710587839899544
0.05743742258652866
0.05777111910912625
0.058106960052820254
0.05844493680832341
0.058785040065882435
0.05912725981080671
0.059471585319671685
0.059818005157126944
0.06016650717347038
0.060517078502911104
0.060869705562627226
0.06122437405249517
0.06158106895564408
0.061939774539838455
0.062300474359605416
0.06266315125922504
0.06302778737655214
0.06339436414765867
0.06376286231241719
0.06413326192083074
0.06450554234036221
0.06487968226406424
0.06525565971963261
0.06563345207935999
0.06601303607096133
0.06639438778928676
0.06677748270896999
0.06716229569791508
0.06754880103170575
0.0679369724088598
0.06832678296697553
0.06871820529971302
0.06911121147465224
0.06950577305192854
0.06990186110373217
0.07029944623457669
0.07069849860232874
0.07109898794001873
0.07150088357835283
0.07190415446893014
0.07230876920813181
0.07271469606165387
0.0731219029896436
0.073530357672398
0.07394002753661576
0.07435087978213856
0.07476288140915495
0.07517599924580973
0.07559019997619557
0.07600545016867556
0.07642171630447307
0.07683896480650629
0.07725716206839608
0.07767627448362112
0.0780962684747313
0.07851711052261155
0.07893876719569583
0.0793612051791171
0.07978439130370851
0.08020829257481824
0.08063287620086321
0.08105810962158927
0.08148396053595465
0.08191039692959627
0.08233738710182263
0.0827648996920651
0.08319290370574321
0.08362136853948515
0.08405026400564948
0.08447956035609423
0.08490922830514402
0.0853392390517035
0.08576956430047274
0.08620017628220933
0.0866310477730055
0.08706215211252517
0.08749346322117024
0.08792495561613713
0.08835660442632132
0.08878838540605233
0.08922027494761875
0.0896522500925587
0.09008428854169961
0.09051636866392247
0.0909484695036363
0.09138057078694818
0.09181265292652759
0.0922446970251469
0.09267668487790838
0.09310859897315256
0.09354042249205514
0.09397213930692223
0.09440373397819413
0.09483519175017725
0.09526649854552106
0.09569764095846355
0.09612860624687075
0.09655938232310383
0.09698995774374103
0.09742032169819113
0.09785046399624267
0.09828037505458093
0.09871004588232514
0.0991394680656237
0.09956863375136513
0.09999753563004625
0.10042616691785464
0.10085452133801977
0.10128259310148548
0.10171037688696029
0.10213786782040715
0.10256506145402665
0.10299195374479404
0.10341854103261015
0.10384482001812737
0.10427078774030579
0.10469644155376383
0.1051217791059803
0.10554679831440515
0.10597149734354029
0.10639587458204412
0.10681992861991577
0.10724365822581598
0.10766706232457364
0.10809013997493444
0.108512890347596
0.10893531270358135
0.10935740637299483
0.10977917073420515
0.11020060519349614
0.1106217091652246
0.1110424820525266
0.11146292322859853
0.11188303201859412
0.11230280768216129
0.11272224939664922
0.11314135624100784
0.11356012718040558
0.1139785610515805
0.1143966565489463
0.11481441221146459
0.11523182641029704
0.11564889733724572
0.11606562299399022
0.1164820011821257
0.11689802949400228
0.11731370530436924
0.11772902576281828
0.11814398778702229
0.11855858805676639
0.11897282300875647
0.11938668883219847
0.11980018146513682
0.120213296591533
0.12062602963907423
0.1210383757776879
0.12145032991874839
0.12186188671495186
0.12227304056083683
0.12268378559392926
0.12309411569648603
0.12350402449781038
0.123913505377113
0.12432255146689285
0.12473115565680507
0.12513931059799058
0.12554700870783464
0.12595424217512688
0.12636100296558544
0.12676728282772248
0.12717307329901156
0.12757836571232883
0.12798315120263454
0.12838742071386322
0.12879116500598992
0.12919437466223832
0.1295970400964041
0.12999915156025457
0.13040069915097913
0.1308016728186553
0.13120206237370333
0.13160185749429576
0.13200104773369414
0.13239962252748474
0.13279757120068406
0.13319488297468693
0.13359154697403053
0.1339875522329509
0.13438288770170342
0.13477754225262847
0.135171504685936
0.13556476373519
0.13595730807247175
0.1363491263132046
0.13674020702062029
0.13713053870985284
0.13752010985164503
0.13790890887565255
0.13829692417333542
0.1386841441004261
0.13907055697896498
0.1394561510988957
0.139840914719215
0.14022483606867306
0.14060790334601986
0.14099010471979964
0.14137142832769045
0.1417518622753933
0.14213139463507404
0.1425100134433615
0.1428877066989126
0.14326446235954698
0.1436402683389672
0.14401511250306998
0.14438898266586764
0.1447618665850263
0.1451337519570433
0.14550462641207618
0.14587447750844493
0.1462432927268214
0.14661105946413452
0.146977765027204
0.14734339662613233
0.14770794136747453
0.1480713862472123
0.1484337181435557
0.14879492380960155
0.14915498986587186
0.14951390279276314
0.1498716489229297
0.15022821443363435
0.15058358533909205
0.1509377474828342
0.15129068653012648
0.1516423879604637
0.15199283706017688
0.1523420189151745
0.15268991840385265
0.1530365201901988
0.15338180871711668
0.15372576820000242
0.15406838262059688
0.15440963572113986
0.15474951099885406
0.15508799170078005
0.15542506081899016
0.1557607010862013
0.15609489497180795
0.15642762467836116
0.1567588721385069
0.15708861901240753
0.15741684668565956
0.15774353626772922
0.1580686685909152
0.15839222420985483
0.1587141834015868
0.1590345261661783
0.15935323222792996
0.1596702810371611
0.15998565177258822
0.16029932334429642
0.16061127439731082
0.16092148331576686
0.16122992822768495
0.16153658701034285
0.16184143729624942
0.16214445647971149
0.16244562172399107
0.1627449099690468
0.1630422979398516
0.16333776215527518
0.16363127893752702
0.16392282442214068
0.16421237456849294
0.16449990517084107
0.16478539186986327
0.16506881016468622
0.16535013542538654
0.16562934290593906
0.16590640775760496
0.16618130504272846
0.1664540097489308
0.16672449680367435
0.16699274108917736
0.16725871745765664
0.1675224007468733
0.16778376579596121
0.16804278746151072
0.16829944063388486
0.16855370025374422
0.16880554132875195
0.16905493895043755
0.1693018683111929
0.16954630472137294
0.16978822362647808
0.17002760062439176
0.1702644114826479
0.17049863215570255
0.17073023880218538
0.1709592078021058
0.17118551577398833
0.17140913959191403
0.17163005640244414
0.1718482436414011
0.17206367905048475
0.17227634069370235
0.17248620697358713
0.1726932566471883
0.17289746884180646
0.17309882307045985
0.17329729924705575
0.17349287770125513
0.17368553919300436
0.1738752649267243
0.17406203656513328
0.17424583624269374
0.1744266465786617
0.17460445068973238
0.17477923220225816
0.17495097526403594
0.17511966455564548
0.17528528530133136
0.17544782327941605
0.17560726483223696
0.17576359687559495
0.17591680690771194
0.17606688301768775
0.17621381389344964
0.1763575888291901
0.17649819773229133
0.17663563112972772
0.17676988017394715
0.17690093664823026
0.1770287929715218
0.17715344220273935
0.1772748780445556
0.1773930948466592
0.17750808760849043
0.177619851981462
0.1777283842706608
0.1778336814360392
0.1779357410931006
0.17803456151307998
0.17813014162263158
0.17822248100302487
0.1783115798888594
0.17839743916630327
0.17848006037086608
0.17855944568471196
0.17863559793352368
0.17870852058292666
0.1787782177344841
0.17884469412126833
0.17890795510302673
0.17896800666094667
0.17902485539203405
0.17907850850311477
0.17912897380447357
0.17917625970313986
0.1792203751958335
0.17926132986158283
0.17929913385402774
0.17933379789342094
0.17936533325833856
0.17939375177711459
0.17941906581901063
0.179441288285136
0.1794604325991292
0.1794765126976144
0.17948954302044634
0.17949953850075595
0.17950651455481073
0.1795104870717006
0.17951147240286533
0.1795094873514712
0.17950454916165612
0.17949667550764747
0.1794858844827737
0.17947219458837382
0.17945562472262175
0.17943619416927561
0.17941392258636307
0.17938882999481295
0.17936093676705006
0.17933026361555313
0.1792968315813989
0.17926066202279248
0.17922177660360059
0.17918019728189372
0.17913594629850915
0.17908904616564228
0.17903951965547646
0.1789873897888597
0.1789326798240362
0.17887541324544096
0.17881561375256647
0.17875330524890698
0.17868851183098944
0.1786212577774964
0.17855156753848944
0.1784794657247375
0.17840497709715744
0.17832812655637242
0.17824893913239284
0.1781674399744259
0.17808365434081874
0.17799760758913868
0.177909325166396
0.1778188325994119
0.17772615548533954
0.17763131948233374
0.17753435030038142
0.17743527369229117
0.17733411544484343
0.17723090137010686
0.17712565729692312
0.1770184090625586
0.17690918250452922
