0.05826549579773682
0.058480970796340126
0.05869780808402296
0.05891601554749893
0.05913560101385197
0.05935657225132685
0.05957893695867474
0.05980270276822891
0.06002787723427453
0.0602544678339817
0.060482481960419575
0.060711926916393606
0.060942809922113504
0.06117513808541456
0.061408918421570036
0.061644157837173266
0.06188086312339313
0.06211904095778182
0.06235869789687753
0.06259984036458692
0.06284247465635223
0.06308660692894584
0.06333224319389782
0.06357938931742131
0.06382805100980188
0.06407823382184666
0.0643299431410867
0.06458318418197945
0.06483796198538026
0.06509428141093664
0.06535214712801826
0.06561156361716844
0.06587253515846551
0.06613506582888631
0.06639915949638486
0.06666481981140701
0.06693205020879817
0.06720085389192947
0.06747123383623248
0.067743192779651
0.06801673321630636
0.06829185739451757
0.06856856730765516
0.06884686469239527
0.06912675102233011
0.06940822749903051
0.06969129505456832
0.0699759543412308
0.07026220572606319
0.07055004929033468
0.07083948482101615
0.07113051180867903
0.07142312944026893
0.07171733659885023
0.0720131318540163
0.07231051346312282
0.07260947936357594
0.07291002716989003
0.07321215417059342
0.0735158573237148
0.07382113325275885
0.07412797824460939
0.07443638824532917
0.07474635885645577
0.0750578853317208
0.07537096257504942
0.07568558513741022
0.07600174721233327
0.07631944263457885
0.0766386648769114
0.07695940704669564
0.07728166188435204
0.07760542175991098
0.07793067867097353
0.07825742423910496
0.07858564970833262
0.07891534594189407
0.07924650342021482
0.07957911223737395
0.07991316209956252
0.08024864232122661
0.08058554182286627
0.08092384912865032
0.0812635523622
0.08160463924472666
0.08194709709126842
0.08229091280740952
0.0826360728858107
0.08298256340305356
0.08333037001538186
0.0836794779550653
0.08402987202584206
0.08438153659964959
0.08473445561101006
0.08508861255311928
0.08544399047271249
0.08580057196503445
0.08615833916877834
0.08651727376005448
0.08687735694758798
0.08723856946629416
0.08760089157135649
0.08796430303217992
0.08832878312583647
0.08869431063074776
0.08906086382006648
0.08942842045452107
0.0897969577761693
0.09016645250083104
0.0905368808115332
0.09090821835109304
0.09128044021557807
0.09165352094659593
0.09202743452487605
0.0924021543630387
0.092777653298795
0.0931539035886321
0.09353087690066465
0.09390854430901185
0.09428687628733008
0.09466584270321832
0.0950454128127296
0.09542555525537859
0.09580623804928094
0.0961874285870073
0.09656909363178955
0.09695119931407947
0.09733371112888502
0.09771659393359791
0.09809981194646353
0.09848332874529094
0.09886710726751517
0.09925110981049057
0.09963529803250903
0.10001963295481628
0.10040407496411977
0.10078858381615378
0.1011731186398666
0.10155763794238484
0.10194209961518455
0.10232646094057744
0.10271067859959139
0.10309470868033128
0.10347850668738846
0.10386202755219792
0.10424522564407555
0.10462805478226944
0.10501046824886723
0.1053924188025441
0.10577385869311028
0.10615473967707116
0.10653501303368243
0.10691462958226725
0.1072935396998062
0.10767169333977197
0.10804904005131637
0.1084255289994275
0.10880110898562848
0.10917572846947428
0.10954933559046728
0.10992187819080186
0.11029330383852061
0.11066355985125899
0.11103259332050419
0.11140035113619531
0.11176678001200119
0.11213182651068548
0.11249543707007449
0.11285755802918077
0.11321813565469975
0.11357711616769096
0.11393444577051083
0.1142900706739032
0.11464393712414599
0.11499599143044607
0.11534617999223046
0.11569444932660645
0.11604074609567887
0.11638501713393624
0.11672720947549754
0.11706727038122812
0.11740514736576538
0.11774078822442732
0.11807414105968957
0.11840515430772734
0.1187337767644745
0.119059957611497
0.11938364644154051
0.11970479328369656
0.12002334862828118
0.12033926345125126
0.12065248923826564
0.12096297800829264
0.1212706823367872
0.12157555537836397
0.12187755088905566
0.12217662324797961
0.122472727478567
0.12276581926920793
0.123055854993371
0.12334279172918995
0.12362658727840381
0.12390720018480547
0.12418458975203825
0.1244587160608197
0.12472953998555113
0.1249970232102841
0.12526112824413566
0.12552181843596869
0.12577905798855119
0.12603281197199942
0.12628304633660098
0.1265297279250111
0.12677282448377913
0.1270123046742607
0.12724813808281257
0.12748029523044566
0.12770874758172832
0.12793346755310422
0.12815442852053457
0.1283716048265301
0.12858497178650363
0.1287945056945217
0.12900018382839243
0.12920198445416256
0.12939988682994866
0.12959387120918897
0.1297839188432512
0.12997001198345784
0.1301521338825167
0.13033026879531767
0.13050440197918634
0.13067451969355962
0.13084060919905732
0.13100265875603032
0.13116065762253315
0.13131459605177204
0.1314644652890052
0.13161025756791586
0.13175196610650086
0.13188958510241114
0.1320231097278352
0.13215253612389433
0.13227786139454173
0.13239908360003333
0.13251620174993498
0.13262921579569062
0.13273812662275725
0.1328429360423527
0.1329436467827665
0.133040262480311
0.13313278766987147
0.13322122777510648
0.13330558909828846
0.13338587880979577
0.13346210493729552
0.13353427635459025
0.13360240277017585
0.13366649471550107
0.1337265635329521
0.13378262136357338
0.1338346811345295
0.13388275654633033
0.133926862059838
0.133967012883044
0.13400322495764552
0.13403551494544952
0.13406390021457468
0.13408839882550166
0.13410902951697087
0.1341258116917412
0.13413876540219533
0.13414791133586776
0.13415327080083406
0.13415486571101884
0.1341527185714246
0.1341468524632787
0.1341372910291288
0.13412405845788156
0.1341071794698148
0.13408667930154208
0.13406258369097926
0.13403491886228522
0.13400371151082127
0.1339689887881116
0.13393077828683023
0.13388910802581444
0.13384400643511957
0.13379550234112905
0.13374362495171271
0.13368840384145117
0.13362986893693915
0.13356805050217468
0.13350297912401943
0.13343468569778152
0.13336320141287678
0.13328855773862272
0.13321078641013814
0.13312991941436428
0.1330459889762265
0.13295902754493322
0.13286906778039825
0.13277614253983594
0.1326802848644872
0.13258152796651906
0.13247990521607705
0.13237545012851448
0.13226819635177436
0.13215817765397264
0.13204542791113244
0.13192998109513135
0.13181187126180213
0.1316911325392457
0.13156779911633007
0.13144190523137805
0.1313134851610626
0.1311825732094858
0.13104920369747697
0.13091341095207726
0.1307752292962404
0.13063469303873715
0.13049183646426046
0.1303466938237455
0.13019929932489704
0.13004968712292392
0.12989789131148793
0.1297439459138618
0.12958788487429354
0.1294297420495865
0.12926955120088934
0.1291073459856929
0.12894315995003852
0.12877702652093784
0.1286089789989946
0.12843905055124
0.12826727420417394
0.12809368283700195
0.12791830917509334
0.12774118578362265
0.12756234506142752
0.12738181923506042
0.12719964035303166
0.12701584028026086
0.12683045069271626
0.12664350307223812
0.12645502870157266
0.12626505865956966
0.12607362381658757
0.12588075483006703
0.12568648214029327
0.12549083596633603
0.12529384630216314
0.1250955429129326
0.12489595533145327
0.12469511285481331
0.1244930445411787
0.12428977920675349
0.12408534542289835
0.12387977151340998
0.123673085551958
0.12346531535967013
0.12325648850286852
0.12304663229095539
0.12283577377444045
0.1226239397431107
0.12241115672433889
0.12219745098152791
0.12198284851268505
0.12176737504913152
0.12155105605433335
0.121333916722865
0.12111598197948356
0.12089727647832664
0.12067782460223077
0.12045765046215606
0.12023677789672145
0.12001523047185184
0.11979303148052563
0.1195702039426268
0.11934677060489325
0.11912275394096404
0.1188981761515217
0.11867305916451988
0.11844742463550559
0.11822129394802434
0.11799468821410898
0.11776762827484845
0.117540134701038
0.11731222779390008
0.11708392758588394
0.1168552538415306
0.11662622605841269
0.11639686346813284
0.11616718503739412
0.1159372094691245
0.11570695520366635
0.1154764404200193
0.11524568303714051
0.11501470071529438
0.11478351085745919
0.11455213061077467
0.11432057686804234
0.1140888662692667
0.11385701520324215
0.11362503980917561
0.11339295597835718
0.11316077935585608
0.11292852534226205
0.11269620909545594
0.11246384553241015
0.11223144933102377
0.11199903493198288
0.11176661654064896
0.11153420812897336
0.11130182343743338
0.11106947597699197
0.11083717903108024
0.11060494565759466
0.1103727886909175
0.11014072074395014
0.10990875421016294
0.10967690126566097
0.10944517387125863
0.10921358377457174
0.10898214251211226
0.10875086141140108
0.10851975159308098
0.10828882397304307
0.10805808926455496
0.10782755798039638
0.10759724043499783
0.10736714674658251
0.10713728683931052
0.10690767044542483
0.10667830710739637
0.10644920618007084
0.10622037683281042
0.10599182805163851
0.10576356864137856
0.10553560722778875
0.10530795225969411
0.10508061201111564
0.10485359458338704
0.10462690790727369
0.10440055974507911
0.10417455769274579
0.1039489091819488
0.10372362148217905
0.10349870170281937
0.10327415679521142
0.10304999355470947
0.10282621862272774
0.10260283848877377
0.10237985949247246
0.10215728782557783
0.1019351295339729
0.10171339051965479
0.10149207654271308
0.10127119322328709
0.10105074604351753
0.10083074034947762
0.1006111813530954
0.10039207413405987
0.1001734236417122
0.09995523469692236
0.09973751199395209
0.09952026010230157
0.09930348346854082
0.09908718641812647
0.09887137315720232
0.09865604777438336
0.09844121424252576
0.09822687642047895
0.09801303805482228
0.0977997027815862
0.09758687412795587
0.09737455551395743
0.09716275025413108
0.09695146155918509
0.09674069253763083
0.09653044619740866
0.09632072544748829
0.09611153309945798
0.09590287186909509
0.09569474437791967
0.09548715315473252
0.0952801006371337
0.09507358917302894
0.094867621022113
0.09466219835734253
0.09445732326638709
0.094252997753067
0.0940492237387728
0.0938460030638677
0.09364333748907507
0.09344122869684847
0.09323967829272449
0.09303868780666011
0.09283825869435451
0.09263839233855144
