0.029021369531228476
0.02914631010330796
0.029272197795315705
0.029399040613221558
0.029526846590846933
0.029655623790969966
0.02978538029921453
0.029916124227011946
0.030047863706496127
0.030180606890404648
0.030314361949358527
0.030449137070025382
0.030584940454439685
0.03072178031473931
0.030859664874703204
0.030998602365168156
0.031138601022282563
0.03127966908574363
0.03142181479617916
0.03156504639180734
0.03170937210720598
0.03185480016991961
0.032001338798154984
0.03214899619792632
0.03229778056007914
0.03244770005869244
0.032598762846403624
0.03275097705268407
0.03290435078058474
0.03305889210388968
0.03321460906346648
0.033371509665082864
0.03352960187533843
0.033688893619059766
0.03384939277576597
0.03401110717659535
0.03417404460111309
0.03433821277311909
0.034503619358909485
0.03467027196222733
0.03483817812181611
0.03500734530785749
0.03517778091848728
0.03534949227618882
0.03552248662468415
0.03569677112505256
0.035872352852988364
0.03604923879481315
0.03622743584416841
0.03640695079877299
0.03658779035715032
0.03676996111511496
0.03695346956241155
0.037138322080035834
0.0373245249361502
0.037512084283959565
0.03770100615772957
0.03789129647045698
0.03808296101055293
0.03827600543912204
0.0384704352872192
0.03866625595315075
0.038863472699779106
0.039062090652306036
0.03926211479557909
0.03946354997211892
0.03966640087978632
0.03987067207000217
0.04007636794555525
0.040283492759086624
0.04049205061148074
0.04070204545032973
0.04091348106867083
0.04112636110391565
0.0413406890366581
0.04155646819015917
0.0417737017293721
0.041992392660785846
0.042212543831876496
0.04243415793111775
0.04265723748791518
0.04288178487301492
0.04310780229877131
0.04333529181983739
0.04356425533391998
0.043794694582795064
0.04402661115336807
0.04426000647917533
0.044494881841787626
0.04473123837257732
0.04496907705460007
0.045208398724588914
0.045449204075382554
0.045691493658084996
0.04593526788479575
0.04618052703134276
0.046427271240080344
0.04667550052293672
0.046925214764680284
0.047176413726094685
0.04742909704750709
0.04768326425231525
0.04793891475059022
0.04819604784290412
0.04845466272416287
0.04871475848755624
0.04897633412848055
0.04923938854872268
0.04950392056045955
0.049769928890492116
0.05003741218436788
0.05030636901060553
0.050576797864881375
0.05084869717419417
0.05112206530105103
0.051396900547550806
0.051673201159548106
0.051950965330594505
0.05223019120591794
0.05251087688628398
0.05279302043174475
0.05307661986533714
0.05336167317656477
0.053648178324850415
0.05393613324273805
0.05422553583904579
0.054516384001769926
0.05480867560083785
0.05510240849066802
0.055397580512587634
0.055694189496927865
0.055992233264982205
0.05629170963077942
0.05659261640250381
0.056894951383770265
0.05719871237463445
0.05750389717233632
0.05781050357177751
0.05811852936577399
0.05842797234500731
0.05873883029770081
0.05905110100909528
0.05936478226053202
0.05967987182836647
0.05999636748255432
0.06031426698495534
0.06063356808739666
0.06095426852942928
0.06127636603582214
0.061599858313799716
0.0619247430499833
0.06225101790708522
0.0625786805203616
0.06290772849375721
0.06323815939587506
0.06356997075561412
0.06390316005764916
0.06423772473762386
0.0645736621771382
0.06491096969852057
0.06524964455937039
0.06558968394691272
0.06593108497215362
0.0662738446638423
0.0666179599622234
0.0669634277126902
0.0673102446591783
0.06765840743747259
0.06800791256832955
0.06835875645046045
0.06871093535338554
0.069064445410164
0.06941928260998581
0.06977544279066433
0.07013292163102085
0.07049171464317121
0.07085181716471457
0.07121322435082071
0.07157593116627421
0.07193993237740771
0.07230522254396812
0.07267179601094453
0.07303964690030587
0.07340876910268006
0.07377915626902035
0.07415080180216722
0.074523698848414
0.07489784028900107
0.07527321873157218
0.07564982650161389
0.07602765563384231
0.07640669786356116
0.0767869446180012
0.07716838700761912
0.07755101581737567
0.07793482149799624
0.07831979415719553
0.07870592355089152
0.07909319907440528
0.0794816097536271
0.0798711442361985
0.08026179078263156
0.08065353725747473
0.08104637112042755
0.08144027941747647
0.08183524877201073
0.08223126537594601
0.08262831498086337
0.08302638288912706
0.08342545394505724
0.08382551252608168
0.08422654253393555
0.08462852738588002
0.0850314500059606
0.08543529281630939
0.08584003772848939
0.08624566613491724
0.08665215890032596
0.08705949635333556
0.08746765827808012
0.08787662390596575
0.08828637190750865
0.08869688038431825
0.0891081268611987
0.08952008827841172
0.08993274098409453
0.09034606072685337
0.0907600226485574
0.09117460127733922
0.09158977052081464
0.09200550365955061
0.0924217733407949
0.09283855157247686
0.09325580971751443
0.09367351848842698
0.09409164794229036
0.0945101674760497
0.09492904582219752
0.09534825104485309
0.09576775053626077
0.09618751101371488
0.09660749851695073
0.09702767840601238
0.09744801535961027
0.0978684733740075
0.09828901576243942
0.09870960515509618
0.09913020349967888
0.0995507720625567
0.09997127143054742
0.1003916615133225
0.10081190154647796
0.10123195009526452
0.1016517650590179
0.10207130367628414
0.10249052253066841
0.10290937755741948
0.10332782405075146
0.10374581667193658
0.10416330945816024
0.10458025583216111
0.10499660861265508
0.10541232002556583
0.10582734171605222
0.10624162476134481
0.10665511968440054
0.10706777646837008
0.10747954457187996
0.10789037294513641
0.10830021004684065
0.10870900386191615
0.10911670192003864
0.10952325131497521
0.10992859872470603
0.11033269043233211
0.11073547234775734
0.11113689003012435
0.11153688871099485
0.11193541331826354
0.11233240850077526
0.11272781865363903
0.11312158794421108
0.11351366033872577
0.11390397962955176
0.11429248946305488
0.11467913336802235
0.11506385478464191
0.11544659709399302
0.1158273036480292
0.116205917800005
0.11658238293533277
0.11695664250281607
0.11732864004625014
0.11769831923631917
0.11806562390278635
0.11843049806690954
0.11879288597407381
0.11915273212657203
0.11950998131651067
0.11986457865879385
0.12021646962415679
0.1205656000721732
0.1209119162842434
0.12125536499647159
0.12159589343243246
0.12193344933574769
0.12226798100246522
0.12259943731315978
0.12292776776475436
0.12325292250198357
0.12357485234848772
0.12389350883746945
0.12420884424189312
0.12452081160418166
0.12482936476536054
0.12513445839363763
0.12543604801233765
0.12573409002721164
0.12602854175302708
0.12631936143945793
0.126606508296198
0.12688994251729907
0.1271696253046783
0.12744551889078548
0.12771758656038815
0.12798579267145907
0.12825010267513598
0.12851048313472943
0.1287669017437658
0.12901932734303267
0.12926772993662525
0.12951208070696227
0.12975235202876823
0.12998851748199886
0.13022055186371573
0.1304484311988808
0.13067213275007677
0.130891635026149
0.13110691778975322
0.1313179620638229
0.13152475013694467
0.13172726556764824
0.13192549318761387
0.13211941910380295
0.1323090306995169
0.13249431663439545
0.13267526684335984
0.13285187253452238
0.13302412618606166
0.1331920215420882
0.13335555360751575
0.13351471864194817
0.1336695141526134
0.13381993888635113
0.1339659928206817
0.13410767715398247
0.13424499429478504
0.1343779478502256
0.13450654261367023
0.13463078455154392
0.13475068078938393
0.13486623959715383
0.13497747037383845
0.13508438363135103
0.13518699097778827
0.1352853051000506
0.13537933974586847
0.13546910970525744
0.13555463079143998
0.13563591982125947
0.13571299459511682
0.13578587387646535
0.1358545773708888
0.13591912570479858
0.13597954040378132
0.13603584387061696
0.13608805936301324
0.13613621097107462
0.13618032359453913
0.1362204229198157
0.13625653539684152
0.13628868821580314
0.13631690928372894
0.13634122720099956
0.13636167123779028
0.13637827131047708
0.13639105795802858
0.13640006231841395
0.13640531610504206
0.13640685158326749
0.13640470154696943
0.13639889929524424
0.13638947860921655
0.1363764737289991
0.13635991933081748
0.1363398505043165
0.13631630273007064
0.13628931185731222
0.13625891408189192
0.1362251459244971
0.13618804420912523
0.1361476460418442
0.13610398878984073
0.13605711006077345
0.13600704768244037
0.13595383968277966
0.1358975242701939
0.13583813981423057
0.13577572482661246
0.1357103179426287
0.13564195790289452
0.13557068353548615
0.13549653373845683
0.13541954746273416
0.13533976369541265
0.13525722144343283
0.13517195971766172
0.13508401751736704
0.13499343381509782
0.13490024754195792
0.13480449757329224
0.1347062227147659
0.1346054616888519
0.1345022531217196
0.13439663553052053
0.13428864731107784
0.13417832672596997
0.13406571189300726
0.13395084077410555
0.13383375116454443
0.13371448068261263
0.13359306675963212
0.1334695466303657
0.13334395732379203
0.13321633565425206
0.13308671821296036
0.13295514135987208
0.1328216412159067
0.13268625365551961
0.13254901429961416
0.13240995850879278
0.13226912137694094
0.13212653772512983
0.1319822420958442
0.1318362687475215
0.1316886516493945
0.13153942447663888
0.13138862060580786
0.13123627311056113
0.13108241475766855
0.13092707800329093
0.13077029498952752
0.13061209754122335
0.13045251716303125
0.13029158503672258
0.13012933201873847
0.1299657886379723
0.1298009850937873
0.12963495125424626
0.1294677166545669
0.12929931049577542
0.12912976164356937
0.1289590986273758
0.12878734963959576
0.12861454253503526
0.12844070483051537
0.12826586370464993
0.1280900459977925
0.12791327821214252
0.1277355865120051
0.12755699672419962
0.12737753433861332
0.12719722450889068
0.12701609205325434
0.1268341614554584
0.1266514568658574
0.12646800210259562
0.1262838206529096
0.1260989356745356
0.12591336999722075
0.12572714612433372
0.12554028623456517
0.12535281218372282
0.12516474550660453
0.12497610741895977
0.12478691881952128
0.12459720029211309
0.12440697210782578
0.12421625422725739
0.12402506630281633
0.12383342768107919
0.1236413574052076
0.12344887421741202
0.12325599656146469
0.12306274258525826
0.1228691301434049
0.12267517679987237
0.12248089983065878
0.12228631622649935
0.12209144269560049
