0.06416957998561776
0.06443003733345959
0.0646922896946116
0.06495634789809519
0.0652222226400231
0.06548992447389246
0.065759463800569
0.06603085085792536
0.06630409571019154
0.06657920823696964
0.06685619812192414
0.06713507484112793
0.06741584765112517
0.06769852557659045
0.06798311739772683
0.06826963163728154
0.06855807654725328
0.06884846009523692
0.06914078995046719
0.06943507346950632
0.06973131768162286
0.07002952927382307
0.07032971457558179
0.07063187954324274
0.07093602974410167
0.07124217034021775
0.0715503060718907
0.07186044124086445
0.07217257969328392
0.07248672480232002
0.07280287945061292
0.07312104601242307
0.0734412263355976
0.07376342172328841
0.07408763291552185
0.07441386007056264
0.07474210274615174
0.07507235988060176
0.07540462977380472
0.07573891006813942
0.07607519772934718
0.07641348902738035
0.07675377951724825
0.07709606401992732
0.07744033660331844
0.07778659056332897
0.07813481840511018
0.07848501182446496
0.07883716168948901
0.0791912580224878
0.07954728998220216
0.07990524584639871
0.08026511299486075
0.08062687789284585
0.0809905260750448
0.08135604213009942
0.08172340968574049
0.08209261139458267
0.08246362892065325
0.08283644292669318
0.08321103306230031
0.08358737795296714
0.08396545519007735
0.08434524132191194
0.08472671184573682
0.08510984120102019
0.08549460276385351
0.08588096884261838
0.08626891067497791
0.08665839842623212
0.08704940118911407
0.08744188698506947
0.08783582276708071
0.0882311744240874
0.08862790678706042
0.08902598363676846
0.08942536771329436
0.08982602072734176
0.09022790337337291
0.09063097534461623
0.09103519534997662
0.09144052113288526
0.0918469094921093
0.09225431630454399
0.09266269655000771
0.09307200433805385
0.09348219293680096
0.09389321480378986
0.09430502161886205
0.09471756431904772
0.09513079313545153
0.09554465763211505
0.09595910674682545
0.09637408883383806
0.09678955170847538
0.09720544269354786
0.0976217086675508
0.09803829611457376
0.09845515117585273
0.09887221970289803
0.09928944731211056
0.09970677944080494
0.10012416140454546
0.1005415384556962
0.1009588558430753
0.10137605887261314
0.10179309296888883
0.10220990373742748
0.10262643702763169
0.10304263899621854
0.10345845617102391
0.10387383551503702
0.10428872449052529
0.10470307112310245
0.10511682406559307
0.10552993266154666
0.10594234700825036
0.10635401801908569
0.1067648974850843
0.10717493813552717
0.10758409369743699
0.10799231895381672
0.10839956980048666
0.10880580330137435
0.10921097774211631
0.10961505268183333
0.11001798900294847
0.11041974895890921
0.11082029621970374
0.11121959591503743
0.11161761467506856
0.11201432066859064
0.11240968363856393
0.11280367493490451
0.11319626754444578
0.11358743611799565
0.1139771569944206
0.11436540822170108
0.11475216957489777
0.11513742257099809
0.11552115048059995
0.1159033383364136
0.11628397293856463
0.11666304285669395
0.11704053842885595
0.11741645175722815
0.11779077670065448
0.11816350886405137
0.11853464558471652
0.11890418591558694
0.11927213060550548
0.11963848207655219
0.12000324439852438
0.12036642326063052
0.12072802594049696
0.12108806127057155
0.12144653960202871
0.12180347276627873
0.12215887403419344
0.12251275807316316
0.12286514090210691
0.12321603984455946
0.1235654734799631
0.12391346159329814
0.12426002512318278
0.12460518610858358
0.1249489676342697
0.12529139377515425
0.125632489539663
0.12597228081226705
0.12631079429532632
0.12664805745037933
0.1269840984390178
0.1273189460634889
0.12765262970715416
0.12798517927494335
0.12831662513393183
0.12864699805417032
0.12897632914989077
0.12930464982121087
0.12963199169645118
0.12995838657518302
0.1302838663721092
0.1306084630618868
0.13093220862498847
0.1312551349946958
0.13157727400531602
0.1318986573417023
0.13221931649015842
0.132539282690799
0.13285858689143235
0.1331772597030281
0.13349533135682445
0.13381283166312538
0.1341297899718333
0.13444623513475404
0.13476219546970952
0.1350776987264848
0.13539277205463288
0.13570744197315343
0.13602173434205958
0.13633567433583574
0.136649286418795
0.13696259432232696
0.13727562102403343
0.1375883887287389
0.13790091885135897
0.13821323200160923
0.13852534797052915
0.13883728571879453
0.13914906336678692
0.13946069818638734
0.1397722065944554
0.14008360414795554
0.14039490554068684
0.1407061246015706
0.1410172742944507
0.14132836671935523
0.14163941311516678
0.14195042386365425
0.14226140849480393
0.1425723756934007
0.1428833333067976
0.14319428835382028
0.1435052470347433
0.14381621474228307
0.14412719607354466
0.14443819484286444
0.14474921409548738
0.1450602561220191
0.1453713224735919
0.1456824139776866
0.14599353075454952
0.14630467223414337
0.1466158371735789
0.1469270236749651
0.14723822920362017
0.14754945060659283
0.14786068413143172
0.1481719254451539
0.1484831696533558
0.14879441131941815
0.14910564448375094
0.14941686268303092
0.1497280589693833
0.15003922592946112
0.15035035570337674
0.15066144000344242
0.15097247013267717
0.1512834370030417
0.15159433115335869
0.15190514276688605
0.15221586168850385
0.15252647744148304
0.1528369792438052
0.15314735602400092
0.15345759643648024
0.15376768887632758
0.15407762149353874
0.1543873822066751
0.15469695871591474
0.15500633851548307
0.15531550890544474
0.15562445700284264
0.15593316975216848
0.15624163393515944
0.1565498361799048
0.1568577629692609
0.1571654006485659
0.1574727354326524
0.15777975341215586
0.15808644055911966
0.15839278273189789
0.15869876567936325
0.15900437504442133
0.15930959636684316
0.15961441508542415
0.15991881653947948
0.1602227859696922
0.16052630851832517
0.16082936922881627
0.16113195304477249
0.16143404480838397
0.16173562925827895
0.16203669102684098
0.16233721463701273
0.162637184498612
0.16293658490418525
0.16323540002442763
0.1635336139031958
0.16383121045214508
0.1641281734450212
0.16442448651163738
0.16472013313156744
0.16501509662759295
0.1653093601589301
0.16560290671427824
0.16589571910471737
0.1661877799564944
0.1664790717037302
0.16676957658108385
0.1670592766164075
0.16734815362342995
0.16763618919449927
0.16792336469342345
0.16820966124844133
0.16849505974535728
0.1687795408208732
0.16906308485615273
0.1693456719706463
0.169627282016211
0.1699078945715547
0.170187488937033
0.17046604412983116
0.1707435388795525
0.17101995162424746
0.17129526050689867
0.17156944337239705
0.1718424777650206
0.17211434092644642
0.17238500979430876
0.17265446100132573
0.17292267087500857
0.1731896154379712
0.17345527040885234
0.1737196112038618
0.1739826129389631
0.17424425043269987
0.17450449820967376
0.1747633305046781
0.17502072126749546
0.17527664416835448
0.17553107260405376
0.17578397970474552
0.17603533834138163
0.1762851211338142
0.17653330045954616
0.17677984846312494
0.17702473706616922
0.17726793797802015
0.17750942270700346
0.17774916257228932
0.1779871287163379
0.17822329211791194
0.1784576236056397
0.17869009387211326
0.1789206734884955
0.17914933291962623
0.17937604253959347
0.17960077264775728
0.17982349348519855
0.1800441752515665
0.18026278812230645
0.18047930226623377
0.18069368786343487
0.18090591512346438
0.18111595430381108
0.18132377572860706
0.18152934980754887
0.1817326470550063
0.18193363810928273
0.18213229375200815
0.18232858492762524
0.18252248276294702
0.1827139585867547
0.18290298394940438
0.1830895306424164
0.18327357071801867
0.18345507650861287
0.18363402064613926
0.1838103760813085
0.18398411610267662
0.18415521435553167
0.18432364486057193
0.18448938203234552
0.1846524006974247
0.18481267611229715
0.18497018398094295
0.18512490047207794
0.18527680223604137
0.1854258664213047
0.18557207069058268
0.18571539323652336
0.18585581279696314
0.18599330866972424
0.18612786072694115
0.1862594494288944
0.18638805583734558
0.18651366162834843
0.18663624910453103
0.18675580120683286
0.18687230152568737
0.18698573431163762
0.18709608448537732
0.18720333764720992
0.18730748008591452
0.18740849878701824
0.18750638144046397
0.18760111644767247
0.1876926929279972
0.18778110072456294
0.18786633040949516
0.18794837328853314
0.1880272214050309
0.18810286754334607
0.18817530523162002
0.18824452874394884
0.18831053310195417
0.18837331407575755
0.18843286818435775
0.18848919269542702
0.1885422856245263
0.18859214573375
0.18863877252980793
0.188682166261554
0.18872232791697077
0.1887592592196218
0.18879296262457962
0.18882344131384532
0.18885069919126532
0.18887474087696543
0.18889557170130808
0.18891319769838935
0.1889276255990907
0.18893886282369474
0.1889469174740851
0.18895179832553904
0.18895351481813294
0.18895207704777167
0.1889474957568598
0.18893978232462785
0.18892894875712982
0.18891500767692898
0.18889797231248648
0.18887785648726574
0.18885467460857494
0.1888284416561558
0.18879917317054004
0.1887668852411869
0.18873159449441604
0.18869331808115378
0.18865207366450715
0.18860787940717874
0.188560753958741
0.18851071644278286
0.18845778644394215
0.18840198399484173
0.18834332956293826
0.18828184403730402
0.1882175487153496
0.1881504652895039
0.18808061583386385
0.1880080227908274
0.18793270895772063
0.18785469747343134
0.18777401180506456
0.18769067573462417
0.18760471334574022
0.1875161490104463
0.18742500737602072
0.18733131335189998
0.1872350920966748
0.18713636900518013
0.18703516969568323
0.18693151999718247
0.1868254459368258
0.18671697372745139
0.18660612975526494
0.18649294056765542
0.1863774328611578
0.18625963346957022
0.18613956935223136
0.1860172675824604
0.18589275533617064
0.18576605988065736
0.18563720856356533
0.18550622880204282
0.18537314807208183
0.18523799389805276
0.18510079384243294
0.1849615754957357
0.1848203664666377
0.18467719437231409
0.1845320868289755
0.18438507144261634
0.18423617579996943
0.18408542745967374
0.18393285394365197
0.18377848272870176
0.18362234123829962
0.1834644568346178
0.1833048568107555
0.18314356838318266
0.18298061868439683
0.18281603475579314
0.18264984354074568
0.18248207187789858
0.18231274649466928
0.18214189400095773
0.18196954088306413
