0.11878044139691529
0.10598237733451685
0.0983331675266385
0.09285334317472281
0.08857333295191179
0.08505569625729671
0.08206605216940531
0.07946428352548952
0.07715993345373313
0.07509116537265981
0.07321379087560893
0.0714950960886796
0.06991015348686862
0.0684395087534293
0.067067670294083
0.06578208869567075
0.06457244679100368
0.06343015315026991
0.062347972628234584
0.06131975157421302
0.06034020987950132
0.0594047811509113
0.05850948815279242
0.057650844509036
0.056825776240635395
0.05603155848373686
0.05526576396564077
0.05452622068760635
0.05381097689084554
0.05311827183628947
0.05244651126684733
0.05179424666971203
0.05116015764571894
0.050543036837295795
0.049941776975168814
0.04935535969181376
0.04878284581499576
0.048223366907363466
0.04767611786148332
0.04714035039175644
0.0466153672897395
0.046100517336935966
0.045595190778381416
0.045098815282851715
0.04461085231979369
0.04413079390153091
0.04365815963784526
0.04319249406303404
0.04273336419912485
0.0422803573232084
0.04183307891617648
0.04139115075173005
0.04095420913299826
0.04052190322167789
0.04009389346790257
0.03966985011848552
0.039249451772032776
0.038832383988788105
0.03841833792282858
0.038007008965320326
0.03759809539321415
0.03719129699250719
0.03678631365339959
0.036382843884437285
0.03598058329380844
0.03557922295444862
0.035178447614675236
0.034777933782354525
0.03437734757545031
0.03397634247544822
0.033574556525734385
0.03317160935464865
0.032767098726139574
0.0323605966201467
0.031951644414884475
0.031539747461414566
0.031124368392793148
0.030704919474879817
0.030280752846538223
0.029851149071152355
0.029415301702063988
0.02897230256013004
0.028521112722451197
0.028060538138550906
0.027589192865907396
0.02710544284139071
0.026607335791786903
0.026092523378902097
0.025558096187843608
0.025000470231109316
0.02441490116400319
0.02379538543657535
0.023133642100208036
0.02241742573242556
0.021631464032308367
0.020746192961293385
0.019707153831780407
0.018464572020648953
0.01697855609744732
