0.11478546293329756
0.09820456232249938
0.08803028076069638
0.08069299154303032
0.07497205599324237
0.07030013500942169
0.06636598989831828
0.06297986286605634
0.060017229198362006
0.05739181023332407
0.05504127516824124
0.05291907557345481
0.05098949942601401
0.049224529457837715
0.047601767807793925
0.046103019184446564
0.0447132960822855
0.04342010322934531
0.04221291192337826
0.041082766641103864
0.04002198576059741
0.03902393051916017
0.03808282428539804
0.03719360949809812
0.03635183319333485
0.03555355450193101
0.03479526922468154
0.03407384782180816
0.033386484040607387
0.03273065205493723
0.03210407047130945
0.031504671916656526
0.030930577195576018
0.030380073213201034
0.029851594020377948
0.02934370446278422
0.02885508601339851
0.028384524444950796
0.027930899060371498
0.027493173248350277
0.02707038617061776
0.026661645419582734
0.026266120510960896
0.02588303709737642
0.02551167180637686
0.025151347620814078
0.024801429731474752
0.024461321801864118
0.02413046259333435
0.023808322905733755
0.02349440279460369
0.023188229030838982
0.02288935277287789
0.02259734742492692
0.022311806657643457
0.022032342570098205
0.02175858397382121
0.021490174781356324
0.02122677248299908
0.020968046696351526
0.020713677773962574
0.02046335545467329
0.02021677754431833
0.019973648611147945
0.019733678680682046
0.019496581913660202
0.019262075249203536
0.01902987699320506
0.01879970532914372
0.018571276724818453
0.018344304203678954
0.018118495443165343
0.017893550654314926
0.017669160186253616
0.017445001785223405
0.017220737419324627
0.01699600955553237
0.016770436742388373
0.016543608306635555
0.016315077909847684
0.01608435562422041
0.01585089806344816
0.015614095926974355
0.015373258055085657
0.015127590701535158
0.014876170131492767
0.014617905711163955
0.014351489132403751
0.014075322869859429
0.013787416549864043
0.01348523189889293
0.013165441643926672
0.012823536670219968
0.012453147675734947
0.012044783522560687
0.011583240846261722
0.011041490360309854
0.010362786568080968
0.00938283752951064
