0.16635202424503565
0.15717142982613835
0.15158346610083998
0.14755602504578325
0.14439943092343732
0.14179419466554538
0.13956615429120367
0.13761020581001587
0.13585831275127044
0.13426410314743104
0.13279469206263053
0.13142601065601475
0.13013998168616342
0.12892273161284537
0.12776341553043805
0.12665342020182768
0.12558580888702747
0.12455492560050793
0.12355610730069108
0.12258547085130594
0.12163975284347124
0.1207161874668459
0.11981241221255476
0.1189263942308275
0.11805637221883422
0.11720081012512489
0.11635835994310743
0.11552783156524862
0.11470816817257713
0.11389842600016639
0.11309775758896502
0.11230539783510757
0.11152065229881074
0.11074288734949993
0.1099715218114859
0.10920601984215554
0.10844588482719596
0.10769065411850733
0.1069398944728592
0.1061931980750017
0.10545017904937759
0.10471047038094017
0.10397372117870941
0.10323959422629633
0.10250776377217795
0.10177791351942238
0.10104973478016989
0.10032292476467221
0.09959718497831417
0.09887221970289814
0.09814773454070418
0.09742343500149292
0.09669902511381166
0.09597420604268979
0.09524867469612318
0.09452212230265197
0.0937942329418282
0.09306468200843775
0.0923331345899343
0.09159924373462369
0.09086264858563205
0.09012297235248132
0.08937982008806819
0.08863277623382201
0.08788140188956829
0.08712523175688225
0.08636377069504925
0.08559648981676975
0.08482282203566681
0.0840421569587378
0.08325383499295157
0.08245714050467128
0.0816512938314955
0.08083544189547875
0.0800086471008233
0.07916987411222128
0.07831797399478878
0.07745166504135433
0.07656950940214338
0.0756698843415391
0.07475094654114793
0.07381058729361879
0.07284637560284447
0.07185548498928701
0.07083459797519286
0.06977977942848594
0.06868630554690852
0.06754842814772202
0.06635904202767608
0.06510920249368841
0.06378740267650877
0.062378448625391845
0.06086162463638084
0.05920752216632493
0.057372136078254796
0.05528473001783616
0.05281916134354318
0.049709842277739724
0.045185352762038555
