0.013572376028739279
0.013631869618496934
0.013691860705946659
0.013752355614058269
0.013813360794918243
0.013874882833768766
0.013936928453196206
0.013999504517457385
0.014062618036962926
0.014126276172903936
0.014190486242039113
0.014255255721643921
0.014320592254614154
0.014386503654741352
0.014452997912159055
0.014520083198951216
0.014587767874945392
0.014656060493675894
0.014724969808530917
0.014794504779077082
0.014864674577568732
0.014935488595642426
0.015006956451196365
0.015079087995455777
0.015151893320227315
0.015225382765336935
0.015299566926255373
0.01537445666191053
0.015450063102682444
0.015526397658576602
0.015603472027581685
0.015681298204197412
0.01575988848813735
0.015839255493193934
0.01591941215626856
0.016000371746551563
0.01608214787485176
0.01616475450306215
0.016248205953757932
0.0163325169199076
0.01641770247469841
0.016503778081451523
0.016590759603621715
0.016678663314862875
0.01676750590914304
0.01685730451089566
0.0169480766851851
0.017039840447866723
0.017132614275720923
0.017226417116541805
0.017321268399150585
0.017417188043312954
0.017514196469532478
0.017612314608691688
0.017711563911510086
0.017811966357792156
0.017913544465426336
0.01801632129910755
0.018120320478744626
0.018225566187516806
0.018332083179540763
0.01843989678711107
0.018549032927471405
0.018659518109076234
0.0187713794373001
0.018884644619552
0.018999341969748822
0.01911550041210352
0.01923314948418197
0.019352319339184333
0.019473040747399056
0.019595345096788553
0.019719264392655002
0.01984483125634229
0.01997207892292436
0.020101041237837135
0.02023175265240594
0.020364248218224155
0.020498563580339378
0.020634734969206987
0.020772799191365036
0.02091279361879624
0.021054756176939353
0.021198725331310828
0.021344740072709006
0.02149283990097034
0.021643064807247137
0.021795455254789656
0.021950052158204565
0.02210689686118284
0.02226603111267443
0.022427497041509762
0.022591337129460733
0.022757594182738324
0.02292631130194068
0.023097531850453653
0.023271299421322944
0.023447657802618718
0.023626650941317506
0.023808322905733672
0.02399271784653565
0.024179879956391977
0.024369853428293876
0.024562682412606947
0.024758410972915014
0.024957083040716806
0.025158742369047322
0.025363432485103463
0.025571196641945765
0.025782077769373885
0.025996118424055772
0.02621336073901519
0.02643384637256832
0.026657616456823397
0.026884711545841666
0.02711517156357681
0.027349035751705882
0.027586342617465613
0.027827129881617736
0.02807143442666089
0.02831929224541245
0.028570738390085074
0.028825806921979467
0.02908453086191864
0.02934694214154605
0.029613071555611735
0.029882948715364437
0.030156602003171232
0.03043405852847958
0.030715344085236806
0.031000483110874118
0.03128949864696419
0.03158241230165509
0.03187924421397237
0.03218001302008901
0.03248473582164182
0.0327934281561837
0.03310610396983678
0.03342277559222232
0.03374345371372603
0.03406814736515047
0.03439686389980747
0.0347296089780844
0.03506638655452134
0.035407198867422336
0.03575204643101767
0.036100928030187426
0.03645384071774945
0.036810779814304646
0.03717173891062874
0.03753670987258801
0.03790568284855519
0.038278646279287926
0.03865558691022997
0.039036489806191815
0.03942133836834667
0.03981011435349583
0.04020279789552591
0.040599367528996184
0.04099980021477446
0.04140407136764535
0.041812154885804365
0.042224023182150724
0.04263964721728743
0.04305899653413116
0.04348203929404165
0.043908742314360955
0.044339071107270714
0.044772989919859486
0.045210461775296196
0.045651448515008214
0.04609591084175676
0.04654380836350559
0.04699509963797671
0.04744974221779597
0.04790769269611704
0.04836890675262946
0.04883333919984708
0.04930094402958356
0.04977167445951537
0.05024548297974089
0.050722321399247115
0.051202140892194596
0.05168489204393321
0.052170524896676694
0.052658988994745956
0.05315023342931616
0.05364420688259168
0.05414085767134093
0.05464013378973106
0.05514198295139858
0.05564635263070135
0.05615319010309788
0.056662442484605696
0.057174056770294995
0.057687979871771704
0.05820415865361704
0.05872253996874538
0.059243070692651244
0.05976569775651754
0.06029036817916286
0.06081702909780092
0.06134562779760441
0.061876111740048464
0.06240842859003037
0.06294252624175059
0.06347835284335299
0.06401585682032115
0.06455498689762369
0.06509569212062027
0.06563792187472259
0.06618162590382093
0.06672675432748364
0.06727325765693702
0.06782108680984178
0.06837019312387072
0.06892052836911397
0.06947204475931408
0.07002469496196258
0.07057843210726168
0.07113320979598639
0.07168898210625102
0.0722457035992172
0.07280332932375307
0.0733618148200759
0.07392111612239487
0.07448118976058327
0.07504199276090158
0.07560348264579982
0.07616561743282121
0.07672835563263512
0.07729165624622572
0.07785547876126368
0.07841978314768334
0.07898452985249851
0.07954967979387859
0.08011519435451518
0.08068103537430626
0.08124716514238213
0.08181354638850585
0.08238014227386933
0.08294691638131943
0.08351383270503447
0.08408085563968234
0.08464794996908913
0.08521508085444113
0.08578221382205113
0.08634931475071447
0.08691634985868299
0.08748328569028553
0.08805008910221698
0.08861672724953082
0.08918316757135472
0.08974937777636177
0.09031532582802146
0.09088097992965807
0.09144630850934515
0.0920112802046583
0.09257586384731967
0.0931400284477548
0.09370374317959228
0.09426697736413074
0.0948297004548016
0.09539188202165148
0.09595349173587145
0.09651449935440061
0.09707487470462729
0.09763458766921475
0.09819360817107785
0.09875190615853337
0.09930945159065206
0.09986621442283232
0.1004221645926263
0.10097727200583638
0.101531506522909
0.10208483794564766
0.10263723600426998
0.10318867034482627
0.10373911051700778
0.10428852596236084
0.10483688600293067
0.10538415983035242
0.10593031649541129
0.10647532489808945
0.10701915377811887
0.10756177170605516
0.10810314707489171
0.1086432480922294
0.10918204277301596
0.10971949893287157
0.11025558418200959
0.11079026591977104
0.11132351132978092
0.11185528737573623
0.11238556079783857
0.11291429810987644
0.11344146559697019
0.11396702931398016
0.11449095508458872
0.11501320850105883
0.11553375492467467
0.11605255948686172
0.11656958709099784
0.11708480241490313
0.11759816991402133
0.11810965382527998
0.11861921817163494
0.11912682676728843
0.11963244322358386
0.12013603095556459
0.1206375531891935
0.12113697296922506
0.12163425316771988
0.12212935649319376
0.12262224550038907
0.12311288260065824
0.1236012300729419
0.1240872500753372
0.12457090465723089
0.12505215577199147
0.125530965290198
0.12600729501338997
0.12648110668832263
0.1269523620217063
0.12742102269541275
0.1278870503821262
0.12835040676142145
0.12881105353624542
0.1292689524497809
0.12972406530267094
0.13017635397058033
0.13062578042207082
0.1310723067367676
0.13151589512379006
0.13195650794042557
0.1323941077110205
0.13282865714606085
0.13326011916142275
0.13368845689775982
0.13411363374001015
0.13453561333698996
0.1349543596210535
0.13536983682778814
0.1357820095157264
0.1361908425860388
0.13659630130219388
0.13699835130954788
0.13739695865485094
0.13779208980563273
0.13818371166945237
0.13857179161298255
0.13895629748090496
0.1393371976145962
0.13971446087057496
0.14008805663869198
0.14045795486004048
0.14082412604456154
0.14118654128832595
0.14154517229046953
0.1418999913697669
0.14225097148081364
0.14259808622981013
0.142941309889919
0.14328061741618342
0.14361598445998972
0.14394738738305424
0.14427480327092332
0.1445982099459687
0.14491758597986634
0.14523291070554684
0.1455441642285994
0.14585132743812762
0.1461543820170354
0.14645331045174434
0.14674809604132621
0.1470387229060442
0.14732517599530026
0.14760744109497548
0.147885504834164
0.14815935469129277
0.14842897899962756
0.14869436695215613
0.14895550860585266
0.14921239488532181
0.14946501758581904
0.1497133693756509
0.14995744379795636
0.15019723527187176
0.15043273909308175
0.15066395143376154
0.15089086934191315
0.15111349074010497
0.15133181442361676
0.15154584005799981
0.15175556817605892
0.15196100017426473
0.152162138308606
0.15235898568988937
0.15255154627849932
0.15273982487862964
0.152923827131992
0.1531035595110223
0.15327902931158813
0.15345024464521834
0.15361721443085924
0.15377994838618186
0.15393845701844083
0.15409275161491132
0.1542428442329133
0.1543887476894355
0.15453047555037944
0.15466804211943616
0.15480146242661091
0.15493075221641212
0.1550559279357214
0.15517700672135867
0.15529400638735907
0.15540694541197977
0.15551584292445003
0.15562071869148103
0.15572159310355388
0.15581848716099922
0.15591142245988548
0.15600042117773325
0.1560855060590665
0.15616670040082442
0.15624402803764037
0.15631751332701074
0.15638718113436392
0.1564530568180477
0.15651516621424585
0.1565735356218429
0.15662819178724668
0.15667916188918835
0.15672647352350563
0.15677015468793043
0.15681023376688724
0.156846739516321
0.15687970104856178
0.15690914781723986
0.1569351096022647
0.1569576164948771
0.15697669888278418
0.15699238743539112
0.1570047130891373
0.157013707032948
0.15701940069380962
0.15702182572247736
0.157021013979327
0.15701699752035503
0.15700980858333694
0.15699947957415158
0.1569860430532769
0.15696953172246553
0.156949978411606
0.15692741606577504
0.15690187773248557
0.1568733965491395
0.15684200573068463
0.15680773855748537
0.15677062836340694
0.15673070852411985
0.15668801244562794
0.15664257355302072
0.1565944252794544
0.15654360105536622
0.15649013429791836
0.1564340584006808
0.15637540672354722
0.15631421258289185
0.15625050924196254
0.15618432990151526
0.1561157076906883
0.15604467565811495
0.15597126676327958
0.1558955138681102
0.15581744972881278
0.155737106987943
0.1556545181667164
0.15556971565755437
0.15548273171686658
0.15539359845806558
0.1553023478448151
0.1552090116845071
0.15511362162196812
0.15501620913339142
0.15491680552049236
0.15481544190488628
0.1547121492226833
0.1546069582193021
0.1544998994444936
0.15439100324757815
0.15428029977288893
0.15416781895541867
0.15405359051667097
0.15393764396070592
0.1538200085703831
0.15370071340379526
0.1535797872908899
0.1534572588302759
