0.13308299765459988
0.13408884046736716
0.13303695458024442
0.13146758720718674
0.12976044669800324
0.12804390254820655
0.1263669451876728
0.12474831491239512
0.12319394193411452
0.1217040313543197
0.12027620966048412
0.11890700643412402
0.1175925765010213
0.11632905563390804
0.11511273227944856
0.11394012450101682
0.11280800751405357
0.11171341560562009
0.11065363117806297
0.10962616782128484
0.10862875115861705
0.10765929947169146
0.10671590513969105
0.1057968173848585
0.10490042651340285
0.10402524967526004
0.10316991807908013
0.10233316555555866
0.10151381834639488
0.10071078599321209
0.0999230532051346
0.09914967259419996
0.09838975817578426
0.09764247954379668
0.09690705663940305
0.096182755042096
0.09546888171939169
0.09476478118042114
0.09406983198429082
0.0933834435597039
0.09270505329901846
0.09203412389170285
0.09137014086854302
0.09071261032937206
0.0900610568304342
0.0894150214102732
0.0887740597342551
0.08813774033956305
0.08750564296476053
0.08687735694762369
0.08625247967698679
0.08563061508405315
0.08501137215966231
0.08439436348245613
0.08377920374616557
0.08316550826888808
0.0825528914711191
0.08194096530565113
0.08132933762052483
0.08071761043815326
0.0801053781261435
0.07949222543691212
0.0788777253865557
0.07826143694322837
0.07764290248094843
0.07702164496213602
0.07639716478797222
0.07576893625644046
0.07513640355236507
0.07449897617242451
0.07385602367044293
0.07320686959048614
0.07255078439717791
0.07188697719768206
0.0712145859716025
0.0705326659553227
0.06984017572991097
0.06913596041471616
0.06841873120703085
0.06768704021424403
0.06693924921930071
0.0661734904687631
0.06538761687303582
0.06457913793263001
0.0637451360881044
0.06288215574698988
0.06198605335332541
0.06105179060845009
0.060073142402424576
0.05904227287635753
0.057949099726588627
0.05678030370706088
0.05551771118292652
0.05413549475485005
0.05259495357034663
0.05083376562277252
0.04874053619258533
0.04608000644552244
0.04216572915806999
