0.0013655376286551626
0.0014137412255251815
0.0014634546832561091
0.0015147175415662333
0.0015675701040330052
0.0016220534441996892
0.0016782094113640678
0.0017360806360240816
0.0017957105349720535
0.001857143315977576
0.0019204239820601703
0.0019855983353031723
0.0020527129801905172
0.0021218153264123026
0.002192953591141012
0.0022661768007066416
0.0023415347916680637
0.0024190782112201263
0.0024988585169104516
0.002580927975645037
0.0026653396619087423
0.0027521474551970015
0.0028414060366065697
0.0029331708845463794
0.003027498269532476
0.003124445248029302
0.003224069655304307
0.003326430097242112
0.0034315859411047055
0.003539597305182697
0.0036505250473133806
0.0037644307522082462
0.0038813767175991665
0.004001425939128722
0.004124642093966728
0.004251089523136478
0.004380833212501191
0.004513938772397322
0.004650472415890089
0.004790500935609433
0.004934091679180332
0.005081312523184438
0.005232231845683007
0.0053869184972429734
0.005545441770483016
0.005707871368127927
0.0058742773695443645
0.006044730195777663
0.006219300573075855
0.006398059494904074
0.006581078182456214
0.006768428043673454
0.006960180630763209
0.007156407596269641
0.007357180647657856
0.007562571500493824
0.007772651830182206
0.00798749322233603
0.008207167121778144
0.008431744780221948
0.00866129720265145
0.008895895092459
0.009135608795362092
0.009380508242156603
0.009630662890342409
0.009886141664687952
0.010147012896765478
0.010413344263524027
0.010685202724963774
0.01096265446095468
0.011245764807278055
0.01153459819094986
0.0118292180648924
0.012129686842029766
0.01243606582886203
0.012748415158622267
0.013066793724057349
0.01339125910993795
0.013721867525352621
0.014058673735888622
0.014401730995763237
0.014751090979992748
0.015106803716689182
0.015468917519572356
0.015837478920746023
0.0162125326038918
0.01659412133789233
0.01698228591102806
0.017377065065802888
0.017778495434493585
0.018186611475516715
0.01860144541067857
0.01902302716343475
0.01945138429818581
0.019886541960752388
0.020328522820071776
0.020777347011225245
0.021233032079856634
0.021695592928081764
0.022165041761952317
0.02264138804056262
0.023124638426872915
0.0236147967403095
0.024111863911241732
0.02461583793737425
0.02512671384215387
0.025644483635225923
0.026169136275024082
0.02670065763355453
0.02723903046341794
0.027784234367140004
0.028336245768851603
0.028895037888386182
0.029460580717808882
0.03003284100046935
0.030611782212562277
0.031197364547287665
0.0317895449016109
0.03238827686565671
0.03299351071478737
0.033605193404360356
0.03422326856721508
0.0348476765138756
0.035478354235516846
0.03611523540967404
0.03675825040873126
0.03740732631116628
0.03806238691557298
0.03872335275744504
0.03939014112872277
0.04006266610008841
0.04074083854599045
0.04142456617239379
0.04211375354722413
0.04280830213349046
0.04350811032504237
0.04421307348495673
0.04492308398649869
0.0456380312566268
0.0463578018220088
0.04708227935749196
0.0478113447369955
0.04854487608676339
0.04928274884093661
0.050024835799378914
0.050771007187712436
0.0515211307194941
0.05227507166046841
0.053032692894837086
0.05379385499348291
0.05455841628407018
0.05532623292294839
0.05609715896880302
0.056871046457957763
0.057647745481269635
0.05842710426251818
0.059208969238237846
0.05999318513888388
0.06077959507126754
0.06156804060217316
0.06235836184307256
0.063150397535844
0.06394398513942987
0.06473896091732659
0.06553516002583054
0.06633241660294839
0.06713056385789229
0.06792943416106254
0.06872885913443566
0.06952866974227254
0.07032869638205902
0.0711287689755859
0.07192871706009313
0.07272836987938494
0.07352755647483442
0.0743261057761897
0.07512384669211644
0.07592060820036084
0.07671621943748738
0.07751050978809557
0.0783033089734341
0.07909444713934563
0.07988375494346481
0.08067106364158572
0.08145620517314622
0.08223901224574087
0.08301931841860627
0.08379695818500232
0.08457176705343755
0.08534358162766337
0.0861122396853854
0.0868775802556378
0.08763944369473847
0.08839767176081781
0.0891521076868178
0.08990259625195862
0.09064898385158132
0.09139111856536924
0.09212885022386447
0.0928620304732577
0.0935905128384259
0.09431415278415795
0.09503280777454731
0.09574633733053561
0.09645460308554638
0.09715746883921778
0.09785480060919144
0.09854646668094519
0.09923233765563805
0.09991228649598033
0.10058618857007612
0.10125392169326924
0.10191536616794772
0.10257040482131846
0.10321892304114927
0.10386080880946857
0.10449595273422935
0.10512424807892523
0.10574559079019025
0.10635987952335496
0.10696701566599687
0.10756690335948144
0.10815944951849576
0.10874456384861031
0.1093221588618783
0.1098921498904672
0.11045445509838231
0.1110089954912643
0.11155569492430872
0.11209448010831291
0.11262528061389748
0.1131480288739003
0.11366266018399707
0.11416911270156344
0.11466732744280794
0.11515724827821722
0.11563882192633612
0.11611199794591737
0.11657672872648417
0.11703296947732411
0.11748067821497216
0.11791981574919536
0.1183503456675356
0.11877223431844242
0.11918545079302967
0.11958996690549928
0.11998575717227628
0.12037279878988155
0.1207510716116002
0.12112055812297162
0.12148124341614713
0.12183311516316003
0.12217616358813893
0.12251038143852189
0.12283576395529222
0.12315230884229422
0.12346001623466057
0.12375888866639762
0.12404893103716136
0.1243301505782734
0.12460255681801768
0.12486616154624508
0.12512097877834427
0.12536702471860195
0.12560431772300057
0.12583287826149253
0.1260527288797817
0.1262638941606558
0.12646640068491038
0.1266602769918868
0.12684555353967764
0.12702226266502564
0.1271904385429501
0.1273501171461367
0.12750133620412402
0.12764413516233175
0.12777855514093095
0.1279046388936294
0.12802243076636644
0.1281319766559748
0.12823332396881315
0.12832652157943114
0.1284116197892517
0.12848867028534267
0.12855772609926996
0.12861884156607623
0.1286720722834
0.12871747507076847
0.12875510792907824
0.1287850300002928
0.12880730152737496
0.12882198381447452
0.12882913918739763
0.12882883095436592
0.1288211233670994
0.12880608158221968
0.12878377162301308
0.1287542603415599
0.1287176153812346
0.12867390513961247
0.12862319873178452
0.1285655659540917
0.12850107724830023
0.12842980366622114
0.1283518168347933
0.12826718892162903
0.12817599260104984
0.12807830102060247
0.12797418776807312
0.1278637268390141
0.12774699260477257
0.12762405978104746
0.12749500339696673
0.12735989876469683
0.12721882144958974
0.12707184724086612
0.1269190521228455
0.12676051224672413
0.1265963039028996
0.12642650349385232
0.1262511875075769
0.12607043249157057
0.1258843150273803
0.1256929117057019
0.12549629910204074
0.1252945537529246
0.12508775213267664
0.12487597063073658
0.12465928552954153
0.12443777298295222
0.12421150899523109
0.12398056940056373
0.1237450298431263
0.1235049657576901
0.12326045235076422
0.12301156458226925
0.12275837714774207
0.12250096446105901
0.12223940063768657
0.12197375947844197
0.121704114453761
0.12143053868847936
0.12115310494710396
0.12087188561958112
0.12058695270755626
0.12029837781111069
0.12000623211597577
0.11971058638121818
0.11941151092738772
0.11910907562512135
0.11880334988419844
0.11849440264304051
0.1181823023586478
0.11786711699696378
0.11754891402366646
0.11722776039537486
0.11690372255126213
0.1165768664050772
0.11624725733755492
0.11591496018921732
0.11558003925355859
0.11524255827059665
0.1149025804207991
0.11456016831936267
0.11421538401084869
0.11386828896415918
0.1135189440678559
0.1131674096258054
0.1128137453531492
0.11245801037259073
0.11210026321099048
0.11174056179626235
0.11137896345456727
0.11101552490779198
0.11065030227131195
0.11028335105202464
0.10991472614665426
0.10954448184031179
0.10917267180531448
0.1087993491002493
0.10842456616927293
0.10804837484165714
0.10767082633154734
0.10729197123795403
0.10691185954495097
0.10653054062208622
0.10614806322499487
0.10576447549620499
0.10537982496614023
0.10499415855429811
0.10460752257061562
0.10421996271699963
0.10383152408903146
0.10344225117782785
0.10305218787205944
0.10266137746012133
0.10226986263244808
0.10187768548396708
0.10148488751669033
0.10109150964243296
0.10069759218565799
0.10030317488644463
0.0999082969035639
0.09951299681767373
0.0991173126346151
0.09872128178881101
0.09832494114676449
0.09792832701064647
0.09753147512197402
0.09713442066537703
0.09673719827243504
0.0963398420256052
0.09594238546220984
0.09554486157850212
0.09514730283379091
0.09474974115463469
0.09435220793908333
0.09395473406098609
0.09355734987434355
0.09316008521770835
0.09276296941863749
0.09236603129817539
0.09196929917538843
0.09157280087192565
0.09117656371661759
0.09078061455010433
0.09038497972949106
0.0899896851330288
0.08959475616481732
0.08920021775952963
0.08880609438715109
0.08841241005773642
0.08801918832617822
0.08762645229698784
0.08723422462908187
0.08684252754057781
0.08645138281359521
0.086060811799055
0.0856708354214839
0.08528147418381438
0.08489274817218673
0.08450467706073828
0.08411728011639613
0.0837305762036532
0.08334458378934262
0.0829593209473945
0.0825748053635848
0.08219105434026991
0.08180808480110519
0.08142591329574794
0.08104455600454119
0.08066402874318446
0.08028434696737619
0.07990552577744375
0.07952757992294546
0.07915052380725254
0.07877437149210872
0.07839913670215978
0.0780248328294649
0.07765147293797511
0.07727906976798796
0.07690763574057408
0.0765371829619731
0.07616772322796231
0.075799268028196
0.075431828550511
0.07506541568520253
0.07470004002927175
0.07433571189063487
0.07397244129230454
0.07361023797653565
0.07324911140893847
0.07288907078255749
0.07253012502191647
0.07217228278702797
0.0718155524773684
0.07145994223581711
0.07110545995256157
0.0707521132689645
0.07039990958139725
0.07004885604503533
0.06969895957761738
0.06935022686316972
0.06900266435569163
0.06865627828280524
0.06831107464936922
0.06796705924105259
0.06762423762787517
0.06728261516770745
0.06694219700973766
0.066602988097896
0.06626499317424742
0.06592821678234259
0.06559266327053534
0.06525833679526125
0.06492524132427901
0.06459338063987555
0.06426275834203549
0.06393337785157
0.06360524241321466
0.06327835509868479
