0.0014036046893045814
0.0014542773422867358
0.0015066010819796399
0.0015606220225907654
0.0016163872356596241
0.0016739447535829132
0.0017333435720790647
0.0017946336515276932
0.0018578659171189817
0.0019230922577470333
0.001990365523582914
0.002059739522261593
0.0021312690136193503
0.0022050097029177804
0.0022810182324932184
0.002359352171770697
0.002440070005584598
0.002523231120749845
0.0026088957908304983
0.002697125159055465
0.0027879812193345073
0.0028815267953313656
0.002977825517555221
0.0030769417984356263
0.0031789408053511693
0.003283888431587112
0.0033918512652027395
0.0035028965557943083
0.0036170921791463216
0.0037345065997690732
0.0038552088313277347
0.003979268394973822
0.0041067552755977045
0.004237739876027491
0.004372292969205632
0.004510485648383786
0.004652389275381197
0.004798075426961597
0.004947615839388582
0.005101082351227755
0.005258546844471357
0.005420081184066429
0.005585757155936337
0.005755646403590116
0.005929820363422066
0.006108350198809169
0.0062913067331197906
0.006478760381752879
0.006670781083331974
0.006867438230182557
0.0070688005982263435
0.007274936276429098
0.007485912595943119
0.007701796059087156
0.007922652268309661
0.008148545855284454
0.008379540410285123
0.00861569841199191
0.00885708115787813
0.009103748695328845
0.009355759753639246
0.009613171677042696
0.009876040358913193
0.010144420177287207
0.010418363931845476
0.01069792278249318
0.010983146189671084
0.01127408185652834
0.011570775673080902
0.011873271662475482
0.012181611929471745
0.012495836611252711
0.012815983830662084
0.013142089651965172
0.013474188039219293
0.013812310817336595
0.014156487635909154
0.014506745935863555
0.014863110919000874
0.015225605520472751
0.015594250384233108
0.015969063841498723
0.016350061892244305
0.01673725818974739
0.01713066402818994
0.017530288333321167
0.01793613765616653
0.018348216169773723
0.018766525668966832
0.01919106557307866
0.019621832931623118
0.020058822432859294
0.020502026415196634
0.020951434881376907
0.021407035515371126
0.021868813701915596
0.02233675254860866
0.022810832910486148
0.023291033416983117
0.023777330501190228
0.024269698431304457
0.024768109344173367
0.025272533280822324
0.025782938223860574
0.026299290136647613
0.026821553004108323
0.027349688875076772
0.027883657906049825
0.02842341840623036
0.02896892688373537
0.029520138092848786
0.030077005082193103
0.030639479243698226
0.0312075103622432
0.03178104666584844
0.032360034876296434
0.03294442026006225
0.033534146679431054
0.034129156643689984
0.034729391360277806
0.03533479078577603
0.03594529367663912
0.03656083763954787
0.0371813591812892
0.0378067937580559
0.0384370758240726
0.03907213887945285
0.03971191551719572
0.040356337469238474
0.04100533565148318
0.0416588402077161
0.042316780552351024
0.04297908541192447
0.04364568286528028
0.04431650038238252
0.044991464861701025
0.04567050266612241
0.04635353965733657
0.047040501228660714
0.04773131233626507
0.04842589752876658
0.0491241809751671
0.04982608649111295
0.05053153756346013
0.05124045737313082
0.051952768816258266
0.05266839452361333
0.05338725687831683
0.05410927803184373
0.054834379918330456
0.05556248426720228
0.05629351261413543
0.05702738631038637
0.057764026530507245
0.05850335427848696
0.05924529039234849
0.05998975554724606
0.06073667025710386
0.061485954874840626
0.06223752959123574
0.06299131443248543
0.0637472292565053
0.06450519374804345
0.065265127412659
0.06602694956963578
0.06679057934389449
0.06755593565697435
0.06832293721715443
0.06909150250878504
0.06986154978090858
0.07063299703523893
0.07140576201358317
0.07217976218477481
0.07295491473120794
0.0737311365350421
0.07450834416416244
0.07528645385797539
0.07606538151311792
0.07684504266915945
0.07762535249438143
0.07840622577170483
0.07918757688485376
0.07996931980482272
0.08075136807673128
0.08153363480713677
0.08231603265188148
0.08309847380454138
0.08388086998555272
0.08466313243207846
0.08544517188868467
0.08622689859888771
0.08700822229763633
0.08778905220478095
0.08856929701959582
0.08934886491639715
0.09012766354131424
0.0909056000102555
0.09168258090811854
0.09245851228927982
0.09323329967940436
0.0940068480786086
0.0947790619660071
0.09554984530566696
0.09631910155400192
0.09708673366861231
0.09785264411860145
0.09861673489637074
0.09937890753090828
0.10013906310257042
0.1008971022593661
0.10165292523473457
0.1024064318668137
0.10315752161919245
0.10390609360312913
0.10465204660122535
0.10539527909253327
0.10613568927907541
0.10687317511374433
0.10760763432956921
0.10833896447029512
0.10906706292226115
0.1097918269475271
0.11051315371820958
0.11123094035199005
0.11194508394874525
0.11265548162825034
0.11336203056890998
0.11406462804746093
0.11476317147959425
0.1154575584614394
0.11614768681185605
0.11683345461547007
0.11751476026639707
0.11819150251259125
0.11886358050075407
0.11953089382174292
0.12019334255641478
0.12085082732183638
0.12150324931780093
0.12215051037358177
0.12279251299485794
0.12342916041074714
0.124060356620878
0.12468600644243971
0.12530601555713855
0.12592029055800147
0.1265287389959609
0.12713126942615555
0.12772779145389085
0.12831821578018904
0.12890245424687619
0.12948041988114262
0.13005202693952067
0.13061719095122482
0.13117582876079542
0.13172785856999608
0.1322731999789138
0.13281177402620759
0.1333435032284625
0.1338683116185983
0.13438612478329642
0.13489686989938843
0.13540047576918557
0.13589687285469115
0.13638599331067414
0.13686777101656533
0.13734214160714037
0.13780904250196707
0.13826841293358466
0.13872019397439017
0.13916432856221495
0.13960076152455775
0.14002943960147296
0.1404503114670807
0.14086332774969468
0.14126844105055902
0.14166560596116684
0.14205477907917813
0.14243591902290564
0.14280898644438533
0.14317394404101536
0.14353075656577852
0.14387939083603063
0.14421981574087933
0.14455200224714815
0.1448759234039334
0.1451915543457678
0.14549887229439984
0.14579785655920235
0.14608848853622275
0.1463707517058942
0.14664463162942187
0.14691011594386455
0.1471671943559335
0.1474158586345244
0.14765610260201173
0.14788792212432306
0.14811131509982567
0.14832628144703908
0.14853282309121435
0.1487309439497989
0.14892064991681447
0.14910194884618488
0.149274850534034
0.14943936669999397
0.14959551096754387
0.14974329884342352
0.1498827476961404
0.15001387673361138
0.15013670697997228
0.15025126125157973
0.15035756413224755
0.15045564194774735
0.15054552273960575
0.15062723623823332
0.1507008138354189
0.15076628855622015
0.15082369503028942
0.1508730694626605
0.15091444960403716
0.1509478747206091
0.15097338556343487
0.15099102433741857
0.15100083466991515
0.1510028615789965
0.15099715144140702
0.15098375196024288
0.1509627121323816
0.15093408221569599
0.1508979136960793
0.15085425925431195
0.15080317273279453
0.1507447091021828
0.15067892442794195
0.15060587583685708
0.15052562148351573
0.15043822051679695
0.15034373304638426
0.15024222010933386
0.15013374363671395
0.15001836642034322
0.14989615207965118
0.1497671650286746
0.1496314704432209
0.1494891342282102
0.14934022298521932
0.14918480398024708
0.1490229451117151
0.1488547148787237
0.1486801823495822
0.14849941713062104
0.1483124893353125
0.14811946955370414
0.14792042882218337
0.1477154385935871
0.14750457070766676
0.14728789736192122
0.14706549108280836
0.14683742469734667
0.14660377130511565
0.14636460425066583
0.14611999709634405
0.14587002359554435
0.14561475766639337
0.14535427336587214
0.14508864486438366
0.1448179464207746
0.14454225235780938
0.14426163703810807
0.1439761748405472
0.14368594013713104
0.14339100727033233
0.14309145053090938
0.14278734413619865
0.14247876220888356
0.14216577875624703
0.14184846764989872
0.14152690260598694
0.14120115716588888
0.14087130467738196
0.14053741827629312
0.14019957086862922
0.13985783511318
0.13951228340460087
0.13916298785696402
0.13881002028778328
0.1384534522025055
0.13809335477946622
0.13772979885530895
0.13736285491085864
0.13699259305745531
0.13661908302373066
0.13624239414283823
0.13586259534012007
0.13547975512121208
0.13509394156058369
0.1347052222905019
0.13431366449041926
0.1339193348767792
0.13352229969323187
0.1331226247012572
0.13272037517118818
0.13231561587362806
0.13190841107125728
0.1314988245110228
0.13108691941670458
0.13067275848185256
0.1302564038630874
0.1298379171737612
0.12941735947796845
0.1289947912849027
0.12857027254355374
0.12814386263773603
0.12771562038144424
0.1272856040145281
0.12685387119868113
0.1264204790137356
0.12598548395425802
0.1255489419264394
0.12511090824527088
0.12467143763200295
0.1242305842118761
0.12378840151212356
0.12334494246023042
0.12290025938245358
0.12245440400258722
0.12200742744097204
0.12155938021374085
0.12111031223229562
0.12066027280300679
0.12020931062713303
0.11975747380095086
0.11930480981609182
0.11885136556008069
0.11839718731706622
0.11794232076874084
0.11748681099544633
0.11703070247745279
0.11657403909641206
0.11611686413697653
0.11565922028858028
0.11520114964737305
0.11474269371830792
0.114283893417372
0.1138247890739591
0.11336542043337522
0.11290582665947663
0.11244604633743183
0.11198611747660542
0.11152607751355675
0.11106596331515112
0.11060581118177693
0.11014565685066624
0.10968553549931309
0.10922548174898544
0.10876552966832703
0.1083057127770462
0.10784606404968405
0.10738661591946291
0.10692740028220676
0.10646844850033282
0.10600979140691041
0.10555145930978138
0.10509348199573981
0.10463588873477092
0.10417870828433878
0.1037219688937257
0.10326569830841781
0.10280992377453363
0.10235467204329213
0.10189996937551954
0.1014458415461898
0.10099231384899598
0.1005394111009521
0.10008715764702014
0.09963557736476042
0.09918469366900473
0.09873452951654654
0.09828510741084912
0.097836449406766
0.09738857711527538
0.09694151170822202
0.09649527392306956
0.09604988406765547
0.09560536202495207
0.09516172725782762
0.09471899881380852
0.09427719532983853
0.09383633503703531
0.09339643576544165
0.09295751494876925
0.09251958962913409
0.09208267646178225
0.09164679171980433
0.09121195129883752
0.09077817072175198
0.09034546514332342
0.08991384935488878
0.08948333778898288
0.08905394452395815
0.08862568328858222
