0.0038707885228126543
0.004000102117940656
0.004133001942992362
0.0042695556816412725
0.0044098310805621155
0.004553895904602312
0.004701817891327419
0.00485366470499788
0.00500950389007828
0.0051694028243031084
0.0053334286714201914
0.005501648333648627
0.005674128403950207
0.0058509351181793776
0.006032134307184557
0.006217791348949238
0.00640797112084622
0.0066027379520586585
0.0068021555762880145
0.007006287084777643
0.0072151948797541665
0.007428940628346294
0.007647585217066509
0.00787118870689843
0.008099810289091798
0.008333508241692864
0.008572339886913319
0.008816361549361655
0.009065628515216466
0.009320194992390118
0.00958011407174806
0.009845437689398995
0.010116216590138338
0.01039250029208677
0.010674337052521604
0.010961773834989863
0.011254856277708378
0.01155362866328237
0.011858133889768835
0.012168413443115783
0.012484507370994546
0.012806454258017644
0.013134291202406834
0.013468053794051305
0.013807776094025642
0.014153490615532907
0.014505228306275653
0.014863018532271705
0.015226889063082422
0.015596866058459696
0.015972974056401135
0.016355235962582176
0.016743673041166737
0.017138304906973323
0.017539149518954966
0.017946223175010365
0.018359540508043934
0.018779114483308323
0.019204956396951314
0.0196370758757618
0.0200754808780767
0.020520177695814698
0.0209711709576004
0.021428463632951977
0.02189205703747718
0.022361950839068515
0.02283814306502996
0.02332063011012074
0.023809406745459227
0.02430446612826566
0.02480579981237649
0.025313397759533215
0.025827248351360077
0.02634733840202097
0.026873653171502393
0.027406176379490582
0.02794489021979979
0.028489775375308363
0.029040811033361646
0.029597974901626106
0.030161243224321094
0.0307305907988088
0.03130599099251713
0.03188741576012963
0.03247483566101678
0.03306821987690037
0.033667536229654405
0.03427275119927509
0.0348838299419334
0.03550073630809575
0.036123432860691085
0.03675188089325657
0.037386040448081415
0.03802587033425092
0.038671328145621325
0.03932237027865296
0.03997895195009274
0.040641027214469355
0.04130854898136599
0.04198146903246247
0.04265973803829229
0.04334330557472224
0.0440321201390772
0.04472612916595506
0.0454252790426426
0.04612951512415339
0.04683878174784087
0.047553022247577875
0.04827217896748498
0.04899619327517765
0.049725005574526665
0.050458555317905385
0.05119678101792777
0.05193962025863219
0.05268700970614093
0.05343888511873862
0.05419518135640733
0.05495583238977236
0.055720771308475275
0.05648993032897187
0.05726324080172718
0.058040633217851356
0.058822037215127104
0.059607381583478475
0.060396594269849
0.06118960238252494
0.0619863321948958
0.06278670914866255
0.06359065785652224
0.06439810210433039
0.06520896485275679
0.0660231682384643
0.06684063357482747
0.06766128135220104
0.06848503123779745
0.06931180207514762
0.0701415118832305
0.07097407785525875
0.07180941635717122
0.07264744292586889
0.07348807226721829
0.07433121825386965
0.07517679392292001
0.07602471147347262
0.07687488226411507
0.0777272168103815
0.07858162478222638
0.07943801500155656
0.0802962954398738
0.0811563732160629
0.08201815459439293
0.08288154498274325
0.08374644893114647
0.08461277013065305
0.08548041141260132
0.08634927474831577
0.08721926124929513
0.08809027116793705
0.08896220389883108
0.08983495798069491
0.09070843109897286
0.09158252008914891
0.09245712094083836
0.09333212880266145
0.09420743798798398
0.09508294198152534
0.09595853344690675
0.09683410423515532
0.0977095453941978
0.09858474717939975
0.09945959906515645
0.10033398975757524
0.10120780720827788
0.10208093862934836
0.10295327050944075
0.10382468863107491
0.10469507808913892
0.10556432331060339
0.10643230807546705
0.10729891553894894
0.10816402825491639
0.10902752820057315
0.10988929680239579
0.11074921496331841
0.11160716309116897
0.11246302112834661
0.11331666858271694
0.11416798455974259
0.11501684779579635
0.11586313669267428
0.11670672935325893
0.11754750361833427
0.11838533710449667
0.11922010724317023
0.1200516913206599
0.12087996651923577
0.12170480995918537
0.12252609874183473
0.12334370999345462
0.12415752091003712
0.12496740880289281
0.12577325114502225
0.12657492561819605
0.12737231016073897
0.12816528301590185
0.12895372278083467
0.12973750845605408
0.13051651949539317
0.13129063585633038
0.13205973805069254
0.1328237071956273
0.13358242506482182
0.1343357741398824
0.13508363766182546
0.1358258996826323
0.1365624451167773
0.13729315979271084
0.13801793050417893
0.13873664506139433
0.13944919234191838
0.14015546234126297
0.14085534622311113
0.14154873636911208
0.14223552642819437
0.14291561136534225
0.1435888875097629
0.1442552526024199
0.14491460584284555
0.14556684793520785
0.14621188113356132
0.14684960928624208
0.14747993787936098
0.14810277407933448
0.14871802677442897
0.14932560661524952
0.14992542605416315
0.1505173993835821
0.15110144277309767
0.15167747430541162
0.15224541401103808
0.15280518390174208
0.15335670800268353
0.15389991238323986
0.15443472518648071
0.1549610766572696
0.15547889916897106
0.15598812724874578
0.156488697601405
0.15698054913183418
0.15746362296593341
0.15793786247009806
0.15840321326921258
0.1588596232631499
0.15930704264177753
0.15974542389846258
0.16017472184207138
0.16059489360747192
0.16100589866453063
0.1614076988256158
0.16180025825160893
0.16218354345643782
0.16255752331012246
0.16292216904038004
0.16327745423275297
0.16362335482931895
0.16395984912597533
0.1642869177683154
0.16460454374612404
0.16491271238650246
0.16521141134565248
0.16550063059933928
0.16578036243204947
0.16605060142488065
0.16631134444218132
0.166562590616961
0.16680434133512745
0.16703660021852884
0.16725937310688682
0.16747266803860417
0.16767649523050998
0.16787086705655124
0.16805579802548343
0.16823130475756787
0.1683974059603372
0.1685541224034388
0.16870147689260284
0.16883949424276362
0.16896820125037143
0.16908762666492955
0.169197801159786
0.16929875730222438
0.16939052952287686
0.1694731540845026
0.16954666905016574
0.16961111425084263
0.1696665312524966
0.16971296332265234
0.1697504553965123
0.1697790540426301
0.1697988074281956
0.1698097652839557
0.1698119788687955
0.16980550093402919
0.16979038568741878
0.1697666887569586
0.16973446715445245
0.16969377923892726
0.16964468467988675
0.16958724442045986
0.16952152064046638
0.16944757671941807
0.16936547719949274
0.16927528774850664
0.16917707512291097
0.16907090713083345
0.16895685259520238
0.16883498131695884
0.1687053640384038
0.1685680724066777
0.16842317893742192
0.16827075697861443
0.16811088067463198
0.167943624930528
0.16776906537656966
0.16758727833304182
0.16739834077533433
0.16720233029933795
0.16699932508715803
0.16678940387316182
0.1665726459103848
0.1663491309372973
0.16611893914494985
0.1658821511445156
0.1656388479352362
0.1653891108727818
0.16513302163804205
0.1648706622063562
0.1646021148171843
0.16432746194424525
0.16404678626611274
0.16376017063728532
0.16346769805974215
0.16316945165497887
0.16286551463653975
0.16255597028304858
0.16224090191174434
0.16192039285251925
0.16159452642247657
0.16126338590099404
0.16092705450531286
0.16058561536664134
0.16023915150678464
0.1598877458152944
0.15953148102714343
0.15917043970092426
0.1588047041975752
0.15843435665962652
0.15805947899097328
0.15768015283716968
0.15729645956623994
0.1569084802500194
0.15651629564599723
0.15611998617968614
0.15571963192749688
0.15531531260012243
0.15490710752642628
0.1544950956378357
0.15407935545322582
0.15365996506430118
0.1532370021214653
0.15281054382017206
0.1523806668877573
0.15194744757074513
0.1515109616226208
0.1510712842920674
0.15062849031166148
0.1501826538870184
0.1497338486863828
0.14928214783066235
0.14882762388389148
0.1483703488441232
0.1479103941347436
0.1474478305961971
0.14698272847812438
0.1465151574318937
0.14604518650353632
0.1455728841270612
0.14509831811815316
0.14462155566824808
0.14414266333896802
0.14366170705692338
0.14317875210886083
0.14269386313716487
0.14220710413569093
0.1417185384459339
0.14122822875352187
0.14073623708502675
0.14024262480508248
0.1397474526138136
0.1392507805445538
0.13875266796185842
0.13825317355980032
0.13775235536053643
0.1372502707131506
0.13674697629275312
0.1362425280998396
0.13573698145989682
0.1352303910232514
0.13472281076515447
0.13421429398609647
0.13370489331234164
0.1331946606966829
0.13268364741940564
0.1321719040894513
0.13165948064578725
0.13114642635896034
0.13063278983283844
0.1301186190065342
0.1296039611565012
0.12908886289879484
0.12857337019150322
0.12805752833732598
0.1275413819863126
0.12702497513874023
0.12650835114813658
0.12599155272443546
0.125474621937265
0.12495760021935737
0.12444052837008335
0.1239234465590977
0.12340639433009937
0.1228894106046931
0.12237253368635598
0.12185580126449963
0.12133925041862342
0.12082291762255609
0.12030683874878301
0.11979104907285126
0.11927558327784998
0.11876047545896318
0.11824575912809054
0.11773146721853028
0.11721763208972469
0.11670428553205936
0.11619145877171955
0.11567918247559117
0.11516748675621058
0.11465640117675835
0.11414595475609113
0.11363617597380965
0.11312709277536237
0.11261873257717736
0.11211112227182474
0.1116042882332014
0.11109825632173909
0.1105930518896317
0.11008869978608193
0.10958522436255808
0.1090826494780674
0.10858099850443625
0.10808029433159916
0.10758055937289251
0.10708181557035257
0.10658408440001138
0.10608738687719838
0.10559174356182993
0.10509717456370254
0.10460369954777521
0.10411133773944287
0.10362010792980342
0.10313002848090908
0.10264111733100828
0.10215339199976864
0.10166686959348853
0.10118156681028756
0.10069749994527821
0.10021468489571972
0.09973313716614823
0.09925287187348503
0.0987739037521208
0.09829624715897456
0.09781991607852764
0.09734492412782919
0.0968712845614752
0.0963990102765575
0.09592811381758365
0.09545860738136486
0.09499050282187432
0.09452381165507151
0.09405854506369699
0.09359471390202778
0.0931323287006044
0.09267139967091875
0.09221193671006955
0.09175394940538029
0.09129744703898007
0.09084243859234908
0.09038893275082627
0.08993693790807722
0.08948646217052791
0.08903751336175486
