0.03728887782482886
0.037471501587250766
0.03765591652100379
0.03784215040503314
0.03803023173122356
0.038220189286388435
0.03841205274819687
0.03860585238310939
0.038801618998660685
0.03899938435688973
0.03919918072608383
0.03940104102577685
0.039604999182520396
0.03981108960405297
0.04001934762782198
0.04022980933335551
0.04044251158531756
0.04065749211850619
0.040874789473704105
0.04109444314297799
0.041316493346136594
0.04154098136878976
0.04176794930164482
0.04199744024322202
0.042229498212509264
0.04246416824098561
0.042701496339630315
0.04294152954562398
0.043184315947439586
0.04342990467885098
0.04367834593462465
0.043929691058457926
0.044183992472221836
0.04444130372739504
0.04470167956469311
0.04496517586825644
0.04523184972178319
0.045501759424054926
0.04577496449863794
0.046051525694153654
0.0463315050427901
0.046614965830389515
0.046901972642151464
0.04719259136404853
0.047486889188846575
0.04778493465030588
0.048086797606587295
0.048392549273633456
0.048702262220624744
0.04901601038701309
0.04933386907961751
0.04965591498235262
0.04998222616203162
0.05031288206431392
0.05064796352597757
0.05098755275707822
0.051331733353925255
0.05168059028529866
0.0520342098854838
0.0523926798512601
0.05275608922770836
0.05312452839249114
0.05349808904435095
0.05387686418554778
0.05426094809731888
0.05465043632108853
0.05504542563172761
0.05544601401038336
0.05585230060953677
0.056264385724269575
0.056682370753304546
0.05710635815771197
0.05753645142063797
0.05797275499901321
0.0584153742769553
0.05886441551024358
0.05931998577161398
0.05978219289367738
0.0602511454029716
0.060726952456558916
0.0612097237713144
0.06169956955163935
0.06219660041355913
0.0627009273032078
0.06321266141523672
0.06373191410518661
0.06425879679937747
0.06479342090096395
0.06533589769328578
0.06588633823848081
0.0664448532747323
0.0670115531079884
0.06758654750257445
0.06816994556704407
0.06876185563797915
0.06936238516030177
0.0699716405652895
0.07058972714495267
0.07121674892433157
0.07185280853188228
0.0724980070660214
0.07315244396084188
0.07381621684917448
0.0744894214236576
0.07517215129634844
0.07586449785689661
0.07656655012886736
0.07727839462553428
0.07800011520443462
0.0787317929214566
0.0794735058839804
0.08022532910448144
0.08098733435361256
0.0817595900137263
0.08254216093313319
0.08333510828075205
0.08413848940208594
0.08495235767664747
0.08577676237674313
0.08661174852833459
0.08745735677408721
0.08831362323888496
0.08918057939822284
0.09005825194960199
0.0909466626874108
0.09184582838151377
0.09275576065970301
0.09367646589473001
0.09460794509564757
0.09555019380430894
0.0965032019968492
0.09746695399087345
0.09844142835821876
0.09942659784386211
0.10042242929116502
0.10142888357362875
0.10244591553350703
0.10347347392753643
0.10451150137982594
0.10555993434249028
0.10661870306376499
0.10768773156416209
0.10876693762072591
0.10985623275948057
0.11095552225621143
0.11206470514590404
0.11318367424062772
0.11431231615625304
0.11545051134779905
0.11659813415370633
0.11775505284886566
0.11892112970648426
0.12009622106878268
0.12128017742644379
0.12247284350676171
0.12367405837040617
0.12488365551668976
0.12610146299719477
0.1273273035376424
0.12856099466774354
0.12980234885894507
0.13105117366975083
0.13230727189843475
0.13357044174284566
0.13484047696706591
0.13611716707459093
0.13740029748769977
0.1386896497327463
0.13998500163092567
0.14128612749426034
0.14259279832630642
0.14390478202731974
0.14522184360336327
0.14654374537903025
0.14787024721331304
0.14920110671822104
0.15053607947969866
0.15187491928043453
0.1532173783240929
0.15456320746054392
0.15591215641168388
0.15726397399734893
0.15861840836095747
0.15997520719441585
0.16133411796186714
0.16269488812189428
0.16405726534775883
0.16542099774526994
0.16678583406792977
0.1681515239289689
0.1695178180099081
0.17088446826531312
0.1722512281234244
0.1736178526823307
0.17498409890141128
0.17634972578773817
0.17771449457722685
0.1790781689102481
0.18044051500150274
0.18180130180394447
0.18316030116657267
0.1845172879859289
0.18587204035113775
0.18722433968238575
0.188573970862706
0.18992072236299892
0.1912643863602069
0.1926047588485847
0.19394163974405043
0.19527483298157244
0.19660414660561426
0.1979293928536338
0.19925038823268257
0.20056695358914217
0.20187891417165665
0.20318609968734372
0.204488344351356
0.20578548692990975
0.20707737077687027
0.20836384386403362
0.20964475880522143
0.21091997287433029
0.21218934801749142
0.21345275085948118
0.21471005270455165
0.21596112953185528
0.21720586198561512
0.21844413536023685
0.21967583958053524
0.22090086917724847
0.2221191232580444
0.22333050547418729
0.22453492398306268
0.22573229140674322
0.2269225247867886
0.22810554553545945
0.2292812793835376
0.23044965632493655
0.23161061055827645
0.23276408042561905
0.2339100083485226
0.23504834076160572
0.23617902804378335
0.23730202444734605
0.23841728802504053
0.23952478055532483
0.24062446746593885
0.2417163177559503
0.2428003039164277
0.24387640184986975
0.24494459078854705
0.24600485321187776
0.24705717476297268
0.24810154416447608
0.24913795313381795
0.25016639629800586
0.2511868711080512
0.25219937775315676
0.2532039190747579
0.25420050048051995
0.2551891298583879
0.25616981749078366
0.257142575969033
0.258107420108108
0.2590643668617747
0.26001343523820575
0.2609546462161522
0.26188802266172634
0.2628135892458779
0.2637313723626169
0.26464140004805287
0.2655437019003031
0.2664383090003276
0.2673252538337459
0.2682045702136804
0.26907629320468074
0.26994045904776987
0.2707971050866578
0.27164626969515776
0.2724879922058554
0.273322312840051
0.2741492726390229
0.27496891339663626
0.27578127759333043
0.2765864083315078
0.2773843492723593
0.27817514457414017
0.27895883883192746
0.2797354770188693
0.28050510442895576
0.28126776662131653
0.2820235093660705
0.28277237859172877
0.2835144203341757
0.2842496806872226
0.2849782057547553
0.28570004160446966
0.2864152342232094
0.2871238294739007
0.28782587305408863
0.2885214104560722
0.2892104869286408
0.2898931474403974
0.29056943664467555
0.2912393988460336
0.2919030779683208
0.292560517524305
0.29321176058685156
0.2938568497616374
0.29449582716138745
0.29512873438161974
0.2957556124778776
0.29637650194443516
0.29699144269445427
0.29760047404157386
0.29820363468290484
0.2988009626834205
0.29939249546170194
0.2999782697770289
0.3005583217177799
0.301132686691125
0.3017013994139732
0.3022644939051587
0.3028220034788287
0.3033739607390108
0.30392039757532247
0.3044613451598053
0.3049968339448402
0.3055268936621239
0.3060515533226715
0.3065708412178144
0.3070847849211645
0.30759341129151097
0.30809674647662333
0.3085948159179242
0.30908764435600194
0.3095752558369408
0.31005767371942006
0.31053492068257327
0.311007018734559
0.311473989221823
0.3119358528390187
0.31239262963956016
0.3128443390467691
0.3132909998656007
0.31373263029490733
0.31416924794022016
0.3146008698270157
0.3150275124144455
0.31544919160949786
0.3158659227815649
0.3162777207773953
0.31668459993639875
0.3170865741062817
0.317483656658993
0.3178758605069474
0.3182631981195094
0.31864568153971423
0.3190233224012002
0.31939613194532995
0.319764121038485
0.320127300189503
0.32048567956724505
0.3208392690182677
0.3211880780845797
0.32153211602146786
0.32187139181536684
0.3222059142017605
0.32253569168308943
0.32286073254665193
0.32318104488247906
0.32349663660116496
0.3238075154516378
0.32411368903885257
0.3244151648413918
0.32471195022895516
0.32500405247972525
0.32529147879759385
0.3255742363292317
0.3258523321809899
0.32612577343561755
0.3263945671687809
0.32665872046537264
0.326918240435598
0.32717313423081984
0.32742340905916084
0.3276690722008389
0.327910131023233
0.3281465929956622
0.3283784657038724
0.32860575686421545
0.32882847433751256
0.329046626142593
0.32926022046949843
0.3294692656923408
0.32967377038181084
0.32987374331732505
0.3300691934988038
0.3302601301580766
0.3304465627699011
0.33062850106259944
0.3308059550282947
0.3309789349327511
0.3311474513248083
0.3313115150454081
0.3314711372362046
0.3316263293477612
0.33177710314732706
0.33192347072618744
0.3320654445065962
0.332203037248276
0.33233626205449435
0.33246513237771136
0.33258966202479784
0.3327098651618259
0.33282575631843503
0.3329373503917674
0.33304466264998117
0.33314770873534305
0.3332465046668973
0.33334106684272086
0.3334314120417648
0.3335175574252836
0.3335995205378632
0.3336773193080448
0.33375097204855453
0.33382049745614384
0.33388591461104355
0.3339472429760418
0.334004502395187
0.33405771309213056
0.3341068956681075
0.3341520710995697
0.33419326073547445
0.33423048629424046
0.3342637698603747
0.33429313388078624
0.33431860116078527
0.3343401948597858
0.33435793848671697
0.33437185589515117
0.3343819712781611
0.33438830916291346
0.3343908944050123
0.33438975218259404
0.3343849079901966
0.33437638763239735
0.3343642172172473
0.3343484231494933
0.33432903212361503
0.33430607111667543
0.3342795673809999
0.33424954843669463
0.33421604206401134
0.33417907629557153
0.3341386794084585
0.3340948799161883
0.3340477065605679
0.3339971883034532
0.3339433543184124
0.3338862339823098
0.33382585686681476
0.33376225272984644
0.3336954515069663
0.33362548330272374
0.33355237838196433
0.3334761671611135
0.3333968801994378
0.3333145481902971
0.3332292019523942
0.3331408724210285
0.3330495906393659
0.3329553877497244
0.3328582949848937
0.3327583436594857
0.3326555651613293
0.33254999094291293
0.33244165251288427
0.33233058142761
0.3322168092828022
0.3321003677052221
0.3319812883444589
0.3318596028647942
0.33173534293715834
0.3316085402311753
0.331479226407313
0.33134743310913245
0.33121319195564575
0.3310765345337866
0.33093749239099357
0.3307960970279141
0.33065237989123064
0.3305063723666082
0.33035810577177416
0.3302076113497254
0.3300549202620707
0.329900063582505
0.32974307229042343
0.3295839772646735
0.3294228092774466
