0.026011594015137415
0.02610140156577714
0.026191830326844003
0.026282875997892297
0.026374749824401515
0.026467038650875636
0.026559971142958175
0.0266535519676076
0.02674778134894
0.026842679682395634
0.02693824008325965
0.027034479280713848
0.02713150171616929
0.027229103234658898
0.02732739819298982
0.027426402085599662
0.027526185455754883
0.02762661175018591
0.027727765204259392
0.02782970803772462
0.027932382848431855
0.028035755389449562
0.028139927983925905
0.02824486104914183
0.028350564821137365
0.028457046229195985
0.02856431423357249
0.028672406430460377
0.028781301257707437
0.028890984594823164
0.029001535476490356
0.029112895277044606
0.029225114053012084
0.029338198608258276
0.029452140379009208
0.029566950441432437
0.029682652114952274
0.029799252794773756
0.029916762497462522
0.030035188975995487
0.03015453361359476
0.030274832834523195
0.030396070602897004
0.030518273028790545
0.03064145611717793
0.03076561661886822
0.030890777259298913
0.0310169475116086
0.03114413818103976
0.031272364114307005
0.031401635870119085
0.03153197157916293
0.03166337821375807
0.03179587053762494
0.03192946520350464
0.03206417577939528
0.032200013573214795
0.032336994888650016
0.032475135126148254
0.032614449644273485
0.032754951969681416
0.032896660312621104
0.033039588026430824
0.033183752775709244
0.033329170443167445
0.03347585905414072
0.03362383606830115
0.033773116941686714
0.03392372224073881
0.03407566790653851
0.03422897495387799
0.03438366031635394
0.03453974464182164
0.03469724788501347
0.034856189572408165
0.03501659123248053
0.03517847295555104
0.03534185722825155
0.03550676580603696
0.03567322126125452
0.035841246410211434
0.036010864915626696
0.03618210067727497
0.03635497810472437
0.03652952215620221
0.036705758973744174
0.036883714251752964
0.03706341491096581
0.037244888280592005
0.0374281623355925
0.03761326571714433
0.037800227683118
0.037989078087744765
0.03817984745830082
0.03837256724469631
0.03856726935716966
0.03876398655232546
0.03896275242117151
0.039163601119966876
0.03936656776406079
0.03957168831948786
0.039778999444901625
0.03998853879948044
0.04020034472468425
0.04041445668501018
0.040630914967041847
0.04084976075877143
0.04107103630859665
0.04129478477112743
0.041521050383916715
0.04174987835985314
0.04198131505117047
0.04221540784349484
0.04245220520734431
0.04269175679987877
0.04293411341407439
0.04317932702611779
0.043427450836759515
0.04367853923347512
0.04393264793069726
0.04418983385763854
0.044450155290335316
0.04471367181713069
0.04498044438495414
0.04525053533509228
0.04552400838090263
0.04580092868439332
0.04608136284280831
0.046365378939944565
0.04665304653327348
0.04694443670466323
0.04723962205899324
0.04753867676742142
0.047841676562500934
0.04814869877040046
0.04845982231929782
0.048775127765226856
0.04909469729115518
0.04941861473283084
0.04974696558662076
0.05007983701495733
0.05041731785744327
0.05075949864209329
0.051106471578184265
0.05145833057127146
0.051815171214234526
0.052177090790285416
0.05254418826622667
0.052916564285527164
0.05329432116464034
0.05367756286985795
0.054066395011422595
0.05446092482288338
0.05486126113814417
0.055267514368378366
0.055679796474448935
0.056098220935706176
0.05652290271295343
0.05695395821290717
0.05739150524209532
0.05783566296484389
0.05828655184724478
0.05874429360720986
0.059209011151619174
0.05968082851532397
0.06015987079149139
0.06064626406006703
0.061140135309859074
0.06164161235648937
0.06215082375665425
0.06266789871514933
0.06319296698887868
0.06372615878572509
0.06426760465785424
0.06481743538982641
0.06537578188377276
0.0659427750359412
0.06651854561219585
0.06710322411601709
0.06769694065238352
0.06829982478688586
0.06891200540054684
0.06953361053907738
0.07016476725807307
0.07080560146362261
0.07145623774920981
0.07211679922767765
0.07278740735938677
0.07346818177679618
0.07415924010575689
0.07486069778242446
0.07557266786820992
0.07629526086086463
0.07702858450361512
0.07777274359180782
0.0785278397770931
0.07929397137055545
0.0800712331440364
0.08085971613068539
0.08165950742462155
0.0824706899805135
0.08329334241331264
0.0841275387983755
0.08497334847280678
0.08583083583781341
0.08670006016346041
0.08758107539535046
0.08847392996415361
0.08937866659869466
0.09029532214235475
0.09122392737416925
0.09216450683447382
0.09311707865564305
0.09408165439902211
0.09505823889764321
0.09604683010598661
0.0970474189569208
0.09805998922635786
0.09908451740617182
0.10012097258566124
0.10116931634242149
0.1022295026425725
0.1033014777511543
0.10438518015288065
0.10548054048375337
0.10658748147394477
0.10770591790208599
0.10883575656153284
0.10997689623882698
0.11112922770442721
0.112292633716286
0.11346698903618029
0.1146521604590945
0.1158480068557552
0.11705437922845412
0.11827112078014569
0.11949806699687379
0.12073504574352378
0.12198187737279334
0.1232383748473138
0.12450434387475903
0.12577958305575995
0.12706388404442379
0.12835703172113494
0.12965880437740446
0.13096897391236045
0.13228730604054903
0.13361356051058684
0.13494749133422726
0.13628884702537494
0.1376373708484931
0.1389928010758852
0.14035487125323803
0.14172331047289743
0.14309784365413844
0.14447819182991847
0.14586407243931787
0.14725519962511316
0.14865128453567242
0.1500520356305848
0.15145715898921772
0.15286635862156528
0.15427933678060937
0.155695794275552
0.1571154307851376
0.1585379451704098
0.159963035786205
0.16139040079068256
0.1628197384522574
0.16425074745324975
0.16568312718965902
0.16711657806643204
0.16855080178763676
0.16998550164101545
0.17142038277633398
0.1728551524770703
0.17428952042493456
0.17572319895679722
0.17715590331360012
0.17858735188086555
0.18001726642048368
0.18144537229342256
0.18287139867312424
0.18429507874929837
0.18571614992193938
0.18713435398535794
0.1885494373020966
0.18996115096661337
0.1913692509586432
0.19277349828620133
0.19417365911819434
0.1955695049066521
0.1969608124986201
0.1983473642377754
0.1997289480558507
0.2011053575539832
0.2024763920741234
0.20384185676066788
0.20520156261248157
0.20655532652551822
0.20790297132624144
0.20924432579608987
0.21057922468720588
0.21190750872971145
0.21322902463077453
0.21454362506575567
0.2158511686617068
0.21715151997352972
0.21844454945307334
0.2197301334114801
0.22100815397508664
0.222278499035176
0.2235410621918941
0.22479574269263458
0.22604244536519524
0.22728108054601337
0.2285115640037695
0.22973381685866764
0.23094776549767565
0.2321533414860098
0.23335048147515253
0.23453912710767028
0.23571922491910172
0.2368907262371769
0.23805358707862198
0.23920776804379137
0.24035323420937096
0.24148995501937753
0.24261790417467896
0.24373705952124786
0.2448474029373554
0.24594892021990244
0.24704160097007336
0.248125438478504
0.24920042961012331
0.25026657468884306
0.25132387738225714
0.25237234458648283
0.2534119863113096
0.2544428155657728
0.2554648482442912
0.2564781030134834
0.2574826011997851
0.25847836667796964
0.25946542576067705
0.26044380708904974
0.26141354152456187
0.26237466204213516
0.2633272036246116
0.26427120315866576
0.2652066993322248
0.2661337325334628
0.2670523447514261
0.26796257947835417
0.2688644816137438
0.26975809737020395
0.27064347418115403
0.2715206606103965
0.2723897062636127
0.2732506617018054
0.27410357835673205
0.27494850844834323
0.27578550490426307
0.2766146212813268
0.2774359116891967
0.2782494307160769
0.2790552333565336
0.2798533749414372
0.2806439110700384
0.28142689754417205
0.2822023903046104
0.28297044536955135
0.2837311187752525
0.284484466518802
0.2852305445030213
0.2859694084834997
0.2867011140177387
0.287425716416413
0.28814327069671475
0.28885383153778227
0.2895574532381906
0.29025418967548156
0.2909440942677213
0.2916272199370562
0.2923036190752464
0.29297334351115323
0.29363644448015147
0.2942929725954403
0.294942977821224
0.2955865094477275
0.29622361606802217
0.2968543455566234
0.29747874504982724
0.2980968609277525
0.2987087387980523
0.29931442348125525
0.299913958997703
0.30050738855604475
0.30109475454324774
0.30167609851608596
0.3022514611940703
0.30282088245377464
0.3033844013245192
0.3039420559853741
0.3044938837634379
0.30503992113335326
0.30558020371801237
0.3061147662904248
0.3066436427766896
0.30716686626004586
0.30768446898595225
0.3081964823681595
0.3087029369957341
0.3092038626409957
0.30969928826832666
0.3101892420438168
0.31067375134570646
0.3111528427755856
0.31162654217032054
0.3120948746146599
0.3125578644544952
0.31301553531073634
0.3134679100937634
0.31391501101843095
0.3143568596195803
0.3147934767680364
0.31522488268705084
0.3156510969691664
0.3160721385934658
0.31648802594318015
0.3168987768236263
0.3173044084804447
0.31770493761810886
0.3181003804186829
0.31849075256079834
0.31887606923882394
0.31925634518220514
0.31963159467494795
0.32000183157522566
0.3203670693350799
0.3207273210202014
0.3210825993297582
0.32143291661626183
0.32177828490544014
0.3221187159161036
0.32245422107997873
0.3227848115614977
0.32311049827751775
0.3234312919169542
0.3237472029603117
0.32405824169909636
0.32436441825508383
0.3246657425994409
0.32496222457167034
0.32525387389837346
0.3255407002118108
0.3258227130682461
0.326099921966061
0.32637233636362456
0.3266399656969071
0.32690281939682136
0.32716090690628213
0.3274142376969685
0.3276628212857797
0.32790666725097345
0.32814578524797294
0.3283801850248329
0.3286098764373584
0.32883486946386037
0.32905517421954383
0.3292708009705181
0.329481760147419
0.3296880623586392
0.32988971840315434
0.3300867392829435
0.3302791362149934
0.33046692064287764
0.330650104247917
0.33082869895990213
0.33100271696738137
0.3311721707275089
0.331337072975449
0.33149743673333293
0.33165327531876504
0.3318046023528798
0.3319514317679421
0.332093777814496
0.3322316550680572
0.33236507843534785
0.332494063160082
0.3326186248282895
0.3327387793731948
0.3328545430796377
0.33296593258804974
0.3330729648979832
0.3331756573711966
0.333274027734301
0.3333680940809714
0.3334578748737266
0.3335433889452849
0.33362465549949477
0.33370169411185585
0.33377452472962904
0.3338431676715409
0.33390764362709646
0.3339679736555038
0.3340241791842131
0.33407628200708667
0.33412430428220213
0.3341682685292983
0.33420819762687354
0.3342441148089456
0.3342760436614787
0.33430400811849276
0.33432803245785914
0.3343481412967958
0.3343643595870698
0.3343767126099207
0.3343852259707087
0.3343899255933034
0.3343908377142234
0.33438798887653354
0.33438140592351245
0.3343711159921013
0.3343571465061461
0.3343395251694372
0.33431827995856744
0.3342934391156098
0.3342650311406305
0.3342330847840471
0.334197629038841
0.3341586931326372
0.3341163065196571
0.334070498872562
0.3340213000741894
0.33396874020919837
0.3339128495556304
0.3338536585763961
0.33379119791070117
0.3337254983654135
0.33365659090638766
0.33358450664975553
0.33350927685318515
0.3334309329071242
0.33334950632603666
0.33326502873963165
0.33317753188410637
0.3330870475933979
0.33299360779046333
0.33289724447858515
0.33279798973271807
0.33269587569087694
0.3325909345455792
0.3324831985353436
0.3323726999362528
0.33225947105358794
0.3321435442135372
0.33202495175498886
0.33190372602141055
0.3317798993528183
0.33165350407784755
0.331524572505922
0.33139313691953154
0.3312592295666183
0.3311228826530785
0.3309841283353829
0.33084299871331707
0.33069952582284756
0.33055374162911705
0.33040567801956694
0.33025536679719614
0.33010283967395493
0.3299481282642746
0.32979126407873977
0.3296322785178999
0.32947120286622417
0.3293080682862015
0.3291429058125864
0.3289757463467894
0.3288066206514178
0.3286355593449616
0.32846259289662966
0.3282877516213344
0.3281110656748249
0.32793256504897
0.3277522795671901
0.3275702388800361
0.3273864724609193
0.32720100960198595
0.3270138794101405
0.32682511080321663
0.3266347325062892
0.32644277304813546
0.3262492607578361
0.3260542237615207
0.32585768997925124
0.32565968712204707
0.32546024268904733
0.32525938396481113
0.32505713801674835
0.32485353169268655
