0.13302708902671578
0.11263328316238373
0.10063024128641171
0.09228342667802505
0.085995210807133
0.08102207912753226
0.0769558381745559
0.07354820363349021
0.07063718557872782
0.06811155125244214
0.06589188192720397
0.06391969832535332
0.06215084784999484
0.06055129395064752
0.05909433219108319
0.05775869098847129
0.056527201079652145
0.05538584198639731
0.05432304505658057
0.05332917517818335
0.052396139434348656
0.05151708756546513
0.05068617989309582
0.04989840551616758
0.04914943845913235
0.048435522805024465
0.047753380192946455
0.047100134767292835
0.04647325182114743
0.04587048731934746
0.04528984609644727
0.04472954706634192
0.0441879940561982
0.043663751282702314
0.043155522609912796
0.04266213390409401
0.04218251796287237
0.04171570161317507
0.04126079463848395
0.04081698015082607
0.04038350619256479
0.039959678616846
0.039544854553403515
0.03913843701459036
0.038739869971746235
0.03834863385061917
0.037964241804787295
0.03758623631064884
0.0372141859831251
0.0368476830371375
0.0364863400282976
0.036129789144148675
0.03577767795253784
0.03542966982876933
0.03508543995102277
0.03474467563689281
0.03440707306546308
0.03407233659401168
0.033740178681668516
0.03341031524187241
0.03308246727688988
0.032756356350784506
0.03243171088271898
0.03210825117520641
0.03178569937048674
0.03146378106369314
0.03114220217203512
0.03082067842573151
0.030498898633925017
0.030176563626755012
0.029853343430079116
0.029528897082133257
0.029202866094755257
0.028874867903438985
0.028544495532021725
0.028211305582550028
0.02787482483769164
0.027534527158388885
0.027189835591180267
0.02684011552311754
0.026484649443373802
0.026122634061191145
0.0257531443663671
0.02537512542306705
0.02498732111644784
0.024588320976065798
0.024176413306164227
0.023749323586867613
0.02330492239605861
0.022839556391141408
0.022349333151810518
0.021828407197400444
0.021269546744058853
0.020662752716136646
0.020002585967294588
0.019274328300637664
0.0183051754834006
0.017653424059017382
0.015951428352580645
