0.5474782388306655
0.5524037535524581
0.5565966767415979
0.5598885306438272
0.5625078880047591
0.5646357600997641
0.5663968902415345
0.5678773918059058
0.5691381448068741
0.5702233414813429
0.571165858184325
0.5719906925449496
0.5727172189005424
0.5733607071142712
0.5739333706152743
0.5744451059159371
0.5749040250818362
0.5753168461666802
0.5756891842478719
0.5760257716145383
0.5763306266095061
0.5766071846975427
0.5768584013477235
0.577086833625435
0.5772947055045295
0.5774839606047635
0.5776563051138014
0.577813242980457
0.5779561049685704
0.5780860727951096
0.5782041993049426
0.5783114254251612
0.5784085944867061
0.5784964643840704
0.5785757179426715
0.5786469717975575
0.5787107840284278
0.5787676607494986
0.5788180618167013
0.5788624057878609
0.5789010742473176
0.5789344155865535
0.5789627483182305
0.5789863639904208
0.579005529752051
0.5790204906196985
0.5790314714802038
0.5790386788686206
0.5790423025401393
0.5790425168721781
0.579039482105903
0.5790333454527894
0.5790242420766755
0.579012295967145
0.5789976207140473
0.5789803201914403
0.5789604891622447
0.5789382138064841
0.578913572181602
0.5788866346178801
0.5788574640526967
0.5788261163066959
0.5787926403031383
0.5787570782288795
0.5787194656438789
0.5786798315269206
0.5786381982645828
0.5785945815741502
0.5785489903571835
0.5785014264757836
0.5784518844403985
0.578400350998195
0.5783468046052793
0.5782912147658861
0.5782335411974996
0.5781737328105142
0.5781117264353769
0.5780474452521401
0.5779807968378577
0.5779116707422832
0.5778399354285771
0.5777654344124292
0.5776879813391091
0.577607353603103
0.5775232840087658
0.5774354496871013
0.5773434571118912
0.5772468214092495
0.57714493717907
0.5770370361274878
0.5769221236602412
0.5767988801405423
0.5766655000326768
0.5765194139769598
0.5763567717064934
0.5761713805359382
0.5759521990681962
0.5756760039107668
0.5752754832065531
