0.058410077192412375
0.05863195462535052
0.05885547014654265
0.059080643024776856
0.059307492938071096
0.059536039912568735
0.059766304429305146
0.05999830733355097
0.0602320699442124
0.06046761399905542
0.060704961694903144
0.06094413572663036
0.061185159125547305
0.0614280556298286
0.06167284934641241
0.06191956492760122
0.062168227608548544
0.06241886312955264
0.06267149778108574
0.06292615851243252
0.06318287281533569
0.06344166881274232
0.06370257529097816
0.06396562164378018
0.06423083796379299
0.06449825503551991
0.06476790432846843
0.06503981807721859
0.06531402923207666
0.06559057150699416
0.06586947944743402
0.06615078835682207
0.06643453439758341
0.06672075457652732
0.0670094867680244
0.06730076977638856
0.06759464326184322
0.06789114789682407
0.06819032527459441
0.06849221798374254
0.06879686964610024
0.06910432489721526
0.06941462945985405
0.06972783012502824
0.07004397479351362
0.07036311254750169
0.07068529358446683
0.07101056930872471
0.07133899236435515
0.0716706166110542
0.07200549719687899
0.07234369055596795
0.07268525446762576
0.07303024803501117
0.07337873177578107
0.07373076758475366
0.07408641880534182
0.07444575024492997
0.07480882819315465
0.07517572045929051
0.07554649640335029
0.07592122694778894
0.07629998461274445
0.07668284354818883
0.0770698795602887
0.07746117012577529
0.07785679441908613
0.0782568333545299
0.07866136959476791
0.07907048757934515
0.07948427355635887
0.0799028155928757
0.08032620360611108
0.08075452937893751
0.08118788659217288
0.08162637083206029
0.08207007961685794
0.08251911240888976
0.08297357064028313
0.08343355771710885
0.08389917904535185
0.08437054203764591
0.08484775611947631
0.08533093275221242
0.0858201854283763
0.08631562968431068
0.08681738310374051
0.08732556532035293
0.08784029801361568
0.08836170491142695
0.08888991178266448
0.08942504643458324
0.08996723869301973
0.09051662040104311
0.09107332539598323
0.09163748949362932
0.09220925046617086
0.09278874801539758
0.09337612374952926
0.09397152114353399
0.09457508550861708
0.09518696395222884
0.09580730533312581
0.09643626021591485
0.09707398081791065
0.09772062095311901
0.09837633597583303
0.09904128271066759
0.0997156193893476
0.10039950557306002
0.10109310207807742
0.10179657088837678
0.10251007507431631
0.10323377869563859
0.10396784670741338
0.10471244485853647
0.10546773958262896
0.10623389789257669
0.10701108725965848
0.10779947549696718
0.10859923063343332
0.10941052078535879
0.11023351402218308
0.11106837823048278
0.11191528097122644
0.11277438933441436
0.11364586979082411
0.11452988803851068
0.11542660884639941
0.11633619589460968
0.11725881161472922
0.11819461702225756
0.11914377155016984
0.12010643288023679
0.12108275677064881
0.1220728968841581
0.12307700461291671
0.1240952289037546
0.12512771608326512
0.12617460967976715
0.12723605024926
0.1283121751979003
0.129403118607875
0.13050901106305354
0.13162997947556007
0.1327661469152981
0.1339176324405661
0.1350845509310329
0.13626701292352092
0.13746512445118486
0.13867898688462654
0.13990869677894976
0.14115434572152175
0.14241602018737123
0.14369380139584464
0.14498776517446488
0.14629798182610906
0.1476245160023451
0.1489674265811967
0.150326766552016
0.151702582904578
0.15309491652516946
0.1545038020985563
0.15592926801606805
0.15737133629089167
0.1588300224783813
0.16030533560487728
0.16179727810175581
0.16330584574721432
0.16483102761438176
0.1663728060266549
0.16793115651968343
0.16950604781031592
0.17109744177290198
0.17270529342159183
0.1743295509004607
0.17597015547954664
0.17762704155843342
0.17930013667583225
0.18098936152610423
0.18269462998238312
0.1844158491257884
0.18615291928059163
0.1879057340568042
0.18967418039715198
0.1914581386310961
0.19325748253410183
0.19507207939250212
0.19690179007404998
0.1987464691032923
0.20060596474249873
0.2024801190771757
0.20436876810654117
0.20627174183841762
0.20818886438874404
0.21011995408495215
0.21206482357383225
0.21402327993284714
0.2159951247853759
0.2179801544193814
0.2199781599092115
0.22198892724094305
0.2240122374402145
0.22604786670312274
0.22809558652958928
0.23015516385915646
0.23222636120915682
0.2343089368146267
0.23640264477059936
0.23850723517562478
0.24062245427724097
0.24274804461870975
0.2448837451869833
0.24702929156183778
0.24918441606582628
0.2513488479153373
0.2535223133718193
0.25570453589399345
0.2578952362901472
0.260094132870817
0.26230094160143763
0.26451537625513144
0.2667371485652158
0.2689659683775601
0.27120154380242106
0.2734435813659399
0.27569178616087675
0.2779458619967693
0.2802055115491459
0.28247043650783166
0.284740337724376
0.2870149153582055
0.2892938690215756
0.29157689792336344
0.293863701011334
0.2961539771130377
0.2984474250750962
0.3007437439009295
0.30304263288680416
0.30534379175600995
0.3076469207913837
0.30995172096579704
0.31225789407072674
0.3145651428428919
0.3168731710887094
0.3191816838066924
0.32149038730766527
0.3237989893328043
0.3261071991692954
0.3284147277638341
0.3307212878336442
0.33302659397521134
0.33533036277052425
0.33763231289090107
0.33993216519833824
0.34222964284429463
0.34452447136600267
0.34681637878015825
0.3491050956740708
0.35139035529417634
0.35367189363194423
0.3559494495071624
0.3582227646485532
0.3604915837717171
0.36275565465444054
0.36501472820933556
0.36726855855373475
0.3695169030769848
0.37175952250501404
0.37399618096221704
0.37622664603064726
0.37845068880661686
0.3806680839545022
0.3828786097579904
0.3850820481686372
0.3872781848517757
0.3894668092298345
0.39164771452301145
0.39382069778738255
0.395985559950399
0.3981421058438775
0.40029014423440656
0.4024294878512832
0.40455995341192147
0.4066813616448198
0.40879353731008244
0.41089630921753645
0.4129895102424699
0.4150729773389902
0.41714655155109726
0.4192100780214548
0.4212634059979064
0.42330638883774485
0.42533888400985354
0.4273607530946266
0.4293718617818425
0.43137207986640186
0.43336128124207013
0.4353393438932136
0.43730614988456595
0.4392615853490634
0.4412055404738585
0.4431379094844319
0.44505859062696734
0.4469674861489367
0.4488645022780079
0.4507495491992583
0.45262254103082167
0.4544833957978937
0.4563320354052776
0.4581683856083716
0.45999237598279824
0.46180393989257607
0.4636030144569649
0.4653895405160195
0.46716346259486075
0.46892472886676706
0.4706732911150674
0.47240910469394376
0.47413212848813385
0.4758423248716149
0.4775396596653093
0.4792241020938424
0.4808956247414092
0.4825542035067908
0.48419981755756564
0.48583244928355573
0.4874520842495634
0.48905871114742916
0.49065232174745194
0.49223291084923076
0.49380047623195417
0.4953550186041799
0.4968965415531618
0.4984250514937406
0.4999405576168518
0.5014430718377078
0.5029326087436395
0.5044091855417101
0.5058728220060665
0.5073235404251107
0.5087613655485266
0.5101863245341625
0.5115984468948381
0.5129977644451172
0.5143843112480213
0.515758123561807
0.5171192397867446
0.5184677004120083
0.5198035479626562
0.5211268269467525
0.5224375838026638
0.5237358668465382
0.5250217262200173
0.5262952138381948
0.5275563833378452
0.5288052900259567
0.5300419908285913
0.5312665442400868
0.5324790102726283
0.5336794504062164
0.534867927539044
0.5360445059383089
0.5372092511914729
0.5383622301579986
0.5395035109215679
0.5406331627428077
0.5417512560125425
0.5428578622055722
0.5439530538350114
0.5450369044071804
0.5461094883770913
0.5471708811045142
0.548221158810637
0.5492603985353525
0.5502886780951607
0.5513060760416996
0.5523126716209203
0.5533085447329076
0.5542937758923588
0.5552684461897208
0.556232637252992
0.5571864312102077
0.5581299106525904
0.5590631585983888
0.5599862584573994
0.5608992939961758
0.5618023493039248
0.5626955087591012
0.563578856996684
0.5644524788761572
0.5653164594501725
0.5661708839339151
0.5670158376751507
0.5678514061249705
0.56867767480922
0.5694947293006154
0.5703026551915414
0.5711015380675353
0.571891463481432
0.5726725169282018
0.5734447838204391
0.574208349464525
0.5749632990374415
0.5757097175642468
0.5764476898961842
0.5771773006894518
0.577898634384589
0.5786117751864995
0.5793168070451029
0.5800138136365873
0.5807028783452829
0.5813840842461271
0.5820575140877259
0.582723250276003
0.5833813748584228
0.5840319695087803
0.5846751155125594
0.585310893752835
0.5859393846967265
0.5865606683823811
0.5871748244064877
0.5877819319123069
0.5883820695782069
0.5889753156067099
0.589561747714014
0.5901414431200128
0.590714478538776
0.5912809301695006
0.5918408736879146
0.5923943842381261
0.5929415364249087
0.5934824043064164
0.594017061387312
0.5945455806123097
0.595068034360113
0.5955844944377486
0.5960950320752769
0.5965997179208768
0.5970986220362982
0.5975918138926656
0.5980793623666252
0.5985613357368398
0.5990378016808013
0.5995088272719693
0.5999744789772211
0.600434822654603
0.6008899235513794
0.6013398463023659
0.601784654928541
0.6022244128359323
0.6026591828147594
0.6030890270388372
0.6035140070652216
0.6039341838340971
0.6043496176688938
0.6047603682766358
0.6051664947484927
0.6055680555605604
0.6059651085748232
0.6063577110403328
0.6067459195945588
0.6071297902649334
0.6075093784705649
0.607884739024126
0.6082559261339012
0.6086229934059905
0.6089859938466676
0.6093449798648805
0.6097000032748885
0.6100511152990392
0.6103983665706638
0.6107418071371035
0.6110814864628459
0.6114174534327752
0.6117497563555285
0.6120784429669569
0.6124035604336753
0.6127251553567072
0.613043273775226
0.6133579611703573
0.6136692624690825
0.6139772220481982
0.6142818837383582
0.6145832908281695
0.614881486068358
0.6151765116759894
0.6154684093387391
0.615757220219221
0.6160429849593533
0.616325743684776
0.6166055360093013
0.6168824010394028
0.6171563773787401
0.6174275031327096
0.6176958159130247
0.6179613528423207
0.6182241505587802
0.6184842452207764
0.6187416725115361
