0.7806783408994633
0.7805809249464158
0.780482208595797
0.7803821584137282
0.7802807398651166
0.7801779172785257
0.7800736538104586
0.7799679114087757
0.7798606507753211
0.7797518313276951
0.7796414111603244
0.7795293470050452
0.7794155941903609
0.7793001066004542
0.7791828366334715
0.77906373515897
0.7789427514747699
0.7788198332633686
0.7786949265475993
0.7785679756458997
0.778438923127056
0.7783077097644273
0.7781742744900891
0.7780385543483209
0.7779004844491965
0.7777599979216304
0.777617025866587
0.7774714973102543
0.7773233391572182
0.7771724761437818
0.7770188307915726
0.776862323361588
0.7767028718086232
0.7765403917362637
0.7763747963527535
0.7762059964275299
0.7760339002488438
0.7758584135825671
0.7756794396320934
0.7754968789998281
0.7753106296502972
0.7751205868748997
0.7749266432587476
0.7747286886496115
0.7745266101291084
0.7743202919865301
0.7741096156953958
0.7738944598928715
0.7736747003624118
0.773450210019798
0.7732208589027033
0.7729865141642007
0.7727470400702663
0.772502298001601
0.7722521464600822
0.7719964410798784
0.7717350346437398
0.7714677771044535
0.7711945156119325
0.7709150945460017
0.7706293555552436
0.7703371376020697
0.7700382770143424
0.7697326075436411
0.7694199604305351
0.7691001644769969
0.7687730461261796
0.7684384295498172
0.7680961367432898
0.7677459876287415
0.7673878001661962
0.7670213904729525
0.7666465729513582
0.76626316042506
0.7658709642837968
0.7654697946368664
0.7650594604752556
0.7646397698425101
0.7642105300142701
0.7637715476865078
0.7633226291723807
0.7628635806076205
0.7623942081643315
0.7619143182730238
0.7614237178527945
0.7609222145493261
0.7604096169805031
0.7598857349893794
0.7593503799041663
0.7588033648048285
0.7582445047959999
0.7576736172856987
0.7570905222694342
0.756495042619167
0.7558870043766215
0.7552662370503522
0.7546325739159955
0.7539858523190273
0.7533259139794078
0.7526526052973821
0.7519657776597367
0.7512652877457522
0.7505509978320932
0.7498227760958236
0.7490804969147549
0.7483240411643028
0.7475532965099946
0.7467681576947897
0.7459685268203932
0.7451543136216271
0.7443254357330895
0.7434818189471896
0.7426233974627579
0.7417501141233672
0.7408619206445689
0.7399587778292557
0.7390406557703515
0.7381075340401131
0.7371594018653257
0.7361962582876896
0.7352181123088015
0.73422498301908
0.7332168997101326
0.732193901970025
0.7311560397610073
0.7301033734792981
0.7290359739965941
0.7279539226829738
0.72685731141103
0.7257462425410045
0.7246208288868683
0.7234811936632782
0.7223274704134335
0.7211598029179397
0.7199783450848048
0.7187832608208121
0.7175747238845047
0.7163529177211714
0.7151180352801929
0.7138702788152206
0.7126098596677056
0.7113369980343355
0.7100519227190162
0.7087548708700391
0.7074460877031692
0.7061258262114074
0.7047943468622103
0.7034519172830012
0.7020988119358426
0.7007353117821381
0.6993617039383018
0.6979782813232907
0.6965853422989797
0.6951831903043277
0.6937721334842566
0.6923524843142997
0.6909245592218796
0.689488678205268
0.6880451644511085
0.6865943439514999
0.6851365451215202
0.6836720984181236
0.6822013359612835
0.680724591158235
0.679242198331663
0.6777544923526051
0.6762618082788747
0.6747644809996999
0.6732628448872914
0.671757233455995
0.6702479790296332
0.6687354124176234
0.6672198626003945
0.6657016564246113
0.6641811183086139
0.6626585699585252
0.6611343300953451
0.6596087141933774
0.6580820342302376
0.6565545984486867
0.6550267111304853
0.6534986723823931
0.6519707779344426
0.6504433189505578
0.6489165818515152
0.6473908481502925
0.6458663942997175
0.6443434915523754
0.642822405832659
0.6413033976208181
0.6397867218488549
0.6382726278080731
0.6367613590680675
0.6352531534069084
0.6337482427522684
0.6322468531332116
0.6307492046423521
0.6292555114080625
0.627765981576415
0.626280817302513
0.6248002147508571
0.6233243641044157
0.62185344958199
0.6203876494635484
0.618927136123123
0.6174720760689051
0.6160226299901591
0.6145789528105584
0.6131411937476006
0.6117094963776731
0.6102839987064391
0.6088648332441543
0.6074521270855402
0.6060460019938784
0.6046465744889407
0.6032539559384444
0.6018682526526554
0.6004895659818514
0.5991179924162789
0.5977536236883356
0.5963965468766367
0.5950468445117131
0.5937045946830181
0.5923698711470092
0.5910427434360171
0.5897232769676717
0.5884115331546349
0.5871075695144176
0.5858114397790635
0.5845231940044961
0.5832428786793339
0.5819705368329902
0.5807062081428789
0.5794499290405778
0.5782017328167837
0.5769616497249244
0.5757297070832947
0.5745059293755932
0.5732903383497523
0.5720829531149477
0.5708837902367105
0.5696928638300326
0.5685101856504119
0.5673357651827559
0.5661696097280831
0.5650117244879701
0.563862112646705
0.5627207754510954
0.5615877122879122
0.5604629207589275
0.5593463967535497
0.5582381345190152
0.5571381267281518
0.5560463645446999
0.5549628376861909
0.5538875344844024
0.5528204419433853
0.5517615457951007
0.550710830552664
0.5496682795612363
0.5486338750465861
0.5476075981613542
0.5465894290290491
0.5455793467858262
0.5445773296200741
0.5435833548098643
0.5425973987583029
0.5416194370268371
0.5406494443665596
0.5396873947475745
0.5387332613864647
0.5377870167719329
0.5368486326886548
0.5359180802394198
0.5349953298656082
0.5340803513660698
0.5331731139144636
0.532273586075127
0.5313817358175253
0.5304975305293614
0.5296209370283933
0.5287519215730383
0.5278904498718172
0.5270364870917125
0.5261899978654941
0.5253509462980884
0.52451929597205
0.5236950099521958
0.5228780507894726
0.5220683805241133
0.5212659606881528
0.5204707523073556
0.5196827159026174
0.5189018114909115
0.5181279985858186
0.5173612361977193
0.5166014828336835
0.5158486964971318
0.5151028346873114
0.5143638543986384
0.5136317121199595
0.5129063638337903
0.512187765015558
0.5114758706329209
0.5107706351451811
0.5100720125028575
0.5093799561474428
0.5086944190113928
0.5080153535183812
0.5073427115838549
0.5066764446159254
0.5060165035166245
0.5053628386835579
0.5047154000119778
0.5040741368973054
0.5034389982381213
0.502809932439656
0.5021868874177793
0.5015698106035313
0.5009586489481873
0.5003533489288845
0.49975385655481636
0.4991601173740054
0.49857207648065693
0.4979896785231098
0.4974128677123753
0.4968415878312768
0.49627578224418045
0.4957153939073269
0.49516036537974595
0.49461063883476625
0.49406615607209525
0.49352685853047756
0.49299268730091045
0.4924635831404123
0.491939486486326
0.49142033747115205
0.4909060759378831
0.4903966414558386
0.4898919733369723
0.4893920106526352
0.48889669225077853
0.48840595677357634
0.4879197426754391
0.4874379882414075
0.48696063160589453
0.48648761077175956
0.48601886362968216
0.4855543279778213
0.4850939415417288
0.4846376419944903
0.4841853669770768
0.48373705411886786
0.4832926410583343
0.4828520654638442
0.4824152650545707
0.48198217762147333
0.48155274104832957
0.481126893332787
0.48070457260741073
0.48028571716070506
0.4798702654580752
0.47945815616271414
0.47904932815638
0.478643720560046
0.4782412727543978
0.4778419244001516
0.47744561545817527
0.4770522862093847
0.476661877274396
0.4762743296329129
0.4758895846428266
0.47550758405901267
0.47512827005179836
0.4747515852250859
0.4743774726341194
0.4740058758028648
0.47363673874100054
0.4732700059604957
0.4729056224917617
0.4725435338993652
0.47218368629728863
0.4718260263637266
0.4714705013554059
0.47111705912141794
0.4707656481165555
0.470416217414146
0.47006871671836825
0.46972309637605025
0.46937930738794076
0.4690373014194492
0.4686970308108443
0.46835844858691683
0.46802150846609514
0.467686164869014
0.46735237292653675
0.4670200884872283
0.46668926812427786
0.4663598691418747
0.46603184958103516
0.46570516822488783
0.4653797846034122
0.4650556589976427
0.4647327524433341
0.46441102673410134
0.4640904444240274
0.46377096882976027
0.46345256403209095
0.46313519487702665
0.462818826976367
0.4625034267077894
0.4621889612144484
0.46187539840410585
0.46156270694779367
0.4612508562780197
0.4609398165865335
0.4606295588216532
0.4603200546851658
0.46001127662881847
0.4597031978504045
0.4593957922894564
0.4590890346225609
0.45878290025830726
0.4584773653318722
0.45817240669926984
0.45786800193126037
0.4575641293069462
0.4572607678070544
0.4569578971069277
0.4566554975692294
0.45635355023638086
0.45605203682273904
0.45575093970652913
0.4554502419215432
0.45514992714861924
0.4548499797069107
0.4545503845449614
0.45425112723159344
0.45395219394662606
0.4536535714714326
0.45335524717934944
0.45305720902594737
0.4527594455391797
0.4524619458094141
0.4521646994793628
0.4518676967339197
0.45157092828991585
0.4512743853858074
0.4509780597712989
0.45068194369691633
0.4503860299035432
0.4500903116119213
0.4497947825121323
0.44949943675306564
0.44920426893188203
0.44890927408348286
0.448614447669993
0.4483197855702624
0.44802528406939857
0.44773093984833656
0.447436749973448
0.4471427118862089
0.4468488233929141
0.44655508265446714
0.4462614881762312
0.4459680387979604
0.44567473368381416
0.44538157231245373
0.4450885544672355
0.4447956802264999
0.44450294995396195
0.44421036428920824
0.44391792413830394
0.44362563066451594
0.44333348527915
0.4430414896325134
0.4427496456049998
0.44245795529830156
0.44216642102675385
0.44187504530880917
0.441583830858649
0.44129278057793114
0.44100189754767694
0.440711185020299
0.4404206464117709
0.4401302852939395
0.43984010538698504
0.4395501105520227
0.43926030478385425
0.43897069220386287
0.4386812770530606
0.4383920636852782
0.4381030565605059
0.4378142602383828
0.4375256793718311
0.4372373187008405
0.43694918304639985
0.4366612773045731
0.4363736064407241
0.4360861754838849
