0.5769554252386975
0.5769780860409126
0.5770008735266878
0.5770237869442475
0.5770468254676493
0.577069988159269
0.5770932740227839
0.5771166819406263
0.5771402107116645
0.57716385902658
0.5771876254731177
0.5772115085313251
0.57723550655274
0.5772596177950429
0.5772838403728278
0.5773081722821507
0.5773326113894209
0.5773571554201545
0.5773818019569646
0.5774065484450575
0.5774313921723006
0.5774563302735422
0.5774813597220719
0.5775064773257973
0.5775316797246424
0.5775569633716516
0.5775823245477263
0.5776077593428158
0.5776332636533548
0.5776588331747504
0.5776844634020293
0.5777101496136395
0.5777358868756806
0.5777616700294173
0.5777874936884092
0.5778133522303165
0.5778392397895866
0.5778651502604129
0.577891077273286
0.5779170142063669
0.5779429541691374
0.57796888999776
0.5779948142491816
0.5780207191967426
0.5780465968204905
0.5780724388053815
0.5780982365281491
0.5781239810568332
0.578149663143627
0.5781752732173842
0.5782008013768026
0.5782262373863724
0.5782515706711365
0.5782767903055054
0.5783018850162145
0.5783268431669419
0.5783516527616064
0.5783763014325127
0.5784007764388579
0.5784250646604208
0.5784491525924629
0.5784730263412463
0.5784966716206321
0.578520073745403
0.578543217630209
0.5785660877831703
0.5785886683041623
0.5786109428794529
0.5786328947815481
0.5786545068644187
0.5786757615612261
0.5786966408829533
0.5787171264163091
0.5787371993216676
0.5787568403337918
0.5787760297585202
0.5787947474751926
0.5788129729339901
0.5788306851584275
0.5788478627451077
0.5788644838659327
0.5788805262684211
0.5788959672790887
0.5789107838053407
0.5789249523387847
0.5789384489584406
0.5789512493354956
0.5789633287365474
0.5789746620295424
0.5789852236887755
0.5789949878009012
0.579003928071938
0.5790120178328009
0.579019230048697
0.5790255373259243
0.57903091192045
0.5790353257476449
0.5790387503918101
0.5790411571156809
0.5790425168721415
0.579042800314802
0.579041977810034
0.5790400194497849
0.5790368950640398
0.5790325742344865
0.5790270263084497
0.5790202204140881
0.5790121254747216
0.5790027102253475
0.5789919432283297
0.5789797928905951
0.5789662274807429
0.5789512151470019
0.5789347239357401
0.578916721810258
0.5788971766704964
0.5788760563724464
0.5788533287490845
0.5788289616310939
0.5788029228682599
0.5787751803514185
0.5787457020344836
0.5787144559574952
0.5786814102694308
0.578646533252061
0.5786097933435373
0.5785711591628241
0.5785305995343104
0.5784880835127701
0.5784435804082828
0.5783970598121184
0.5783484916223832
0.5782978460696885
0.5782450937436912
0.5781902056192795
0.578133153083
0.5780739079596845
0.5780124425392206
0.5779487296031484
0.5778827424515024
0.5778144549296617
0.5777438414547744
0.5776708770427628
0.5775955373346354
0.5775177986229678
0.5774376378782162
0.5773550327746712
0.5772699617163333
0.5771824038624762
0.5770923391528453
0.5769997483326731
0.5769046129772524
0.5768069155160281
0.5767066392565374
0.576603768407532
0.576498288102047
0.5763901844195829
0.5762794444080166
0.576166056104864
0.5760500085579476
0.5759312918455516
0.5758098970958777
0.5756858165058724
0.5755590433594207
0.5754295720449907
0.5752973980722537
0.5751625180884303
0.575024929893601
0.574884632455448
0.5747416259232568
0.5745959116411511
0.5744474921605753
0.5742963712521132
0.5741425539164926
0.5739860463948598
0.5738268561783006
0.5736649920166333
0.5735004639265323
0.5733332831987512
0.5731634624047649
0.5729910154026849
0.5728159573423378
0.5726383046697753
0.5724580751310824
0.5722752877753521
0.5720899629572066
0.5719021223384596
0.5717117888892452
0.5715189868885017
0.5713237419237456
0.5711260808903111
0.5709260319899583
0.5707236247288577
0.570518889915028
0.5703118596551843
0.570102567350995
0.5698910476948323
0.5696773366649348
0.5694614715200078
0.5692434907933497
0.569023434286329
0.5688013430615103
0.5685772594350456
0.5683512269686926
0.5681232904612036
0.5678934959392505
0.5676618906477877
0.5674285230398383
0.5671934427658362
0.566956700662274
0.5667183487399241
0.5664784401713946
0.5662370292781526
0.5659941715169265
0.5657499234655012
0.56550434280792
0.5652574883189754
0.565009419848141
0.5647601983027261
0.5645098856304369
0.5642585448011261
0.5640062397879024
0.5637530355474166
0.5634989979994279
0.5632441940055418
0.5629886913471528
0.5627325587025633
0.562475865623227
0.5622186825091249
0.5619610805832675
0.5617031318652751
0.5614449091440181
0.5611864859493421
0.5609279365228016
0.5606693357874521
0.5604107593166352
0.5601522833017578
0.5598939845190953
0.5596359402955604
0.5593782284734454
0.5591209273741669
0.5588641157609602
0.5586078728005532
0.5583522780238422
0.5580974112855233
0.5578433527227376
0.5575901827127063
0.5573379818294021
0.5570868307992446
0.5568368104558384
0.5565880016938166
0.5563404854217515
0.55609434251423
0.5558496537630582
0.5556064998276808
0.5553649611848216
0.5551251180773897
0.5548870504627206
0.5546508379601488
0.554416559798001
0.5541842947600426
0.553954121131443
0.5537261166442875
0.5535003584227287
0.5532769229278265
0.553055885902121
0.5528373223140286
0.5526213063021215
0.5524079111193415
0.5521972090772477
0.5519892714903476
0.5517841686206052
0.5515819696221702
0.5513827424864401
0.5511865539875139
0.5509934696281055
0.5508035535860176
0.5506168686612463
0.5504334762237763
0.5502534361621828
0.5500768068330849
0.5499036450115463
0.5497340058425046
0.5495679427932914
0.5494055076073227
0.5492467502590609
0.5490917189102834
0.5489404598677602
0.5487930175423864
0.5486494344098735
0.5485097509730313
0.5483740057257344
0.5482422351185976
0.5481144735264792
0.547990753217809
0.5478711043258493
0.5477555548218855
0.5476441304904537
0.5475368549066097
0.5474337494153049
0.5473348331128767
0.5472401228307539
0.5471496331213227
0.547063376246068
0.5469813621659403
0.5469035985340326
0.5468300906905266
0.5467608416599873
0.5466958521509401
0.5466351205578072
0.5465786429651469
0.5465264131542414
0.5464784226119918
0.5464346605421205
0.546395113878682
0.5463597673018253
0.5463286032558486
0.5463016019694373
0.5462787414781455
0.5462599976490009
0.5462453442072708
0.5462347527652912
0.546228192853355
0.5462256319525826
0.5462270355297466
0.5462323670739793
0.5462415881353151
0.5462546583650105
0.5462715355575659
0.5462921756944048
0.5463165329891179
0.5463445599342237
0.5463762073493621
0.546411424430854
0.5464501588025381
0.546492356567824
0.5465379623628773
0.546586919410845
0.5466391695770628
0.5466946534251377
0.5467533102738417
0.546815078254726
0.5468798943703707
0.5469476945531886
0.5470184137247013
0.547091985855198
0.5471683440237034
0.5472474204781547
0.5473291466957299
0.5474134534432255
0.547500270837412
0.5475895284052917
0.5476811551441667
0.5477750795814611
0.5478712298342069
0.5479695336681254
0.5480699185562341
0.5481723117369108
0.5482766402713435
0.5483828311003018
0.5484908111001737
0.5486005071381957
0.5487118461268309
0.548824755077228
0.5489391611517161
0.5490549917152787
0.5491721743859671
0.5492906370842017
0.5494103080809178
0.5495311160445222
0.5496529900866195
0.5497758598064748
0.549899655334185
0.550024307372522
0.5501497472374283
0.5502759068971477
0.5504027190099542
0.550530116960479
0.5506580348946107
0.550786407752957
0.5509151713028669
0.5510442621689902
0.5511736178623903
0.5513031768081884
0.5514328783717526
0.5515626628834285
0.5516924716618197
0.5518222470356168
0.5519519323639983
0.5520814720555952
0.5522108115860561
0.5523398975141993
0.5524686774967947
0.5525971003019764
0.5527251158213091
0.5528526750805381
0.5529797302490325
0.5531062346479534
0.553232142757173
0.5533574102209601
0.5534819938524791
0.553605851637107
0.5537289427346153
0.5538512274802402
0.5539726673846711
0.5540932251329826
0.5542128645825642
0.5543315507600475
0.5544492498572878
0.5545659292264252
0.554681557374057
0.5547961039545559
0.5549095397625666
0.5550218367247178
0.5551329678905783
0.5552429074228933
0.5553516305871333
0.5554591137403918
0.5555653343196544
0.555670270829491
0.5557739028291785
0.5558762109193099
0.555977176727906
0.5560767828960617
0.5561750130631695
0.5562718518517329
0.5563672848518119
0.5564612986051285
0.55655388058885
0.5566450191990919
0.5567347037341566
0.5568229243775444
0.5569096721807469
0.5569949390458669
0.5570787177080758
0.5571610017179326
0.5572417854235991
0.5573210639529572
0.557398833195661
0.5574750897851415
0.5575498310805828
0.5576230551488845
0.5576947607466455
0.5577649473021632
0.5578336148974815
0.5579007642505027
0.5579663966971682
0.5580305141737392
0.558093119199173
0.558154214857626
0.5582138047810817
0.5582718931321267
0.558328484586878
0.5583835843180793
0.5584371979783691
0.558489331683736
0.55853999199717
0.5585891859125105
0.5586369208385131
0.5586832045831226
0.5587280453379811
0.5587714516631592
0.5588134324721227
0.558853997016944
0.5588931548737567
0.5589309159284562
0.5589672903626595
0.5590022886399169
0.559035921492182
0.5590681999065475
0.5590991351122396
0.5591287385678796
0.5591570219490112
0.5591839971358964
0.5592096762015751
0.559234071400197
0.5592571951556202
0.559279060050274
0.5592996788142943
0.5593190643149203
0.5593372295461573
0.5593541876187057
0.5593699517501483
0.5593845352554012
0.5593979515374189
0.5594102140781604
0.559421336429805
0.5594313322062213
0.5594402150746856
0.5594479987478422
0.5594546969759135
0.5594603235391425
0.5594648922404769
0.5594684168984859
0.5594709113405049
0.5594723893960082
0.5594728648902094
0.5594723516378721
0.5594708634373435
0.559468414064801
