-0.004545737614122386-0.008702663299907935*I
0.04642016232633771+0.21039368269647835*I
0.05730201189335807-0.21888954567406704*I
0.11820796021552848-0.24674718137765717*I
0.2553757812548225-0.23460515956551303*I
0.31419696657565427-0.09648808052595768*I
0.37378270123191226
0.37368553707087554
0.36577925300385256
0.3569576973371395
0.3481323047918495
0.33946459941407514
0.33098879088309535
0.32271509014487204
0.3146487047457672
0.3067930973123626
0.2991503711517842
0.2917212895701604
0.28450534834122476
0.277500917384288
0.2707054133650997
0.26411547409491026
0.2577271194378659
0.251535892599255
0.24553698062215343
0.23972531528314256
0.23409565652015796
0.22864266076751785
0.22336093647850286
0.21824508888765018
0.21328975579791992
0.2084896359155345
0.2038395110163593
0.19933426302029375
0.19496888687170918
0.19073849997319436
0.18663834879384603
0.1826638131677263
0.17881040871003268
0.1750737877051916
0.17144973876016908
0.16793418546539687
0.1645231842634175
0.161212921690063
0.15799971112358868
0.15487998915254478
0.1518503116526812
0.14890734964588623
0.1460478849997453
0.14326880601403663
0.14056710293022878
0.1379398633911378
0.1353842678704434
0.13289758508508748
0.13047716739784465
0.12812044621212482
0.12582492735622458
0.12358818644976605
0.12140786424055526
0.11928166189559662
0.11720733622532929
0.11518269481494396
0.11320559103103832
0.11127391886527503
0.10938560756909604
0.10753861602448375
0.10573092678476832
0.10396053970617905
0.10222546507413638
0.10052371610791065
0.09885330070103004
0.09721221222226434
0.095598419159595
0.09400985333544452
0.09244439635051763
0.09089986382054392
0.08937398684644571
0.0878643899920786
0.08636856481795002
0.08488383770778686
0.0834073302905368
0.08193591014421629
0.08046612858036296
0.0789941410039171
0.07751560339041527
0.07602553542880264
0.07451813617124063
0.072986530417495
0.0714224113315935
0.06981552269312118
0.06815288411887976
0.0664175860842821
0.06458682616624432
0.06262851740622076
0.06049497896104522
0.05810997936238092
0.05533815122766669
0.051895476150451134
0.046959802890111965
