0.04688552548022653
0.047031486613382044
0.04717835180919648
0.047326129514336006
0.04747482827568154
0.047624456766004505
0.047775023766916495
0.04792653818148577
0.04807900903919352
0.04823244549042478
0.04838685680965979
0.048542252409347765
0.048698641825697574
0.0488560347350609
0.04901444095625623
0.04917387044083788
0.0493343332904671
0.04949583975448016
0.04965840023377411
0.04982202528146475
0.04998672561260219
0.05015251210077914
0.05031939578886854
0.05048738788546216
0.05065649977749261
0.05082674302731176
0.05099812937924339
0.05117067076553439
0.05134437931239665
0.05151926733720094
0.051695347361878155
0.05187263211380676
0.05205113453391845
0.05223086777646551
0.052411845222772854
0.05259408047867711
0.05277758738718137
0.05296238003168019
0.053148472742692174
0.05333588010470811
0.05352461696157309
0.05371469842832603
0.05390613989249944
0.05409895702576798
0.054293165790209715
0.054488782447028435
0.054685823565160455
0.054884306028862524
0.05508424704784699
0.05528566416628134
0.055488575271726265
0.05569299860699905
0.05589895277710283
0.05610645676388786
0.05631552993307733
0.056526192048843155
0.05673846328375455
0.0569523642306435
0.05716791591695594
0.05738513981509496
0.05760405785807158
0.05782469245190805
0.05804706648980552
0.05827120336804672
0.05849712699940248
0.05872486183025477
0.05895443285582913
0.059185865636632834
0.05941918631665989
0.059654421640065146
0.05989159896951616
0.06013074630512152
0.060371892303694344
0.06061506629890222
0.06086029832077428
0.06110761911806959
0.06135706017898189
0.061608653753858565
0.06186243287804431
0.062118431394948014
0.06237668398137664
0.06263722617077454
0.06290009438024727
0.06316532593566047
0.06343295909903189
0.06370303309539979
0.06397558814179807
0.06425066547523882
0.06452830738292695
0.06480855723183952
0.0650914594999342
0.06537705980752552
0.0656654049492713
0.06595654292731441
0.06625052298423839
0.06654739563754135
0.06684721271407519
0.06715002738531274
0.06745589420301792
0.06776486913579804
0.06807700960583661
0.06839237452615189
0.06871102433852115
0.06903302105142278
0.06935842827885703
0.06968731127899949
0.07001973699339517
0.07035577408628452
0.07069549298399358
0.07103896591477053
0.07138626694809705
0.07173747203429227
0.07209265904396273
0.07245190780724119
0.07281530015232997
0.07318291994423506
0.0735548531224947
0.0739311877385788
0.07431201399218648
0.07469742426704386
0.07508751316555785
0.07548237754207882
0.07588211653528028
0.07628683159875442
0.07669662653018401
0.07711160749862993
0.0775318830699726
0.07795756423004545
0.07838876440563175
0.07882559948287113
0.07926818782278507
0.07971665027415849
0.08017111018302546
0.08063169339879941
0.081098528276951
0.0815717456776956
0.08205147896056109
0.08253786397482091
0.08303103904509646
0.08353114495232145
0.0840383249095087
0.0845527245321944
0.08507449180325709
0.08560377703187856
0.086140732806365
0.08668551394058009
0.08723827741368598
0.0877991823030485
0.08836838970988581
0.08894606267765909
0.08953236610265423
0.09012746663686148
0.09073153258263504
0.0913447337791915
0.09196724148048739
0.09259922822456582
0.09324086769399484
0.09389233456734612
0.09455380436161412
0.09522545326540587
0.09590745796285763
0.09659999544822895
0.0973032428311064
0.0980173771322702
0.09874257507019991
0.09947901283831832
0.10022686587304605
0.10098630861280415
0.1017575142480992
0.10254065446296597
0.10333589916789827
0.10414341622466927
0.10496337116322677
0.1057959268911597
0.10664124339603279
0.10749947744108464
0.10837078225476425
0.10925530721464496
0.1101531975262623
0.1110645938975242
0.11198963220930792
0.11292844318298857
0.11388115204557334
0.11484787819326854
0.11582873485426351
0.11682382875155108
0.11783325976669932
0.11885712060545923
0.11989549646612167
0.12094846471160944
0.12201609454624066
0.12309844669818733
0.12419557310860885
0.125307516628498
0.1264343107242095
0.12757597919275726
0.12873253588783976
0.12990398445762316
0.13109031809528596
0.13229151930328112
0.13350755967229055
0.1347383996757963
0.1359839884811531
0.13724426377805415
0.13851915162516773
0.13980856631577834
0.1411124102630933
0.142430573905955
0.14376293563551149
0.14510936174345257
0.14646970639227497
0.14784381160799037
0.14923150729566034
0.15063261127800034
0.15204692935727637
0.15347425540062315
0.1549143714488075
0.15636704784843453
0.15783204340745835
0.15930910557381908
0.16079797063692797
0.1622983639516455
0.1638100001843245
0.16533258358041195
0.16686580825302236
0.16840935849182845
0.16996290909154488
0.1715261256992115
0.17309866517942255
0.1746801759965787
0.17627029861320928
0.1778686659033105
0.17947490357966733
0.18108863063401495
0.18270945978890568
0.18433699796010583
0.18597084672829672
0.1876106028188592
0.18925585858849742
0.19090620251743726
0.1925612197059358
0.19422049237383943
0.19588360036192828
0.19755012163379887
0.19921963277703908
0.20089170950249355
0.20256592714041058
0.20424186113231524
0.2059190875174755
0.20759718341285582
0.20927572748551526
0.2109543004164251
0.21263248535474624
0.21430986836164653
0.2159860388427922
0.21766058996869922
0.2193331190821905
0.2210032280922615
0.22267052385370809
0.22433461853193465
0.2259951299524288
0.22765168193442942
0.2293039046083956
0.2309514347169276
0.2325939158988621
0.23423099895631452
0.23586234210450435
0.23748761120424738
0.23910647997706655
0.2407186302029116
0.2423237519005415
0.24392154349065662
0.2455117119419379
0.24709397290017399
0.24866805080070395
0.2502336789644523
0.25179059967786377
0.25333856425707313
0.2548773330966907
0.2564066757036037
0.257926370716221
0.259436205909619
0.260935978187058
0.26242549355836337
0.2639045671056829
0.26537302293713405
0.26683069412888305
0.2682774226561907
0.2697130593139714
0.2711374636274223
0.2725505037532651
0.2739520563721642
0.2753420065728632
0.2767202477285873
0.2780866813662563
0.2794412170290369
0.2807837721327596
0.28211427181671994
0.2834326487893597
0.2847388431693248
0.2860328023223807
0.2873144806946406
0.2885838396425619
0.289840847260149
0.2910854782037675
0.2923177135149873
0.29353754044182473
0.294744952258764
0.2959399480859023
0.29712253270755307
0.29829271639062593
0.2994505147030839
0.30059594833275743
0.3017290429067845
0.3028498288119265
0.3039583410159925
0.3050546188905928
0.3061387060354188
0.30721065010424664
0.30827050263282857
0.3093183188688394
0.31035415760402185
0.3113780810086604
0.3123901544685145
0.3133904464243109
0.3143790282139001
0.3153559739171616
0.3163213602037367
0.3172752661836596
0.31821777326093775
0.31914896499014556
0.32006892693606226
0.3209777465363939
0.32187551296761197
0.32276231701392455
0.3236382509393989
0.3245034083632476
0.3253578841382815
0.32620177423253127
0.3270351756140349
0.3278581861387816
0.3286709044418023
0.3294734298313946
0.3302658621864593
0.3310483018569358
0.3318208495673045
0.33258360632314143
0.3333366733206921
0.33408015185943496
0.33481414325761083
0.33553874877068013
0.33625406951267733
0.3369602063804292
0.3376572599806016
0.33834533055953786
0.33902451793585237
0.3396949214357423
0.3403566398309791
0.3410097712795395
0.341654413268841
0.3422906625615357
0.34291861514382843
0.3435383661762761
0.3441500099470266
0.3447536398274578
0.34534934823017427
0.3459372265693223
0.34651736522317617
0.34708985349896315
0.34765477959987023
0.3482122305942092
0.34876229238667966
0.34930504969169934
0.3498405860087532
0.35036898359972024
0.3508903234681359
0.3514046853403444
0.3519121476485026
0.3524127875153853
0.35290668074095644
0.35339390179065894
0.353874523785379
0.3543486184930464
0.35481625632182356
0.3552775063148426
0.3557324361464475
0.3561811121198974
0.3566235991664922
0.3570599608460737
0.35749025934886225
0.35791455549859036
0.3583329087568849
0.35874537722886296
0.35915201766989757
0.35955288549351416
0.35994803478037457
0.36033751828831345
0.36072138746338445
0.3610996924518769
0.3614724821132676
0.3618398040340671
0.36220170454252265
0.3625582287241428
0.3629094204380056
0.36325532233381497
0.3635959758696703
0.3639314213305109
0.3642616978472076
0.36458684341626
0.36490689492007233
0.36522188814777096
0.36553185781653375
0.3658368375933981
0.3661368601175187
0.36643195702284265
0.36672215896117033
0.36700749562557927
0.36728799577417276
0.3675636872541337
0.3678345970260495
0.3681007511884843
0.36836217500277074
0.368618892917994
0.368870928596144
0.3691183049374094
0.3693610441055903
0.369599167553601
0.36983269604904495
0.3700616496998337
0.3702860479798294
0.37050590975448616
0.37072125330647254
0.3709320963612465
0.3711384561125688
0.3713403492479296
0.3715377919738693
0.3717308000411726
0.3719193887699181
0.37210357307436226
0.37228336748764124
0.3724587861862691
0.37262984301441615
0.3727965515079528
0.3729589249182349
0.37311697623562073
0.3732707182126992
0.37342016338721573
0.37356532410467846
0.37370621254063024
0.373842840722575
0.3739752205515388
0.3741033638232557
0.37422728224896756
0.3743469874758164
0.3744624911068289
0.37457380472047164
0.3746809398897701
0.37478390820098173
0.37488272127181077
0.3749773907691564
0.3750679284263821
0.375154346060106
0.37523665558649305
0.37531486903705025
0.3753889985739146
0.375459056504628
0.37552505529639246
0.375587007589803
0.37564492621205264
0.37569882418960254
0.3757487147603188
0.37579461138507175
0.37583652775879245
0.37587447782098876
0.37590847576571884
0.37593853605102123
0.37596467340780004
0.37598690284817154
0.3760052396732665
0.37601969948049596
0.3760302981702796
0.37603705195224063
0.37603997735087213
0.37603909121067625
0.3760344107007833
0.37602595331905575
0.3760137368956813
0.3759977795962616
0.37597809992440495
0.375954716723828
0.3759276491799746
0.37589691682115983
0.37586253951924875
0.3758245374898752
0.3757829312922152
0.37573774182831704
0.37568899034200653
0.37563669841736924
0.3755808879768255
0.3755215812788078
0.37545880091505013
0.3753925698074998
0.3753229112048687
0.3752498486788258
0.375173406119853
0.37509360773276956
0.37501047803193793
0.3749240418361668
0.3748343242633186
0.37474135072463816
0.3746451469188114
0.3745457388257695
0.3744431527002491
0.3743374150651197
0.3742285527044956
0.374116592656639
0.37400156220666964
0.3738834888790931
0.37376240043016107
0.3736383248400691
0.37351129030501645
0.3733813252291254
0.3732484582162425
0.37311271806162755
0.37297413374354643
0.37283273441477116
0.3726885493940084
0.37254160815725823
0.3723919403291193
0.3722395756740485
0.37208454408758596
0.37192687558755455
0.37176660030524394
0.3716037484765912
0.3714383504333598
0.3712704365943368
0.3711000374565462
0.370927183586493
0.3707519056114466
0.37057423421076513
0.370394200107277
0.3702118340587199
0.3700271668492465
0.3698402292810049
0.3696510521657998
0.3694596663168375
0.3692661025405656
0.36907039162860816
0.3688725643498069
0.36867265144236555
0.3684706836061127
0.3682666914948771
0.36806070570898725
0.3678527567878948
0.367642875202929
0.3674310913501808
0.3672174355435248
0.36700193800777975
0.366784628872009
0.36656553816296544
0.3663446957986831
0.36612213158221535
0.36589787519552275
0.36567195619351434
0.3654444039982381
0.3652152478932277
0.36498451701800244
0.3647522403627236
0.36451844676300504
0.3642831648948818
0.36404642326993314
0.36380825023056423
0.3635686739454418
0.3633277224050874
0.3630854234176256
0.36284180460468635
0.36259689339746237
0.3623507170329203
0.3621033025501627
0.3618546767869411
0.3616048663763214
0.3613538977434946
0.3611017971027376
0.3608485904545171
0.3605943035827388
0.36033896205213967
0.36008259120581804
0.35982521616290514
0.35956686181637154
0.3593075528309676
0.3590473136413002
0.35878616845003386
0.3585241412262263
0.35826125570378553
0.3579975353800534
0.35773300351450954
0.35746768312759364
0.3572015969996457
0.3569347676699618
0.3566672174359587
0.35639896835245055
