0.06459558633077804
0.06487480736144408
0.0651566245598931
0.06544108131025507
0.06572822207993327
0.06601809244848916
0.06631073913699903
0.06660621003781281
0.06690455424503439
0.06720582208484363
0.06751006514671082
0.0678173363148598
0.06812768979982314
0.06844118117064882
0.06875786738699564
0.06907780683172877
0.06940105934341347
0.06972768624924984
0.07005775039786634
0.0703913161919542
0.07072844962126876
0.07106921829516351
0.07141369147515716
0.07176194010696883
0.07211403685247665
0.07247005612118954
0.07283007410109553
0.0731941687890059
0.07356242002013441
0.07393490949695204
0.07431172081692343
0.07469293949956221
0.0750786530119337
0.07546895079313404
0.0758639242772682
0.07626366691494968
0.0766682741930724
0.07707784365267613
0.07749247490494912
0.07791226964511472
0.07833733166379636
0.07876776685619621
0.0792036832285064
0.07964519090140515
0.0800924021108595
0.0805454312053924
0.0810043946403141
0.08146941096824
0.08194060082593314
0.08241808691717892
0.08290199399161917
0.0833924488192617
0.08388958016043832
0.0843935187311173
0.08490439716330751
0.0854223499604572
0.08594751344749092
0.08648002571547533
0.08702002656067104
0.08756765741773578
0.08812306128704012
0.08868638265581873
0.0892577674130922
0.08983736275817186
0.09042531710259799
0.09102177996548072
0.09162690186206641
0.09224083418540677
0.09286372908119762
0.09349573931554221
0.09413701813573591
0.09478771912396872
0.09544799604402543
0.09611800268087828
0.09679789267330013
0.097487819339553
0.09818793549617562
0.09889839327005016
0.09961934390380757
0.10035093755481467
0.10109332308782029
0.10184664786158382
0.10261105750963236
0.10338669571547322
0.10417370398251644
0.10497222139907163
0.10578238439871263
0.10660432651643163
0.10743817814099865
0.10828406626391565
0.10914211422542419
0.11001244145813925
0.11089516322869289
0.1117903903780077
0.11269822906076221
0.1136187804845385
0.11455214064937885
0.11549840008826708
0.11645764360920498
0.11742995003954378
0.11841539197322859
0.11941403552159922
0.12042594006847895
0.12145115803018643
0.1224897346212009
0.12354170762615281
0.12460710717882396
0.12568595554886958
0.12677826693690664
0.12788404727865543
0.1290032940587963
0.13013599613515403
0.13128213357387783
0.13244167749615654
0.13361458993710668
0.13480082371733962
0.1360003223277587
0.13721301982805878
0.1384388407593869
0.13967770007160688
0.1409295030655083
0.1421941453503564
0.14347151281703302
0.14476148162706579
0.1460639182177257
0.14737867932340046
0.14870561201331894
0.15004455374573855
0.1513953324385917
0.15275776655658113
0.154131665214653
0.15551682829771185
0.1569130465964215
0.1583201019588607
0.15973776745778467
0.1611658075731514
0.16260397838958943
0.16405202780837838
0.16550969577350866
0.1669767145113397
0.16845280878332983
0.16993769615126653
0.1714310872544254
0.1729326860980066
0.17444219035221445
0.1759592916612732
0.17748367596169604
0.17901502380904685
0.18055301071247884
0.182097307476255
0.18364758054748925
0.18520349236931258
0.18676470173866644
0.18833086416792444
0.18990163224953388
0.191476656022885
0.19305558334259212
0.19463806024740812
0.19622373132898582
0.19781224009970827
0.19940322935883523
0.20099634155622076
0.20259121915288578
0.2041875049777284
0.20578484257970597
0.2073828765748281
0.20898125298732523
0.21057961958439728
0.21217762620396727
0.2137749250748929
0.2153711711291294
0.2169660223053555
0.21855913984362824
0.2201501885706374
0.22173883717519163
0.22332475847358527
0.22490762966453712
0.22648713257342568
0.22806295388557413
0.22963478536838397
0.23120232408213784
0.23276527257933644
0.23432333909245595
0.23587623771005756
0.23742368854119592
0.2389654178681238
0.24050115828729926
0.24203064883874476
0.2435536351238283
0.24506986941156586
0.24657911073356412
0.24808112496775545
0.2495756849110886
0.2510625703413692
0.25254156806845585
0.2540124719750409
0.2554750830472629
0.25692920939540276
0.25837466626495126
0.25981127603831544
0.26123886822748005
0.26265727945791995
0.26406635344408114
0.2654659409567605
0.26685589978270025
0.2682360946767464
0.26960639730689523
0.27096668619257114
0.27231684663648525
0.2736567706503964
0.27498635687513506
0.27630551049521374
0.2776141431483636
0.27891217283032854
0.28019952379524543
0.2814761264519277
0.282741917256373
0.28399683860080127
0.28524083869952493
0.28647387147195186
0.2876958964229996
0.2889068785212055
0.2901067880748009
0.29129560060600995
0.2924732967238227
0.29363986199548786
0.29479528681695955
0.2959395662825117
0.2970727000537439
0.2981946922281767
0.2993055512076306
0.3004052895665754
0.30149392392061963
0.30257147479530966
0.30363796649539393
0.3046934269746954
0.3057378877067344
0.3067713835562281
0.3077939526515895
0.30880563625853535
0.30980647865491034
0.3107965270068251
0.3117758312461913
0.3127444439497462
0.3137024202196308
0.3146498175656025
0.31558669578893467
0.31651311686806655
0.31742914484605306
0.31833484571986004
0.3192302873315461
0.3201155392613698
0.32099067272285037
0.32185576045981185
0.3227108766454356
0.3235560967833407
0.324391497610705
0.32521715700345055
0.3260331538834914
0.32683956812806464
0.32763648048113936
0.3284239724669166
0.3292021263054113
0.3299710248301262
0.33073075140780606
0.33148138986027403
0.3322230243883413
0.33295573949778573
0.33367961992738604
0.33439475057900936
0.33510121644973456
0.33579910256600576
0.33648849391979846
0.33716947540678804
0.3378421317665082
0.3385065475244781
0.3391628069362923
0.33981099393364694
0.340451192072297
0.34108348448191544
0.34170795381784813
0.3423246822147372
0.34293375124199915
0.34353524186113926
0.3441292343848775
0.3447158084380718
0.34529504292041574
0.34586701597088904
0.34643180493394043
0.34698948632738197
0.34754013581197035
0.34808382816265815
0.3486206372414809
0.349150635972073
0.34967389631576967
0.3501904892492917
0.3507004847439671
0.3512039517464823
0.3517009581611273
0.3521915708335154
0.35267585553574243
0.35315387695297445
0.35362569867141974
0.35409138316767275
0.35455099179939237
0.3550045847972954
0.35545222125843096
0.3558939591407108
0.3563298552586704
0.3567599652804235
0.35718434372579355
0.35760304396558257
0.3580161182219581
0.35842361756991975
0.358825591939826
0.35922209012094414
0.35961315976600294
0.3599988473967071
0.3603791984102008
0.3607542570864329
0.36112406659641294
0.3614886690113145
0.3618481053124074
0.3622024154017835
0.3625516381138546
0.3628958112275851
0.36323497147944256
0.36356915457702654
0.36389839521335937
0.364222727081802
0.3645421828915752
0.36485679438385427
0.3651665923484119
0.36547160664078593
0.36577186619994057
0.3660673990663972
0.36635823240081644
0.36664439250299
0.3669259048312357
0.36720279402215805
0.3674750839107552
0.3677427975508472
0.3680059572358038
0.368264584519543
0.368518700237784
0.368768324529525
0.36901347685873065
0.3692541760361973
0.36949044024158256
0.36972228704557536
0.3699497334321783
0.3701727958210931
0.370391490090177
0.3706058315979558
0.37081583520617095
0.3710215153023426
0.3712228858223241
0.37141996027283647
0.37161275175395286
0.3718012729815253
0.3719855363095272
0.37216555375229415
0.37234133700665195
0.37251289747390165
0.37268024628165713
0.3728433943055088
0.37300235219050076
0.37315713037240483
0.37330773909877374
0.3734541884497578
0.3735964883586731
0.37373464863229816
0.37386867897089593
0.37399858898793475
0.37412438822950267
0.3742460861933973
0.37436369234788186
0.37447721615009016
0.3745866670640704
0.374692054578458
0.3747933882237626
0.37489067758925954
0.37498393233947686
0.37507316223026727
0.37515837712445266
0.37523958700703697
0.3753168019999769
0.37539003237650004
0.3754592885749685
0.3755245812122768
0.3755859210967787
0.37564331924073885
0.3756967868723029
0.3757463354469814
0.37579197665864306
0.3758337224500169
0.3758715850226947
0.37590557684663817
0.37593571066918435
0.3759619995235483
0.3759844567368267
0.3760030959374962
0.3760179310624132
0.376028976363309
0.376036246412792
0.37603975610984663
0.37603952068484314
0.3760355557040546
0.37602787707368646
0.37601650104342343
0.37600144420950044
0.37598272351729645
0.3759603562634656
0.3759343600976038
0.37590475302346105
0.37587155339970935
0.37583477994026704
0.3757944517141908
0.3757505881451463
0.3757032090104598
0.375652334439765
0.3755979849132512
0.3755401812595242
0.3754789446530862
0.37541429661145126
0.37534625899189816
0.3752748539878796
0.3752001041250918
0.3751220322572183
0.3750406615613597
0.3749560155331592
0.3748681179816347
0.3747769930237326
0.37468266507860726
0.3745851588616492
0.3744844993782596
0.3743807119173977
0.37427382204489956
0.37416385559658955
0.3740508386711914
0.37393479762305043
0.3738157590546817
0.37369374980915315
0.37356879696231604
0.37344092781489263
0.3733101698844356
0.3731765508971676
0.3730400987797134
0.3729008416507333
0.37275880781247267
0.372614025742235
0.37246652408378794
0.37231633163871714
0.3721634773577333
0.37200799033194354
0.3718498997840983
0.37168923505982165
0.37152602561883386
0.37136030102617595
0.37119209094344563
0.37102142512004876
0.3708483333844839
0.370672845635654
0.370494991834227
0.37031480199404354
0.3701323061735803
0.3699475344674812
0.36976051699815493
0.3695712839074518
0.3693798653484221
0.36918629147716425
0.3689905924447656
0.3687927983893434
0.36859293942819127
0.36839104565003133
0.3681871471073835
0.3679812738090506
0.36777345571272607
0.3675637227177257
0.36735210465784945
0.3671386312943747
0.3669233323091842
0.3667062372980333
0.3664873757639548
0.36626677711080835
0.3660444706369723
0.36582048552918617
0.36559485085653404
0.36536759556458426
0.3651387484696745
0.3649083382533522
0.36467639345696473
0.36444294247640324
0.3642080135570003
0.3639716347885807
0.3637338341006668
0.363494639257838
0.3632540778552408
0.3630121773142563
0.36276896487831706
