-7.605816346022889*^-6-0.00014229747659151305*I
0.04642032312639418+0.21039362437061704*I
0.050132969176945874-0.21367306607272746*I
0.08455016559909773-0.2336948377601959*I
0.1945754614245869-0.25166752751066773*I
0.27895120521121813-0.09754106491155479*I
0.3073271273624256
0.2884658339832161
0.2688281002696637
0.2514024921785267
0.2358464849046952
0.2217991964369425
0.2090205462509313
0.19734653789969628
0.18665528936707898
0.17684897519708104
0.1678446912529289
0.15956976838454287
0.15195926546212749
0.1449545382927252
0.1385023476619412
0.13255424301474913
0.12706609131361674
0.12199768637328484
0.11731240669804772
0.11297690622124318
0.10896083041102766
0.10523655410463295
0.10177893920707173
0.09856511112973289
0.09557425308578994
0.0927874173871316
0.09018735284008746
0.08775834727733918
0.08548608422025178
0.08335751264620236
0.0813607288403878
0.07948486933668099
0.07772001399229082
0.07605709829138682
0.07448783403109421
0.073004637602187
0.07160056513961452
0.07026925387798973
0.06900486910346952
0.06780205615149157
0.06665589694824986
0.06556187064320604
0.06451581792357276
0.06351390863985595
0.06255261241191037
0.061628671911419096
0.0607390785550209
0.05988105035877882
0.05905201173732619
0.05824957504738913
0.057471523695143543
0.05671579664330794
0.05598047417059276
0.05526376474433682
0.05456399288471266
0.05387958790026371
0.05320907338814576
0.05255105739839791
0.05190422316438698
0.05126732029485866
0.05063915635224074
0.05001858869931773
0.04940451653586921
0.04879587301434666
0.04819161729857458
0.047590726485854794
0.046992187199664796
0.04639498668799927
0.04579810327247077
0.04520049579773628
0.04460109188277068
0.04399877444409299
0.04339236610537561
0.04278061066592693
0.042162150909779705
0.04153550124545564
0.04089901383876893
0.04025083544683111
0.0395888519892911
0.03891061529002158
0.038213245366796565
0.03749329585855444
0.03674656475919204
0.03596782169207742
0.035150398922395326
0.03428555731121814
0.033361451991747074
0.03236135075104773
0.03126031803299301
0.03001842097574149
0.02856468238574829
0.026750207257695963
0.024144561870355793
