0.00022898996887488231-0.0012220743759966727*I
0.04642033116953538+0.2103936199693132*I
0.05259615001845207-0.21555379444296652*I
0.09713999957275668-0.2393470332162047*I
0.2217842537419526-0.24560528782269453*I
0.29202378908395143-0.09716095393673746*I
0.33438407788356966
0.32338390995003985
0.3086071022470764
0.2947904139493406
0.28209102545143117
0.27033892181645397
0.25939021628077613
0.24914307004690317
0.23952347701644391
0.23047425748818087
0.22194861718509096
0.21390655506430048
0.20631284152237644
0.1991358426881733
0.19234680406761528
0.18591938848789416
0.17982935840256015
0.17405434260949945
0.16857365409810396
0.16336814022518203
0.1584200544195238
0.15371294310616365
0.14923154409088243
0.14496169410573226
0.1408902440590427
0.1370049810174381
0.13329455622904665
0.12974841866093204
0.12635675361877705
0.12311042607503445
0.12000092836807146
0.117020331960081
0.11416124296091144
0.11141676114108724
0.10878044217301985
0.10624626285353121
0.10380858907565245
0.10146214633172429
0.09920199254392323
0.09702349303202584
0.09492229744158517
0.09289431846795854
0.09093571222427935
0.08904286011231706
0.08721235206586189
0.0854409710462891
0.08372567867885349
0.0820636019267141
0.08045202070653448
0.07888835635763022
0.07737016088117481
0.07589510687183203
0.07446097806881322
0.07306566045732416
0.07170713385278275
0.07038346390433381
0.06909279445425917
0.06783334019046533
0.06660337952690724
0.0654012476482154
0.0642253296470602
0.06307405368034627
0.06194588405999716
0.06083931418956183
0.059752859234053525
0.05868504840229004
0.05763441669288687
0.05659949592298473
0.05557880481195644
0.05457083785849231
0.053574052637419066
0.05258685508603521
0.05160758217937636
0.05063448122657884
0.04966568474934072
0.048699179531430214
0.04773276791012947
0.046764018545981806
0.045790202814561
0.04480821108511889
0.04381444030820118
0.042804639904110396
0.04177369513792974
0.04071531396376785
0.039621559463266044
0.038482124138491905
0.037283149786887446
0.0360051935671869
0.03461945448788283
0.033080042990834065
0.03130579600710796
0.02912726421910129
0.02605728731190676
