0.5146855613833924
0.5406305042342465
0.5593852821764956
0.5744801663089203
0.5872696691231223
0.5984380941096263
0.6083859157710533
0.6173707438339616
0.6255697123379826
0.6331108338641945
0.6400902644061065
0.6465824934528227
0.652646697118007
0.6583308792711688
0.6636746723565514
0.6687112917055044
0.6734689361089501
0.6779718150688183
0.6822409176779847
0.6862945985202487
0.6901490313147963
0.6938185652145188
0.6973160082733663
0.7006528556148903
0.7038394750480986
0.7068852595359899
0.7097987535540373
0.7125877586683771
0.715259422418823
0.7178203136702646
0.7202764869070418
0.7226335374240287
0.7248966489697551
0.7270706350896942
0.7291599751795527
0.7311688460702658
0.7331011498186207
0.7349605382593686
0.7367504347800065
0.7384740537030056
0.7401344175983847
0.7417343727987109
0.743276603347219
0.744763643575175
0.7461978894764764
0.7475816090234236
0.74891695154806
0.7502059562966316
0.7514505602508066
0.7526526052973816
0.7538138448181699
0.7549359497632439
0.756020514263471
0.757069060832098
0.7580830451999417
0.7590638608242765
0.7600128431078695
0.7609312733614593
0.7618203825404681
0.7626813547846928
0.76351533078833
0.764323411026491
0.7651066588638654
0.7658661035712409
0.7666027432759261
0.7673175478732784
0.768011461928453
0.7686854075999158
0.7693402876200977
0.7699769883734167
0.7705963831183452
0.7711993354087681
0.7717867027812402
0.7723593407890615
0.7729181074838589
0.7734638684708314
0.7739975026980439
0.7745199091865345
0.7750320149710634
0.7755347846077573
0.7760292317271872
0.7765164332827534
0.776997547393446
0.7774738360444103
0.7779466944555298
0.7784176897664526
0.7788886130027244
0.7793615504211764
0.7798389838919989
0.7803239361620794
0.7808201880535965
0.7813326160632232
0.7818677423082255
0.782434684047719
0.7830469196240296
0.7837259143111698
0.7845096781736984
0.7854778098514803
0.7868604528088937
