0.3519782100279508
0.3336937260353254
0.31919916207632004
0.30679309731231363
0.29579755145953296
0.28585584372773626
0.276749652806728
0.2683320424424363
0.26049749640837144
0.2531666006476888
0.24627742956258875
0.2397803419245447
0.23363465553376273
0.22780642452366887
0.22226689770691802
0.2169914156936424
0.21195860091277277
0.2071497491761711
0.20254836359986725
0.19813979140081292
0.193910936547391
0.18985002934633333
0.18594643945233258
0.1821905224709231
0.17857349288759827
0.1750873178709654
0.17172462780362432
0.16847864034915097
0.16534309557028726
0.1623122001436862
0.15938057911888603
0.15654323397764108
0.15379550598874653
0.15113304404029185
0.14855177627855143
0.1460478849997448
0.1436177843346489
0.14125810034162378
0.13896565318486964
0.13673744112486025
0.13457062608898118
0.13246252062428956
0.1304105760624973
0.12841237175065612
0.12646560522061964
0.12456808318677812
0.12271771327537027
0.12091249640030186
0.11915051971017296
0.11742995003954387
0.11574902780432111
0.11410606128698764
0.11249942126223016
0.11092753591737793
0.10938888602524614
0.10788200032937148
0.10640545110328449
0.1049578498465659
0.10353784308066558
0.10214410820718864
0.10077534939022416
0.09943029342226649
0.09810768553042179
0.09680628507554119
0.0955248610916123
0.09426218760576781
0.09301703867034584
0.0917881830271611
0.09057437830960162
0.08937436466988963
0.08818685769530889
0.08701054044722543
0.085844054418066
0.08468598915103787
0.08353487020216592
0.08238914503734346
0.08124716634239791
0.08010717206932527
0.07896726133117137
0.07782536496869331
0.07667920920568323
0.07552627023698562
0.0743637167631215
0.07318833627082365
0.07199643903369403
0.07078373101389994
0.06954514244753683
0.0682745917839097
0.06696465274811114
0.06560607163713915
0.06418704447545874
0.06269209204901605
0.061100225305606035
0.05938177453188168
0.05749248615267569
0.05536138915029102
0.05286212193022296
0.04972889730859901
0.04519012426965126
