0.24244850314866728
0.21300410844339449
0.19260607230888532
0.17684897520072707
0.1640534130147299
0.15335258691616913
0.14422487811056903
0.13632579262005917
0.12941322481893572
0.12330931488513164
0.11787899849253806
0.11301704126683197
0.10863975310304781
0.10467945395963546
0.10108064250141457
0.09779726388215858
0.09479071230865409
0.09202833959260406
0.08948232108748311
0.08712877964636474
0.08494709946001305
0.08291938200083745
0.0810300099148745
0.07926529401192695
0.07761318499176326
0.07606303614779053
0.0746054066061675
0.07323189708638718
0.07193501196520638
0.07070804277520468
0.06954496929034698
0.06844037513344879
0.06738937544671238
0.06638755463599243
0.06543091257186523
0.0645158179235731
0.06363896753676493
0.06279735095212784
0.06198821931436823
0.06120905804677249
0.0604575627624609
0.05973161796945974
0.059029278194277016
0.05834875120431112
0.05768838305582371
0.05704664473380872
0.056422120185829004
0.05581349557205232
0.05521954958729061
0.05463914471606827
0.05407121931854805
0.053514780436648396
0.052968897241456175
0.05243269503165481
0.051905349734397845
0.0513860828235278
0.05087415661369861
0.050368869880546396
0.049869553740916304
0.049375567779901715
0.04888629635446699
0.048401145046535615
0.04791953723354008
0.04744091070870482
0.0469647143525351
0.04649040476707533
0.046017442863303164
0.045545290318474825
0.045073405885622086
0.04460124145362634
0.04412823775928551
0.043653819760113316
0.04317739139542009
0.04269832977090927
0.04221597843083519
0.04172963962211328
0.041238565237491726
0.04074194599033126
0.04023889854465298
0.03972844962944306
0.03920951701895836
0.038680884971396136
0.0381411742457298
0.03758880282694316
0.03702193531018326
0.036438415847280824
0.03583567780622509
0.03521061973579089
0.03455942898864272
0.03387732970599583
0.03315820121491778
0.032393987227319565
0.03157373499509389
0.030681921470021422
0.02969537669507397
0.02857690390284802
0.02726027797710131
0.025606286561308242
0.023211524768739982
