0.024583854169436377
0.024699125751326503
0.02481541090470243
0.0249326425886572
0.02505082807756681
0.025170039016008207
0.025290217822028102
0.025411427564583325
0.025533649265616496
0.025656919195387456
0.025781222263650774
0.02590657453491596
0.026032988362554455
0.02616046513228061
0.02628903068541403
0.026418695379223815
0.026549457579857088
0.02668132606383569
0.026814325118894276
0.026948452903793267
0.02708372953568684
0.02722016258343249
0.027357761238849802
0.02749653586357276
0.027636496743911595
0.027777660822334228
0.02792003297866599
0.02806362587113157
0.028208491613792814
0.028354558007921565
0.028501878985688928
0.028650466942536004
0.02880033427442529
0.028951511622681635
0.029103967037872835
0.029257752935484146
0.0294128447557412
0.029569286676671403
0.02972707404982142
0.029886219455379073
0.030046735458806442
0.03020864226047897
0.030371942682819866
0.030536649244075658
0.030702780614154483
0.030870347464639986
0.031039361447616272
0.03120982998300978
0.031381773913131246
0.03155520434724849
0.03173012990026665
0.03190656631113335
0.032084528137873394
0.032264029479843456
0.032445080495020505
0.03262769745665983
0.03281189562774116
0.03299768574572802
0.03318508447352776
0.03337410646664141
0.033564765278150624
0.03375707737746466
0.033951056987748536
0.03414672070696796
0.03434408399689056
0.03454316279105987
0.034743974458664444
0.03494653588189904
0.03515086368470831
0.03535697628215618
0.03556489159824735
0.035774628476821106
0.03598620613314824
0.03619964411101442
0.03641496286700245
0.03663218309491366
0.03685132611333086
0.03707241445513799
0.037295470549302746
0.037520518208787976
0.03774758178655412
0.03797668635130897
0.03820785793317454
0.038441123571707606
0.038676511136283995
0.038914049557438074
0.039153768826529316
0.039395700083176305
0.03963987554035296
0.03988632868527752
0.040135094296131296
0.04038620850611785
0.0406397088357938
0.04089563417979879
0.04115402509801572
0.04141492358563631
0.04167837342526002
0.04194442001250207
0.04221311052831263
0.04248449402135924
0.042758621452229646
0.04303554570855542
0.043315321768634354
0.04359800668141997
0.04388365964595743
0.04417234214247094
0.044464117881047115
0.04475905297071359
0.045057215902752586
0.04535867765435705
0.04566351171674297
0.04597179415578225
0.046283603654406855
0.046599021574619835
0.04691813197553961
0.047241021678111776
0.04756778026631064
0.047898500145912064
0.04823327653913739
0.048572207520202366
0.0489153940180195
0.04926293982393252
0.049614951583986336
0.04997153878974584
0.05033281375909244
0.05069889161479363
0.051069890240087734
0.05144593024644961
0.05182713490882061
0.05221363011102566
0.05260554427284091
0.053003008260072364
0.053406155304129975
0.05381512088759079
0.05423004263812417
0.05465106020004694
0.05507831510125422
0.055511950605844095
0.05595211155828529
0.05639894421541065
0.05685259606723688
0.057313215649325164
0.05778095234250882
0.058255956164693284
0.0587383775491584
0.05922836711841527
0.05972607544463598
0.060231652804050656
0.060745248921127475
0.061267012707423955
0.06179709199189942
0.06233563324395934
0.06288278129362035
0.0634386790443779
0.06400346718165721
0.06457728388006509
0.0651602645055746
0.0657525413170181
0.06635424316740923
0.06696549520355015
0.0675864185680568
0.06821713010283999
0.06885774205500389
0.06950836178719917
0.07016909149214812
0.07084002791301564
0.07152126207033477
0.07221287899681103
0.07291495747987053
0.07362756981406866
0.07435078156337342
0.07508465133446153
0.07582923056188062
0.07658456330578356
0.07735068606222525
0.07812762758839063
0.07891540874145156
0.07971404233269416
0.08052353299740138
0.0813438770805545
0.08217506253871192
0.08301706885906596
0.08386986699509223
0.08473341931950548
0.08560767959465575
0.08649259296022198
0.08738809593838848
0.08829411645635132
0.0892105738863587
0.09013737910261946
0.09107443455531775
0.09202163436123033
0.09297886441059984
0.09394600249006757
0.09492291842104857
0.09590947421314966
0.09690552423205676
0.09791091538137846
0.09892548729787505
0.09994907255932493
0.10098149690437007
0.10202257946376261
0.10307213300215523
0.10412996416973538
0.10519587376288882
0.10626965699325869
0.10735110376416197
0.10843999895381898
0.10953612270435632
0.11063925071597323
0.11174915454532691
0.11286560190740359
0.11398835698003149
0.1151171807103406
0.11625183112225874
0.11739206362445204
0.11853763131780978
0.11968828530191192
0.12084377497967153
0.12200384835953616
0.12316825235458088
0.1243367330779061
0.12550903613374167
0.12668490690365006
0.1278640908274233
0.1290463336780234
0.13023138183024358
0.13141898252257667
0.13260888411191715
0.13380083632075945
0.1349945904765103
0.13618989974267576
0.1373865193416085
0.1385842067686369
0.1397827219973286
0.14098182767572764
0.1421812893134662
0.1433808754596024
0.14458035787110304
0.145779511671964
0.14697811550288686
0.1481759516615382
0.1493728062334413
0.1505684692134869
0.15176273461819081
0.15295540058876542
0.15414626948508914
0.15533514797076786
0.1565218470893533
0.15770618233195055
0.15888797369632163
0.16006704573773653
0.1612432276117226
0.16241635310895702
0.1635862606824811
0.16475279346751476
0.16591579929406503
0.16707513069257826
0.16823064489290845
0.16938220381680244
0.1705296740642162
0.1716729268936571
0.1728118381968596
0.1739462884680149
0.17507616276783786
0.1762013506827191
0.1773217462792112
0.178437248054122
0.17954775888043698
0.1806531859493616
0.18175344070867225
0.1828484387976842
0.18393809997900606
0.18502234806737025
0.18610111085572625
0.1871743200388452
0.18824191113464042
0.1893038234034138
0.19035999976525175
0.19141038671574287
0.19245493424024263
0.19349359572684266
0.19452632787826069
0.19555309062279458
0.1965738470245283
0.19758856319296372
0.19859720819220258
0.19959975394987475
0.2005961751659139
0.20158644922136304
0.2025705560873035
0.2035484782340737
0.2045202005408662
0.2054857102058441
0.20644499665687596
0.20739805146299833
0.20834486824670032
0.20928544259714021
0.21021977198435854
0.21114785567459887
0.21206969464679312
0.21298529151030635
0.2138946504239838
0.21479777701659986
0.21569467830873093
0.21658536263614073
0.21746983957470578
0.21834811986694233
0.21922021535016828
0.22008613888634507
0.22094590429362732
0.22179952627965985
0.22264702037663736
0.22348840287815816
0.22432369077789374
0.22515290171007346
0.22597605389182415
0.22679316606734487
0.22760425745394683
0.22840934768994356
0.22920845678440685
0.23000160506876938
0.23078881315028837
0.2315701018673403
0.23234549224655557
0.23311500546176486
0.2338786627947571
0.2346364855978154
0.23538849525802313
0.23613471316331536
0.2368751606702534
0.23760985907349372
0.23833882957692756
0.23906209326646818
0.2397796710844454
0.2404915838055853
0.24119785201454452
0.24189849608495545
0.24259353615996504
0.24328299213421636
0.2439668836372496
0.24464523001827976
0.24531805033232054
0.24598536332761103
0.2466471874343131
0.24730354075443897
0.2479544410529785
0.24859990575017268
0.24923995191491843
0.2498745962592477
0.2505038551338514
0.2511277445246144
0.25174628005011734
0.2523594769600761
0.2529673501346753
0.2535699140847696
0.25416718295290613
0.25475917051514557
0.2553458901836392
0.2559273550099295
0.2565035776889494
0.25707457056367244
0.2576403456304027
0.2582009145446541
0.25875628862760186
0.25930647887307157
0.25985149595503804
0.2603913502356058
0.26092605177344597
0.26145561033265635
0.26198003539203046
0.2624993361546972
0.2630135215581172
0.2635226002844053
0.26402658077095936
0.26452547122137343
0.2650192796166082
0.2655080137264048
0.2659916811209166
0.26647028918253846
0.2669438451179179
0.267412355970123
0.2678758286309557
0.2683342698533874
0.2687876862640989
0.26923608437611246
0.2696794706014942
0.27011785126411403
0.2705512326124438
0.27097962083238275
0.27140302206009126
0.27182144239482103
0.27223488791172334
0.2726433646746287
0.2730468787487735
0.27344543621347256
0.27383904317471297
0.2742277057776655
0.27461143021909545
0.2749902227596626
0.27536408973610055
0.27573303757325807
0.2760970727959993
0.27645620204094146
0.2768104320680325
0.27715976977194273
0.27750422219327425
0.2778437965295712
0.2781785001461174
0.27850834058652474
0.2788333255830892
0.2791534630669158
0.27946876117779684
0.2797792282738425
0.280084872940849
0.28038570400140267
0.28068173052370865
0.2809729618301395
0.2812594075054974
0.28154107740498124
0.28181798166185784
0.28209013069482636
0.282357535215076
0.2826202062330255
0.2828781550647503
0.28313139333808235
0.2833799329983881
0.2836237863140166
0.28386296588141424
0.2840974846299088
0.2843273558261568
0.2845525930782535
0.2847732103395037
0.28498922191185483
0.28520064244899085
0.28540748695908297
0.2856097708072084
0.2858075097174239
0.2860007197745054
0.28618941742535325
0.28637361948006024
0.2865533431126527
0.28672860586149895
0.28689942562939624
0.28706582068333114
0.2872278096539244
0.2873854115345585
0.28753864568019916
0.28768753180590617
0.2878320899850462
0.2879723406472103
0.2881083045758408
0.2882400029055711
0.28836745711929385
0.2884906890449493
0.28860972085205183
0.2887245750479602
0.2888352744738888
0.28894184230067876
0.289044302024333
0.28914267746131117
0.2892369927436164
0.28932727231365263
0.2894135409188825
0.289495823606285
0.28957414571661844
0.2896485328785031
0.2897190110023257
0.28978560627397937
0.2898483451484437
0.2899072543432117
0.28996236083157956
0.29001369183579706
0.29006127482009586
0.29010513748359773
0.29014530775311476
0.2901818137758489
0.2902146839119974
0.2902439467272735
0.2902696309853505
0.29029176564023806
0.2903103798285946
0.2903255028619887
0.2903371642191156
0.2903453935379697
0.2903502206079952
0.2903516753622059
0.2903497878692916
0.290344588325714
0.29033610704780194
0.29032437446384823
0.29030942110622043
0.2902912776034834
0.2902699746725514
0.2902455431108639
0.290218013788601
0.29018741764093703
0.29015378566033945
0.2901171488889231
0.29007753841085965
