0.4364490691084464
0.3718034369707586
0.33064068833425425
0.3007922805100874
0.27766460404923593
0.2589885330399518
0.24346984095205576
0.23029932599059819
0.21893736755349552
0.20900643592768564
0.2002323885254708
0.19241013956537148
0.1853824736954861
0.1790263894481397
0.17324397360465268
0.16795611551501852
0.16309806394612614
0.15861621519979704
0.15446574539159927
0.1506088346255246
0.1470133145079917
0.14365162383984603
0.14049999223401205
0.13753779473043423
0.13474703637123797
0.1321119367182501
0.12961859206011017
0.12725469861735186
0.12500932407399895
0.12287271772212668
0.12083615170560422
0.11889178748315365
0.11703256289564314
0.1152520961622326
0.11354460387447483
0.11190483062530883
0.11032798836563444
0.10880970392493075
0.10734597342065944
0.105933122508391
0.10456777159172209
0.10324680527824302
0.10196734546498495
0.10072672754896422
0.09952247933314046
0.0983523022595291
0.09721405466234317
0.09610573677818413
0.0950254772797719
0.09397152114316162
0.09294221867453253
0.09193601555127184
0.0909514437447242
0.0899871132211885
0.08904170429965305
0.08811396060073473
0.08720268248687775
0.08630672092534018
0.08542497171756819
0.08455637000512195
0.08369988501768001
0.08285451498751768
0.08201928218325896
0.08119322797587639
0.08037540793360606
0.07956488679604277
0.07876073333343968
0.07796201497123355
0.0771677920738887
0.07637711181794908
0.07558900153284237
0.07480246125791751
0.07401645550371899
0.0732299038326989
0.07244167004185474
0.07165054959706041
0.07085525480889002
0.07005439725406462
0.06924646646738529
0.0684298041647174
0.06760257228072428
0.06676271317472238
0.06590789928382564
0.06503546849160229
0.06414234003201634
0.06322490307032383
0.062278866383368665
0.061299051087570194
0.06027909850940582
0.0592110455463877
0.058084689132925624
0.05688659519216099
0.05559848121551489
0.054194416840843335
0.05263560383324411
0.05085962891940358
0.04875501316550469
0.04608641857859811
0.0421673319702863
