0.28752024751328575
0.26283165986244206
0.24490738898886572
0.23047425748769496
0.21829015324100146
0.20771828302272013
0.1983770226632495
0.1900145912531048
0.1824537066811744
0.1755635569336224
0.1692441567803232
0.16341695820143218
0.15801888648822074
0.15299837684053852
0.14831264113503528
0.14392572409245222
0.13980708443644263
0.13593053598110386
0.1322734420241877
0.12881609211138986
0.1255412127444212
0.12243357821400691
0.11947969745810638
0.11666755946057715
0.11398642429743747
0.11142665018485881
0.10897954921551853
0.1066372661718015
0.10439267606209342
0.10223929696833292
0.10017121550588468
0.09818302274256643
0.09626975884524651
0.09442686505118518
0.09265014181957656
0.0909357122242792
0.08927998981113551
0.08767965027588788
0.08613160642410761
0.08463298596162343
0.08318111173436585
0.08177348409471027
0.08040776512028713
0.07908176444966641
0.07779342653449399
0.07654081913390173
0.07532212290131061
0.07413562193383648
0.07297969516900973
0.07185280853188246
0.07075350774160735
0.06968041170331364
0.06863220641313436
0.06760763931791088
0.06660551407039458
0.0656246856338335
0.06466405568368984
0.06372256827000634
0.06279920569515177
0.061892984569333113
0.061002952007136305
0.060128181928922345
0.05926777142653602
0.05842083715600059
0.05758651171793661
0.05676393997801746
0.05595227528272004
0.05515067551068434
0.05435829890013165
0.05357429958093928
0.05279782271338731
0.05202799914221027
0.05126393943035979
0.05050472711618721
0.04974941099212603
0.04899699616862396
0.0482464335827758
0.0474966075732574
0.046746320944866894
0.04599427684463155
0.04523905646125067
0.04447909129783688
0.043712628150231664
0.04293768428513962
0.042151989307716756
0.041352908202560476
0.040537337841788736
0.039701564605420486
0.038841063992318695
0.037950210643121325
0.03702184443459088
0.03604659669991834
0.03501179410646628
0.03389956603449421
0.03268333266732855
0.031320595500027824
0.029735985181974973
0.027771712428902313
0.024972666440044335
