-0.12398505975294977+0.04885562969249577*I
0.046336979808462124+0.21041822898826465*I
0.10827502350479948-0.24278481708578972*I
0.28042096936788974-0.24613861705704715*I
0.45593209422187875-0.1406768919850573*I
0.5379490088015229-0.02345608597109719*I
0.5576428070017775
0.5497316504030153
0.5464511637258749
0.5466083714812021
0.548362011999321
0.5507165161536017
0.553200965460019
0.5556052986415834
0.5578436523006177
0.5598885306438068
0.5617393396967655
0.5634072589726754
0.5649079460540896
0.566258052197526
0.5674736156019505
0.5685693851158895
0.5695586022963124
0.570453003574561
0.571262921571144
0.5719974244160022
0.5726644627424224
0.5732710100042653
0.5738231900207093
0.5743263898593803
0.5747853582316155
0.5752042905136056
0.5755869018612642
0.5759364899448467
0.5762559887377937
0.5765480146586525
0.5768149061979739
0.577058758004183
0.5772814502622717
0.5774846740684406
0.5776699533964718
0.5778386641582781
0.5779920507798989
0.5781312406543272
0.5782572567668737
0.5783710287531285
0.5784734026018736
0.5785651491893268
0.5786469717975171
0.5787195127526545
0.5787833592946422
0.5788390487765596
0.578887073276235
0.5789278836918096
0.5789618933832558
0.5789894814118429
0.5790109954236223
0.5790267542164187
0.5790370500247222
0.5790421505488879
0.5790423007576299
0.5790377244810938
0.5790286258159075
0.5790151903527313
0.5789975862447759
0.5789759651187332
0.578950462842394
0.5789212001483388
0.5788882831175468
0.578851803520586
0.5788118390123103
0.578768453171026
0.5787216953706033
0.5786716004671626
0.5786181882710831
0.5785614627778446
0.5785014111063552
0.5784380020874544
0.5783711844195789
0.5783008842873775
0.5782270022898915
0.5781494094848667
0.5780679422582385
0.5779823956392399
0.5778925144724373
0.5777979816463801
0.5776984020875663
0.5775932806713948
0.5774819909429715
0.5773637297266984
0.5772374491342926
0.5771017507089963
0.576954712967525
0.5767935936057563
0.5766142759257498
0.5764101330758121
0.576169350032081
0.5758670983990366
0.5754315616137926
