0.033365900051863566
0.03350755275958561
0.03365026796263268
0.03379405489152966
0.033938922802290335
0.03408488235819884
0.03423194077216879
0.03438010937687823
0.03452939633800514
0.03467981175466464
0.03483136557217798
0.034984066893404074
0.03513792545152725
0.03529295130437816
0.03544915459020063
0.03560654507328229
0.03576513262797809
0.03592492723134791
0.03608593966043765
0.03624817948994861
0.036411657754894654
0.03657638423913548
0.03674236998099636
0.03690962532379691
0.03707816116900515
0.037247988306810635
0.03741911759939989
0.03759156021512777
0.03776532736523903
0.03794043021881998
0.0381168803344454
0.03829468929440449
0.03847386885888388
0.0386544309882018
0.03883638771647261
0.03901975135746218
0.03920453435479821
0.03939074945923506
0.03957840954442806
0.03976752771520386
0.03995811744301655
0.04015019238957119
0.04034376643445853
0.040538853945289846
0.04073546940996379
0.04093362781987616
0.04113334446084481
0.04133463501225236
0.04153751555841241
0.04174200269304639
0.041948113413048854
0.042155865215917535
0.04236527616646114
0.042576364860621024
0.042789150518160714
0.04300365294776297
0.04321989266465313
0.043437890862053866
0.04365766951368121
0.043879251357182215
0.044102659976770604
0.04432791981733727
0.04455505628582188
0.04478409573260202
0.045015065553485105
0.04524799422956335
0.045482911373259376
0.04571984778387686
0.045958835524256704
0.04619990795646891
0.046443099832085145
0.04668844732111426
0.046935988109246596
0.04718576143712643
0.04743780818721897
0.047692170944432635
0.04794889405757133
0.048208023722575814
0.04846960804487578
0.04873369711436449
0.04900034307472809
0.049269600199272734
0.049541524951475444
0.049816176073251575
0.0500936146398158
0.050373904139500665
0.05065711053842677
0.05094330234656908
0.05123255068688519
0.05152492935650808
0.05182051488793904
0.052119386607155975
0.0524216266916712
0.05272732021727678
0.053036555212335246
0.053349422694999454
0.05366601671775494
0.053986434399657154
0.05431077595519886
0.054639144716068254
0.05497164715069006
0.05530839287385668
0.055649494649437324
0.05599506838506962
0.05634523312465416
0.05670011102371534
0.05705982732570085
0.05742451032112064
0.057794291304446035
0.05816930451745399
0.05854968708400147
0.0589355789355625
0.05932712272551678
0.0597244637346922
0.06012774976375879
0.06053713101867649
0.06095275998168659
0.06137479127394318
0.061803381506594146
0.06223868912109488
0.06268087421828603
0.06313009837831934
0.0635865244684012
0.06405031644080635
0.06452163912211603
0.06500065799025445
0.06548753894453811
0.0659824480647585
0.06648555136296257
0.06699701452608935
0.06751700265134418
0.06804567997459195
0.06858320959170057
0.06912975317394554
0.06968547067898108
0.07025052005587215
0.07082505694728208
0.07140923438798603
0.07200320250151909
0.0726071081944335
0.07322109485088128
0.0738453020263902
0.07447986514319466
0.0751249151872462
0.07578057840765691
0.07644697602011474
0.07712422391456755
0.07781243236820859
0.07851170576476348
0.07922214232067266
0.07994383381921183
0.08067686535348474
0.08142131507865787
0.08217725397448998
0.08294474561912053
0.08372384597427403
0.08451460318301672
0.08531705738061784
0.08613124051878712
0.0869571762044367
0.08779487955284034
0.0886443570561486
0.0895056064674205
0.09037861670052699
0.09126336774647191
0.09215983060601446
0.09306796723917568
0.09398773053155474
0.09491906427759876
0.09586190318091474
0.0968161728715425
0.09778178994018813
0.09875866198931171
0.09974668770078549
0.1007457569200118
0.10175575075624096
0.10277654169869162
0.10380799374809949
0.10484996256345923
0.10590229562324033
0.10696483240079713
0.10803740455343346
0.10911983612433732
0.11021194375714632
0.11131353692216255
0.11242441815382322
0.11354438329860791
0.11467322177276644
0.11581071682905975
0.11695664583189391
0.11811078054002226
0.1192728873960714
0.1204427278221696
0.12162005852089453
0.12280463178074871
0.12399619578544487
0.12519449492620618
0.1263992701163779
0.12761025910752696
0.12882719680640714
0.13004981559196183
0.13127784563178052
0.13251101519721026
0.13374905097656925
0.134991678385739
0.13623862187557076
0.13748960523548606
0.1387443518927466
0.1400025852067881
0.1412640287581756
0.14252840663165822
0.14379544369289876
0.1450648658584227
0.14633640035844384
0.14760977599214664
0.14888472337516892
0.1501609751789105
0.1514382663614616
0.15271633438988194
0.15399491945363228
0.15527376466898712
0.15655261627426356
0.15783122381577858
0.15910934032439447
0.1603867224826503
0.16166313078237607
0.1629383296728274
0.16421208769931672
0.16548417763239534
0.16675437658762568
0.16802246613603736
0.16928823240534063
0.17055146617202527
0.1718119629444788
0.17306952303725698
0.17432395163667835
0.17557505885791216
0.17682265979376197
0.17806657455531605
0.179306628304703
0.1805426512801546
0.1817744788136002
0.183001951341042
0.18422491440592542
0.18544321865577681
0.18665671983232493
0.18786527875538656
0.1890687613007501
0.1902670383723169
0.1914599858687564
0.19264748464492804
0.19382942046832802
0.19500568397080278
0.1961761705957961
0.1973407805413611
0.19849941869919385
0.19965199458992638
0.20079842229491163
0.2019386203847482
0.20307251184475142
0.20420002399761708
0.20532108842348396
0.20643564087761207
0.20754362120588304
0.20864497325833203
0.20973964480089435
0.21082758742557853
0.21190875645922397
0.2129831108710542
0.21405061317916355
0.2151112293561429
0.21616492873396984
0.21721168390834453
0.21825147064261072
0.21928426777140325
0.22031005710416776
0.2213288233286817
0.22234055391469795
0.22334523901784656
0.22434287138389705
0.22533344625349971
0.2263169612675084
0.22729341637299152
0.22826281373001953
0.229225157619324
0.23018045435091594
0.23112871217374575
0.23206994118647498
0.23300415324944387
0.23393136189789662
0.23485158225652825
0.23576483095542175
0.23667112604741916
0.23757048692699398
0.23846293425066176
0.23934848985898352
0.24022717670019444
0.24109901875550702
0.24196404096611468
0.24282226916193045
0.24367372999208822
0.2445184508572385
0.2453564598436445
0.24618778565911806
0.24701245757079204
0.247830505344759
0.24864195918757057
0.24944684968962152
0.2502452077704078
0.25103706462567327
0.2518224516764353
0.2526014005198934
0.25337394288221493
0.2541401105731832
0.25489993544271256
0.25565344933920076
0.25640068406972394
0.25714167136204163
0.25787644282840766
0.2586050299311556
0.2593274639500512
0.2600437759513735
0.2607539967587151
0.2614581569254643
0.26215628670895225
0.26284841604622566
0.2635345745314267
0.26421479139473875
0.26488909548287687
0.2655575152410824
0.2662200786965905
0.2668768134435393
0.2675277466292821
0.26817290494206947
0.2688123146000653
0.2694460013416569
0.2700739904170311
0.2706963065809683
0.27131297408682703
0.27192401668167704
0.2725294576025446
0.2731293195737314
0.27372362480517676
0.27431239499181614
0.2748956513139077
0.27547341443828455
0.27604570452050575
0.27661254120785395
0.27717394364316644
0.2777299304694447
0.2782805198352192
0.27882572940063555
0.2793655763442217
0.27990007737031325
0.2804292487170958
0.28095310616523883
0.281471665047089
0.28198494025639004
0.28249294625850496
0.28299569710110495
0.2834932064253048
0.2839854874772081
0.2844725531198451
0.284954415845469
0.28543108778818876
0.2859025807369153
0.2863689061485908
0.28683007516168446
0.2872860986099286
0.2877369870362674
0.28818275070700955
0.2886233996261467
0.2890589435498333
0.2894893920009952
0.2899147542840525
0.2903350394997398
0.2907502565599991
0.2911604142029318
0.2915655210077911
0.2919655854099962
0.29236061571615257
0.29275062011905967
0.2931356067126956
0.29351558350715595
0.29389055844353507
0.29426053940873664
0.2946255342501953
0.2949855507904966
0.29534059684188296
0.2956906802206297
0.2960358087612801
0.2963759903307239
0.29671123284211154
0.2970415442685857
0.2973669326568241
0.2976874061403781
0.29800297295279965
0.29831364144053846
0.2986194200756118
0.29892031746802133
0.2992163423779208
0.29950750372751384
0.29979381061268306
0.3000752723143331
0.30035189830944375
0.3006236982818256
0.3008906821325666
0.3011528599901674
0.30141024222035206
0.30166283943555616
0.30191066250407783
0.30215372255888956
0.3023920310061079
0.3026255995331123
0.30285444011630513
0.30307856502852387
0.30329798684608084
0.30351271845544214
0.30372277305954015
0.30392816418370994
0.304128905681259
0.30432501173865834
0.3045164968803596
0.3047033759732363
0.3048856642306471
0.3050633772161233
0.30523653084668156
0.30540514139575814
0.3055692254957732
0.30572880014031834
0.3058838826859806
0.30603449085379125
0.3061806427303166
0.3063223567683835
0.3064596517874497
0.3065925469736165
0.3067210618792991
0.30684521642254514
0.3069650308860177
0.3070805259156438
0.3071917225189334
0.30729864206297614
0.3074013062721228
0.3074997372253565
0.30759395735335965
0.30768398943528763
0.3077698565952511
0.30785158229852033
0.3079291903474529
0.3080027048771575
0.30807215035090235
0.30813755155526884
0.3081989335950705
0.30825632188803653
0.30830974215927126
0.30835922043549935
0.3084047830391071
0.3084464565819831
0.3084842679591719
0.3085182443423497
0.3085484131731281
0.3085748021561991
0.3085974392523247
0.30861635267118687
0.30863157086410326
0.30864312251661424
0.30865103654096104
0.3086553420684494
0.30865606844172216
0.3086532452069367
0.30864690210586626
0.3086370690679269
0.3086237762021417
0.30860705378905157
0.30858693227257533
0.3085634422518357
0.30853661447295144
0.30850647982080975
0.3084730693108196
0.3084364140806607
0.30839654538203226
0.30835349457240624
0.3083072931067969
0.3082579725295516
0.3082055644661664
0.3081501006151374
0.3080916127398544
0.3080301326605358
0.3079656922462193
0.30789832340680995
0.3078280580851915
0.3077549282494047
0.30767896588490024
0.30760020298687135
0.3075186715526658
0.30743440357428986
0.30734743103100176
0.30725778588199754
0.30716550005920407
0.3070706054601679
