0.30589160258190584
0.19283357343408628
0.13743709668547854
0.10445255995349562
0.08268421730190578
0.06734855501759651
0.05603913537188559
0.047409760141448105
0.040648347179020376
0.03523642491549196
0.030827949722835663
0.027183543586824527
0.024132649979395914
0.02155069145955971
0.01934472464724403
0.01744412453971535
0.01579435853341102
0.014352720334955073
0.013085342199587721
0.011965061600319309
0.010969871508620572
0.0100817770909795
0.009285940386643153
0.008570032274728913
0.007923735792152168
0.007338361407147149
0.006806546101303408
0.006322015882437978
0.005879396794189767
0.005474063354221635
0.0051020161323135724
0.004759782199865608
0.004444333668275898
0.0041530206352711
0.0038835156844160045
0.003633767706841715
0.00340196328984951
0.0031864942816639047
0.002985930424069207
0.0027989961644476966
0.0026245509305247495
0.0024615722874985393
0.002309141504274723
0.0021664311418214256
0.0020326943453276404
0.0019072555772106968
0.001789502573079629
0.001678879339219131
0.0015748800398295423
0.0014770436469460448
0.0013849492459151404
0.0012982119060703369
0.0012164790399770465
0.0011394271863021483
0.0010667591605530312
0.000998201526613863
0.0009335023481769019
0.0008724291852301709
0.0008147673056305212
0.0007603180854872489
0.0007088975761388439
0.0006603352180208485
0.0006144726845341184
0.0005711628409060383
0.0005302688055553343
0.0004916631020086142
0.0004552268920362914
0.00042084928096776885
0.0003884266874620246
0.00035786227118532324
0.00032906541239490194
0.0003019512376695314
0.00027644018793373675
0.00025245762384860004
0.00022993346520485346
0.0002088018610497708
0.00018900088741919015
0.00017047227037096855
0.00015316113140241647
0.0001370157539619923
0.00012198736830670452
0.00010802995365326296
0.00009510005583060523
0.00008315661902525613
0.00007216083057818446
0.00006207597755264497
0.000052867314143503034
0.00004450193891630489
0.00003694868146686966
0.00003017799696960211
0.00002416186900406562
0.000018873719058499003
0.000014288322935328221
0.000010381733210753679
7.131207405023459e-6
4.515141800130371e-6
2.513010439047543e-6
1.1053092915561512e-6
2.7350658968818455e-7
8.225343381766315e-15
2.680904226994855e-7
1.0619580966004278e-6
2.3665808097649733e-6
4.1676612159530945e-6
6.4515729183178606e-6
9.205315191045495e-6
0.000012416472428418195
0.000016073178082367185
0.000020164081645118145
0.000024678318560099066
0.00002960548229762706
0.00003493559884610524
0.000040659102790032635
0.000046766815396322286
0.000053249923844512126
0.000060099962210471235
0.00006730879352046798
0.00007486859296005553
0.00008277183224147396
0.00009101126484449646
0.00009957991225106907
0.0001084710509698842
0.00011767820029484963
0.00012719511092008017
0.00013701575396906276
0.00014713431098420612
0.00015754516413740005
0.00016824288723058678
0.0001792222371213648
0.00019047814557602617
0.00020200571153588365
0.0002138001939379449
0.00022585700480399595
0.00023817170268821482
0.00025073998650779514
0.00026355768962243043
0.0002766207743334202
0.0002899253265380514
0.00030346755068947576
0.0003172437650270569
0.00033125039705913725
0.0003454839790982567
0.00035994114431724426
0.0003746186227089613
0.00038951323733749164
0.0004046219008188093
0.000419941611858402
0.00043546945204343194
0.0004512025827574066
0.00046713824213891946
0.00048327374234867796
0.0004996064668190012
0.0005161338676487033
0.0005328534631689556
0.0005497628355484973
0.000566859628610378
0.0005841415455174868
0.0006016063468548813
0.0006192518485359873
0.0006370759199607888
0.0006550764821598707
0.0006732515060550973
0.0006915990107611681
0.0007101170620465275
0.0007288037706869651
0.0007476572910399431
0.0007666758196237479
0.0007858575937788011
0.0008052008902346909
0.0008247040239799919
0.0008443653469997938
0.0008641832470950713
0.0008841561467510728
0.0009042825021345507
0.0009245608019257518
0.0009449895664342344
0.0009655673465830789
0.0009862927229881354
0.0010071643050719099
0.0010281807302047069
0.0010493406628479865
0.0010706427938129471
0.0010920858394084603
0.0011136685408026814
0.0011353896631944884
0.001157247995217064
0.001179242348197126
0.0012013715555753391
0.0012236344722343282
0.0012460299739353619
0.001268556956701836
0.0012912143362998826
0.001314001047658605
0.0013369160443920621
0.0013599582982784363
0.0013831267987030815
0.001406420552319289
0.0014298385824706302
0.0014533799288419102
0.001477043646952505
