1.4017287433182708
1.0372877400229743
0.8313380750438034
0.6945162274534682
0.5955690145312442
0.520089088324287
0.4603373884235695
0.4117229604344007
0.37132397848063364
0.3371802859475911
0.30792170986777356
0.2825583272090388
0.260355248242472
0.2407543549975073
0.22332349281469613
0.20772240994291763
0.19367928902734427
0.18097418749875
0.16942710717400747
0.15888923953325002
0.14923643542536746
0.14036426211540004
0.13218421209841497
0.12462076030120534
0.11760905479689653
0.11109308650583757
0.105024225199837
0.09936003858604774
0.09406333227927019
0.0891013636827189
0.08444519393076547
0.08006915028575955
0.07595037754131505
0.07206846163431463
0.06840511220963501
0.06494389360203165
0.06166999580514734
0.058570038640346066
0.05563190362750104
0.05284458907979394
0.0501980847554471
0.047683263048474415
0.04529178422258075
0.04301601361502194
0.04084894908060764
0.038784157226495586
0.036815717218979666
0.03493817113319783
0.033146479973845656
0.03143598462550865
0.02980237110037133
0.028241639542151715
0.026750076521959786
0.0253242302261977
0.023960888191516518
0.022657057288275828
0.021409945693296198
0.02021694662655224
0.019075623655441236
0.01798369739479576
0.016939033452414008
0.01593963148828595
0.014983615271374297
0.014069223632191066
0.013194802220932098
0.012358795991728035
0.01155974234290209
0.010796264850852149
0.010067067542637562
0.009370929658568825
0.008706700861815924
0.008073296856594307
0.007469695381991019
0.00689493255174457
0.006348099514326614
0.0058283394118818395
0.005334844618905434
0.004866854246214433
0.004423651897806353
0.004004563673225825
0.0036089564107159616
0.0032362361718446496
0.002885846973245697
0.0025572697776750464
0.0022500217654100466
0.0019636559184155354
0.0016977609649497746
0.0014519617555818476
0.001225920174008716
0.00101933673662154
0.0008319531141424094
0.0006635559394878256
0.0005139824909944134
0.00038312925264026614
0.00027096515991783724
0.00017755307681404606
0.00010308726327349477
0.00004796681216055445
0.000012972439891663724
1.645068676353263e-14
0.000012731029841355558
0.00004620830106150892
0.00009749171401248041
0.0001648564991626634
0.0002470185908921981
0.00034293907115274966
0.00045173932656553275
0.0005726556430184093
0.0007050117147894098
0.0008482005616341631
0.0010016718988223247
0.0011649229051788664
0.0013374912294258868
0.001518949537740539
0.0017089011611230447
0.0019069765522540796
0.002112830352654649
0.002326138930597063
0.0025465982889315017
0.0027739222682505076
0.00300784098946124
0.003248099492885954
0.0034944565404004674
0.003746683554551839
0.0040045636732361735
0.00426789090354342
0.004536469360358468
0.004810112578671145
0.005088642890050624
0.0053718908552108065
0.005659694746134029
0.005951900071982633
0.006248359143948331
0.006548930674808627
0.0068534794097247515
0.007161875784863641
0.007473995611487557
0.00778971978262831
0.008108934000720722
0.008431528523936895
0.008757397929788982
0.009086440894326302
0.009418559985947043
0.009753661472124229
0.010091655138523663
0.010432454119189758
0.010775974737046279
0.01112213635400745
0.011470861229889185
0.011822074389512672
0.012175703497345591
0.012531678739386352
0.01288993271137789
0.01325040031342057
0.01361301865005621
0.013977726935859636
0.014344466405945671
0.014713180231208337
0.01508381343781861
0.015456312830960058
0.015830626922333543
0.016206705861314657
0.016584501369486748
0.01696396667833795
0.017345056470071767
0.017727726821139884
0.018111935148521906
0.018497640158495574
0.018884801797743718
0.019273381206827853
0.01966334067567535
0.020054643601128394
0.02044725444634503
0.020841138702106438
0.021236262849682
0.021632594325458145
0.02203010148697825
0.022428753580521973
0.022828520710033294
0.023229373807333087
0.023631284603646892
0.024034225602237492
0.024438170052222506
0.0248430919234397
0.02524896588234967
0.02565576726887393
0.026063472074181013
0.02647205691938046
0.026881499035013603
0.02729177624136543
0.02770286692955238
0.028114750043293793
0.028527405061486974
0.028940811981291746
0.0293549513020009
0.02976980400940367
0.03018535156083639
0.030601575870676526
0.03101845929648606
0.03143598462552157
