0.16409846434221875
0.1686771356382339
0.17335230747302227
0.17812483673668086
0.1829955474745995
0.1879652297045676
0.1930346382617685
0.1982044916740877
0.20347547107013098
0.20884821912194507
0.2143233390248654
0.2199013935164053
0.22558290393623892
0.23136834932928985
0.23725816559350824
0.2432527446743601
0.2493524338074731
0.2555575348108122
0.2618683034281232
0.2682849487245912
0.27480763253598606
0.2814364689722973
0.28817152397682855
0.2950128149413155
0.3019603103779529
0.30901392964853985
0.3161735427514465
0.32343897016630535
0.3308099827567401
0.3382863017310236
0.34586759866060335
0.3535534955560158
0.361343564999936
0.3692373303369815
0.3772342659191612
0.38533379740673424
0.39353530212332727
0.4018381094643627
0.410241501357795
0.41874471277594866
0.42734693229727844
0.4360473027165106
0.44484492170209794
0.4537388424990614
0.46272807467601373
0.4718115849146515
0.48098829783983965
0.49025709688891433
0.4996168252180974
0.5090662866444062
0.5186042466212244
0.5282294332454751
0.5379405382947489
0.5477362182923282
0.5576150955981665
0.5675757595241133
0.5776167674710635
0.5877366460865804
0.5979338924407147
0.6082069752182577
0.6185543359255733
0.628974390110083
0.6394655285905674
0.6500261186965404
0.6606545055147843
0.6713490131414426
0.6821079459378365
0.6929295897884087
0.7038122133591125
0.714754069354687
0.725753395773187
0.7368084171564393
0.747917345834769
0.7590783831647077
0.7702897207582602
0.7815495417024925
0.7928560217681389
0.8042073306059612
0.8156016329297681
0.8270370896850405
0.8385118592019428
0.8500240983318132
0.8615719635662336
0.8731536121376318
0.8847672031005724
0.8964108983931446
0.9080828638772829
0.9197812703577171
0.9315042945786028
0.9432501201972786
0.9550169387346547
0.9668029505015316
0.9786063655006034
0.9904254043033361
1.0022582989016775
1.0141032935339593
1.0259586454848204
1.037822625858766
1.0496935203271134
1.0615696298481816
1.073449271360424
1.0853307784484842
1.097212501981843
1.1090928107262907
1.120970091927861
1.1328427518693984
1.1447092163996833
1.1565679314351707
1.1684173634344437
1.1802559998454196
1.192082349525459
1.203894943134529
1.2156923335016228
1.2274730959645208
1.2392358286833183
1.2509791529277225
1.262701713338612
1.2744021781640122
1.2860792394698355
1.297731613325777
1.309358039966591
1.3209572839293182
1.332528134166636
1.3440694041369499
1.3555799318714645
1.367058580018875
1.3785042358679735
1.3899158113487196
1.4012922430123058
1.412632491990641
1.4239355439358248
1.4352004089401185
1.446426121436979
1.457611740083633
1.4687563476259267
1.4798590507457414
1.4909189798918518
1.5019352890945785
1.5129071557649603
1.5238337804789706
1.5347143867474053
1.5455482207720497
1.5563345511886846
1.5670726687976015
1.577761886282145
1.5884015379159924
1.5989909792596761
1.6095295868470068
1.620016757861975
1.630451909806697
1.6408344801610935
1.6511639260347222
1.6614397238115046
1.6716613687877806
1.6818283748043594
1.6919402738730511
1.7019966157982338
1.7119969677940352
1.7219409140975506
1.7318280555787542
1.7416580093474656
1.7514304083579206
1.7611449010114837
1.7708011507578139
1.7803988356951077
1.7899376481697131
1.7994172943756421
1.808837493954346
1.8181979795951184
1.8274984966366055
1.8367388026697116
1.8459186671422547
1.8550378709657767
1.8640962061247854
1.873093475288745
1.8820294914271378
1.8909040774278911
1.8997170657193936
1.9084682978964158
1.917157624350182
1.925784903902775
1.934350003446174
1.942852797586089
1.9512931682907926
1.9596710045451844
1.9679862020102354
1.9762386626879607
1.9844282945921548
1.9925550114249486
2.000618732259427
2.008619381228346
2.016556887219185
2.0244311835755067
2.0322422078049227
2.0399899012935867
2.0476742090274564
2.0552950793202935
2.0628524635486283
2.0703463158936324
2.0777765930900545
2.0851432541822827
2.09244626028759
2.099685574366578
2.106861161001013
2.1139729861789016
2.121021017087074
2.1280052219111374
2.13492556964299
2.141782029895788
2.1485745727265453
2.1553031684662787
2.1619677875578147
2.1685684004012127
2.1751049772068405
2.1815774878561935
2.187985901770328
2.194330187786088
2.200610314039928
2.206826247859574
2.2129779556632685
2.2190654028667978
2.225088553798163
2.231047371619926
2.2369418182592042
2.2427718543452837
2.248537439154793
2.2542385305644714
2.25987508501138
2.265447057460618
2.2709544013804015
2.2763970687244885
2.28177500992188
2.2870881738736952
2.2923365079571854
2.297519958036732
2.3026384684818337
2.307691982191864
2.3126804406275907
2.3176037838492904
2.322461950561347
2.3272548781632176
2.331982502806615
2.3366447594587756
2.341241581971667
2.345772903156962
2.350238654866648
2.3546387680790732
2.3589731729902654
2.3632417991103862
2.3674445753650444
2.3715814302013616
2.3756522916985676
2.3796570876828973
2.3835957458466264
2.387468193871006
2.3912743595528907
2.39501417093485
2.398687556438522
2.402294445001004
2.405834766214038
2.409308450465792
2.41271542908493
2.4160556344868676
2.419329000321815
2.422535461624515
2.4256749549653716
2.4287474186027302
2.431752792636108
2.434691019160101
2.437562042418772
2.440365808960273
2.443102267791452
2.4457713705322544
2.4483730715696717
2.4509073282109983
2.45337410083626
2.455773353049463
2.458105051828603
2.460369167674105
2.4625656747555835
2.4646945510566693
2.466755778517748
2.4687493431763894
2.470675235305345
2.472533449547872
2.47432398505028
2.4760468455914904
2.47770203970949
2.4792895808245214
2.48080948735885
2.482261782853019
2.4836464960784195
2.4849636611460766
2.4862133176115657
2.4873955105759054
2.4885102907823646
2.4895577147090866
2.4905378446574593
2.4914507488361215
2.4922965014405745
2.4930751827283473
2.493786879089601
2.4944316831132056
2.4950096936481927
2.4955210158605885
2.495965761285567
2.496344047874971
2.4966560000400913
2.496901748689784
2.497081431263914
2.4971951917620845
2.49724318076772
2.4972255554675016
2.497142479666177
2.4969941237967843
2.4967806649263267
2.496502286756924
2.496159179622526
2.495751540481179
2.4952795729029793
2.494743487053681
2.4941434996741307
2.493479834055487
2.492752720010383
2.4919623938400717
2.4911090982976187
2.4901930825472687
2.489214602120025
2.48817391886555
2.4870713009004937
2.4859070225533126
2.4846813643056804
2.483394612730611
2.4820470604273654
2.4806390059532464
2.4791707537523946
2.4776426140816863
2.4760549029338064
2.4744079419576606
2.4727020583761665
2.4709375849015656
2.4691148596483696
2.4672342260440074
2.4652960327373132
2.4633006335049537
2.461248387155897
2.459139657434009
2.456974812918932
2.4547542269252776
2.452478277400311
2.45014734682017
2.447761822084763
2.445322094411406
2.4428285592273355
2.440281616061163
2.437681668433396
2.435029123746094
2.43232439317177
2.42956789154163
2.4267600372332088
2.423901252057565
2.4209919611460164
2.418032592836601
2.415023578560284
2.411965352727014
2.408858352611701
2.4057030182402155
2.4024997922754423
2.399249119903499
2.395951448720182
2.3926072286176936
2.389216911671741
2.3857809520290516
2.382299805795383
2.378773930924081
2.375203787105246
2.3715898356555662
2.36793253940887
2.3642323626074555
2.3604897707942465
2.3567052307058094
2.3528792101663143
2.3490121779824342
2.345104603839278
2.3411569581973475
2.337169712190607
2.333143337525663
2.3290783063821023
2.3249750913140455
2.3208341651528883
2.3166560009113426
2.3124410716887143
2.308189850577535
2.30390281057149
2.2995804244747218
2.2952231648125103
2.290831503743349
2.286405912972422
2.281946863666536
2.2774548263704792
2.2729302709248485
2.2683736663853558
2.26378548094359
2.259166181849306
2.254516235334181
2.2498361065371038
2.245126259430951
2.2403871567509004
2.2356192599242473
2.2308230290017557
2.2259989225905117
2.2211473977883185
2.216268910119604
2.21136391347283
2.20643286003945
2.201476200254347
2.1964943827377823
2.1914878542388596
2.186457059580467
2.181402441605698
2.1763244411257814
2.171223496869432
2.166100045433706
2.160954521236269
2.1557873564691263
2.1505989810537622
2.1453898225977053
2.1401603063524792
2.134910855172965
2.129641889478111
2.12435382721303
2.119047083812413
2.113722072165305
2.108379202581174
2.103018882757291
2.0976415177473857
2.0922475099315863
2.0868372589875923
2.081411161863099
2.0759696127494243
2.0705130030563543
2.065041721388151
2.05955615352075
2.054056682380083
2.0485436880215557
2.0430175476106127
2.03747863540441
2.0319273227345698
2.026363977990981
2.020788966606645
2.0152026510435475
2.0096053907795177
2.0039975422960987
1.99837945906736
1.9927514915496665
1.9871139871723789
1.981467290329471
1.975811742372026
1.9701476816016237
1.9644754432645728
1.958795359546989
1.9531077595706916
1.9474129693899076
1.9417113119887477
1.9360031072794817
1.9302886721015202
1.92456832022117
1.9188423623320856
1.913111106056415
1.9073748559466497
1.9016339134881108
1.8958885771021168
1.890139142149748
1.88438590093626
1.8786291427160806
1.8728691536983835
1.8671062170532506
1.861340612918373
1.8555726184062955
1.8498025076121778
1.8440305516220687
1.8382570185216727
1.83248217340559
1.8267062783870287
1.8209295926079587
1.8151523722497067
1.8093748705439676
1.8035973377842303
1.7978200213375923
1.7920431656569737
1.7862670122936684
1.7804917999102858
1.7747177642940117
1.7689451383702148
1.7631741522163713
1.7574050330762887
1.7516380053746348
1.74587329073175
1.7401111079787275
1.7343516731727693
1.7285951996127742
