1.632077187247185
1.4230838462166493
1.2783763211148464
1.166273640512419
1.0744207339716974
0.9965850804709029
0.9291244820179795
0.8696990208392441
0.8167030688840831
0.768980304356041
0.7256666741996343
0.6860974742949969
0.6497492069618365
0.6162015235994261
0.5851113743694127
0.5561948972594172
0.5292143917771249
0.503968736145657
0.4802861984791513
0.45801895073272847
0.4370388183418558
0.41723394267169434
0.398506128535286
0.38076871322149536
0.36394483764718666
0.34796603120441705
0.33277104392385504
0.31830487551909864
0.30451796256096086
0.29136549370235476
0.27880682938389756
0.2668050073890166
0.2553263194014755
0.24433994664419462
0.23381764495980728
0.2237334714871651
0.21406354650825501
0.20478584517270515
0.19588001471629155
0.1873272135242155
0.17910996898648007
0.17121205158006542
0.16361836301272303
0.15631483659347487
0.14928834826862172
0.14252663699010615
0.1360182332737086
0.12975239496468657
0.12371904936342457
0.1179087409778501
0.11231258426634211
0.10692222081745577
0.1017297804834103
0.09672784604483284
0.091909421036342
0.08726790040748938
0.08279704373245517
0.07849095071564224
0.07434403876967564
0.07035102246795058
0.06650689469630587
0.06280690934811081
0.059246565424422276
0.05582159241620905
0.05252793685929029
0.04936174996478026
0.046319376238741286
0.04339734301459222
0.04059235083076284
0.03790126459431939
0.035321105478923434
0.03284904351270713
0.030482390818560884
0.02821859547615212
0.026055235981822546
0.02399001628960522
0.022020761424196178
0.020145413665071034
0.018362029310502646
0.016668776041505545
0.015063930919407763
0.013545879067875546
0.012113113112164592
0.010764233477245717
0.009497949685336488
0.008313082846950407
0.007208569615194052
0.0061834679824384
0.005236965461122855
0.0043683904395123855
0.0035772278979833826
0.0028631413222236293
0.002226003774257032
0.0016659431386558047
0.0011834105972333012
0.0007792900593047215
0.0004550873425832859
0.0002132989789653548
0.00005829751483638028
