0.03143598462552157
0.03241092177861537
0.03341186732246971
0.03443936891109352
0.03549398165714083
0.03657626814311966
0.03768679842932193
0.038826150058346776
0.03999490805575168
0.041193664926774384
0.04242302064852081
0.043683582657723444
0.04497596583326288
0.04630079247361655
0.047658692268515476
0.04905030226469003
0.05047626682531052
0.051937237582716504
0.053433873384174255
0.05496684023026349
0.056536811205546336
0.05814446640115184
0.05979049282904508
0.06147558432741849
0.06320044145716665
0.06496577138878505
0.06677228777972037
0.06862071064156584
0.0705117661970322
0.07244618672623784
0.07442471040220952
0.07644808111521607
0.07851704828577447
0.08063236666610618
0.08279479612980008
0.08500510144957044
0.08726405206295
0.08957242182569203
0.09193098875292816
0.09434053474790652
0.0968018453181905
0.09931570927944502
0.10188291844668665
0.10450426731300722
0.10718055271585923
0.1099125734910061
0.11270113011411971
0.11554702433026634
0.11845105877133241
0.12141403656160568
0.12443676091179383
0.12752003470148204
0.13066466005054428
0.13387143787956585
0.13714116745970575
0.14047464595228665
0.14387266793838605
0.14733602493889061
0.150865504925363
0.15446189182203585
0.1581259649995565
0.16185849876068725
0.1656602618185679
0.16953201676800045
0.17347451955017845
0.17748851891142148
0.18157475585636307
0.1857339630962258
0.18996686449260852
0.19427417449738094
0.19865659758920967
0.20311482770736314
0.20764954768321883
0.2122614286701887
0.21695112957251678
0.2217192964736165
0.22656656206451758
0.23149354507292408
0.23650084969358182
0.24158906502045457
0.24675876448132406
0.2520105052754028
0.2573448278144955
0.2627622551683082
0.2682632925144899
0.2738484265939382
0.27951812517189867
0.28527283650549806
0.29111298881814685
0.2970389897814554
0.30305122600503903
0.30915006253489175
0.3153358423607414
0.32160888593288217
0.32796949068900966
0.33441793059148706
0.34095445567557764
0.34757929160900686
0.3542926392633583
0.3610946742976975
0.3679855467548831
0.3749653806708885
0.3820342736976085
0.38919229673947364
0.3964394936042413
0.40377588066833514
0.41120144655703567
0.418716151839856
0.4263199287414224
0.4340126808681177
0.4417942829507836
0.4496645806037629
0.45762339010046765
0.46567049816575823
0.473805661785355
0.4820286080324346
0.49033903391160244
0.49873660622051524
0.5072209614291229
0.5157917055768384
0.5244484141876691
0.5331906322034587
0.5420178739352998
0.5509296230332273
0.559925332474217
0.5690044245686043
0.5781662909848639
0.5874102927928297
0.5967357605253765
0.6061419942584327
0.6156282637094744
0.6251938083542743
0.6348378375619765
0.6445595307483618
0.6543580375472432
0.664232477999844
0.6741819427621047
0.684205493329728
0.6943021622808616
0.704470953536211
0.7147108426364273
0.7250207770366495
0.7353996764178383
0.745846433014854
0.7563599119609461
0.7669389516484508
0.7775823641054423
0.7882889353880493
0.7990574259881851
0.8098865712563488
0.8207750818393016
0.8317216441321479
0.8427249207446448
0.8537835509812794
0.8648961513348848
0.8760613159933288
0.8872776173589647
0.898543606580472
0.9098578140966632
0.9212187501919017
0.9326249055626918
0.9440747518950571
0.9555667424522627
0.967099312672481
0.9786708807759469
0.990279848381163
1.0019246011297192
1.0136035093192848
1.025314928544259
1.0370572003437064
1.0488286528560415
1.0606276014800162
1.0724523495415434
1.0843011889658727
1.0961724009546354
1.108064256667284
1.1199750179064698
1.1319029378068086
1.1438462615266118
1.1558032269421057
1.1677720653435832
1.1797510021330806
1.1917382575230795
1.203732047235714
1.2157305832020682
1.2277320742610387
1.239734726857329
1.251736745738073
1.2637363346476547
1.2757316970202495
1.2877210366696186
1.299702558475769
1.3116744690679316
1.3236349775035245
1.3355822959426056
1.3475146403174396
1.359430230996671
1.3713272934438399
1.383204058869709
1.3950587648780464
1.4068896561045408
1.4186949848483867
1.4304730116962134
1.442222006138031
1.45394024717478
1.4656260239171939
1.477277636175668
1.4888933950407421
1.5004716234539757
1.5120106567688736
1.5235088433015715
1.53496454487108
1.5463761373287213
1.5577420110765794
1.5690605715747348
1.5803302398370094
1.5915494529150567
1.6027166643705344
1.6138303447352582
1.624888981959068
1.6358910818453052
1.6468351684737312
1.6577197846107132
1.6685434921065885
1.6793048722801098
1.6900025262897607
1.7006350754920003
1.7112011617862186
1.7216994479464307
1.7321286179395743
1.7424873772304477
1.7527744530731635
1.7629885947891744
1.7731285740318083
1.783193185037327
1.7931812448625275
1.8030915936088883
1.8129230946333015
1.8226746347454468
1.832345124391811
1.8419334978264854
1.8514387132687369
1.8608597530474835
1.870195623732764
1.879445356254251
1.8886080060069745
1.8976826529443358
1.9066684016585327
1.915564381448563
1.9243697463759042
1.933083675308023
1.9417053719499102
1.9502340648637206
1.958669007476785
1.967009478078075
1.9752547798033515
1.9834042406091785
1.9914572132359694
1.9994130751602797
2.0072712285365277
2.0150311001283905
2.0226921412300145
2.0302538275773205
2.0377156592495727
2.045077160561452
2.052337879945863
2.0594973898276723
2.066555286488629
2.073511189923704
2.0803647436890396
2.087115614741794
2.0937634932720948
2.1003080925273165
2.10674914862895
2.113086420382282
2.1193196890791666
2.1254487582940342
2.1314734536734976
2.137393622719681
2.1432091345676083
2.1489198797567908
2.154525769997366
2.160026737930887
2.1654227368861387
2.170713740630098
2.175899743114347
2.1809807582171192
2.1859568194812375
2.1908279798481667
2.1955943113883865
2.200255905028325
2.2048128702740577
2.2092653349320086
2.2136134448268363
2.217857363516762
2.221997272006478
2.2260333684579123
2.2299658678990335
2.233795001930831
2.2375210184327616
2.2411441812667983
2.2446647699802615
2.248083079507657
2.2513994198716585
2.2546141158834523
2.2577275068425657
2.260739946236422
2.263651801439708
2.266463453413757
2.269175296406128
2.2717877376504627
2.2743011970668503
2.276716106962789
2.279032911734904
2.2812520675715806
2.2833740421566007
2.2853993143739464
2.2873283740139
2.289161721480524
2.290899867500691
2.292543332834722
2.2940926479887844
2.2955483529291483
2.296910996798368
2.2981811376335424
2.2993593420866976
2.300446185147419
2.3014422498677822
2.3023481270897106
2.3031644151747943
2.3038917197366784
2.3045306533760668
2.3050818354184326
2.305545891654482
2.305923454083443
2.306215160659227
2.3064216550395384
2.3065435863379404
2.3065816088789854
2.306536381956408
2.30640856959442
2.3061988403121965
2.305907866891528
2.3055363261476973
2.305084898703635
2.304554268767336
2.303945123912581
2.303258154863002
2.3024940552794826
2.301653521550923
2.3007372525883856
2.2997459496226282
2.2986803160050444
2.297541057011988
2.296328879652532
2.295044492479631
2.2936886054046908
2.2922619295155684
2.290765176897964
2.2891990604602244
2.2875642937615526
2.2858615908435875
2.2840916660653843
2.2822552339417403
2.2803530089848962
2.2783857055495504
2.2763540376812186
2.2742587189678822
2.272100462394925
2.269879980203339
2.2675979837511644
2.2652551833781542
2.262852288273635
2.2603900063475293
2.2578690441045444
2.2552901065214455
2.252653896927452
2.2499611168876648
2.24721246608955
2.244408642232413
2.2415503409198196
2.238638255555012
2.235673077239163
2.2326554946725556
2.229586194058565
2.2264658590104722
2.223295170461033
2.220074806574778
2.2168054426630404
2.2134877511016047
2.210122401251028
2.2067100593795166
2.203251388588386
2.1997470487400244
2.196197696388335
2.1926039847116376
2.1889665634479694
2.1852860788327453
2.1815631735387733
2.1777984866185416
2.1739926534487735
2.170146305677218
2.166260071171582
2.16233457397065
2.1583704342374848
2.154368268214708
2.1503286881818133
2.146252302414471
2.1421397151457886
2.137991526529521
2.133808332605102
2.1295907252646114
2.1253392922214767
2.1210546169810005
2.1167372788125984
2.1123878527237805
2.1080069094357436
2.103595015360664
2.0991527325805492
2.0946806188276534
2.0901792274664697
2.08564910747715
2.081090803440463
2.076504855524132
2.0718917994705937
2.067252166586118
2.062586483731269
2.0578952733126554
2.0531790532759695
2.048438337100256
2.0436736337933903
2.0388854478887417
2.0340742794429847
2.0292406240350362
2.024384972766069
2.0195078122606036
2.014609624668643
2.009690887668782
2.0047520744723277
1.999793653828358
1.994816090029718
1.989819842919893
1.9848053679007882
1.9797731159413237
1.9747235335868885
1.9696570629695564
1.964574141819106
1.9594752034747827
1.954360676897786
1.949230986684464
1.9440865530801852
1.9389277919938919
1.9337551150132573
1.9285689294204942
1.9233696382087384
1.9181576400990106
1.9129333295577522
1.9076970968148612
1.9024493278822885
1.897190404573094
1.891920704521
1.8866406012004062
1.881350463946832
1.8760506579777996
1.870741544414125
1.8654234803015857
1.860096818632965
1.8547619083704792
1.8494190944685105
1.8440687178966924
1.8387111156632958
1.8333466208389175
1.8279755625804457
1.8225982661553024
1.8172150529659326
1.8118262405745338
1.8064321427280212
1.8010330693831988
1.7956293267321441
1.7902212172277705
1.7848090396095795
1.7793930889295648
1.7739736565782935
1.7685510303111078
1.7631254942744745
1.7576973290324607
1.7522668115932991
1.7468342154360867
1.741399810537546
1.7359638633989032
1.7305266370728005
1.725088391190311
1.7196493819879777
1.7142098623349264
1.708770081760004
1.7033302864789455
1.6978907194215735
1.6924516202590127
1.6870132254308994
1.6815757681726204
1.6761394785425083
