0.9097079613641136
0.7814185862412872
0.6954560737902062
0.6301918747615735
0.577486132699662
0.5333225730881913
0.49539337400293243
0.4622362729532215
0.43285966207815235
0.4065567380284034
0.3828041466473394
0.3612025591939851
0.341439796888635
0.3232668768249053
0.3064818550769224
0.2909185806390297
0.2764386557838311
0.26292555534673206
0.25028023873678296
0.2384178182014422
0.22726498985318092
0.21675802553037493
0.20684118370247478
0.19746543802507452
0.18858744983845624
0.18016873022983196
0.17217495099368194
0.16457537370423797
0.15734237332904036
0.15045103814877075
0.14387883174116028
0.13760530580626434
0.13161185491689256
0.12588150605607745
0.12039873718597416
0.11514932017645861
0.11012018427754193
0.10529929700049485
0.10067555981763818
0.09623871652988372
0.09197927250697571
0.0878884232954262
0.08395799132671067
0.08018036965394706
0.07654847180708345
0.07305568699113496
0.06969583996422292
0.06646315502624017
0.06335222362808579
0.060357975178229634
0.057475650679999206
0.05470077888112843
0.05202915465820126
0.049456819393786385
0.04698004313426041
0.0445953083423202
0.04229929508064598
0.0400888674826381
0.037961061383053406
0.03591307299609733
0.033942248541396006
0.03204607472955533
0.03022217002893636
0.02846827664402256
0.02678225314351534
0.025162067683185102
0.02360579177467404
0.02211159455699592
0.0206777375324992
0.019302569733660523
0.01798452329131952
0.016722109378952226
0.015513914511368711
0.014358597179925672
0.013254884810019928
0.012201571030406918
0.011197513247890954
0.010241630525295177
0.00933290176556528
0.008470364210642255
0.007653112270707104
0.006880296708080118
0.00615112421113611
0.005464857408128305
0.0048208153903400155
0.0042183748408494166
0.0036569719030706597
0.0031361049779944656
0.00265533872042323
0.0022143096290771925
0.001812733822871439
0.0014504179211098397
0.0011272745076421327
0.0008433446872904315
0.0005988322608476402
0.0003941583818753728
0.00023005609254475915
0.00010775467537978118
0.000029422255473232135
