0.08592002069392202
0.0883386699370576
0.09080915567950351
0.09333197404998171
0.09590760481786187
0.09853651075688612
0.10121913702221166
0.10395591054204174
0.10674723942514378
0.10959351238527565
0.11249509818385289
0.11545234509185127
0.11846558037206967
0.12153510978282431
0.12466121710393868
0.12784416368612928
0.13108418802458277
0.1343815053574648
0.13773630729034958
0.14114876144707325
0.14461901114774722
0.14814717511449493
0.1517333472054808
0.15537759617755617
0.15907996547806827
0.16284047306596278
0.16665911126263655
0.17053584663251434
0.17447061989358653
0.17846334585790188
0.18251391340204975
0.1866221854674069
0.19078799909010635
0.1950111654605775
0.19929147001210223
0.20362867253835695
0.20802250733937205
0.2124726833954637
0.21697888456866635
0.2215407698310901
0.22615797351963374
0.2308301056162729
0.2355567520534558
0.240337475043582
0.24517181343203254
0.25005928307285874
0.2549993772261955
0.25999156697672887
0.2650353016721311
0.27013000938066284
0.27527509736701333
0.2804699525853197
0.2857139421885412
0.29100641405313743
0.2963466973180382
0.301734102937067
0.30716792424357564
0.3126474375265985
0.3181719026173087
0.32374056348489066
0.32935264884086335
0.33500737275085624
0.3407039352528841
0.3464415229812222
0.3522193097948694
0.35803645740978984
0.3638921160339483
0.3697854250043251
0.3757155134250155
0.3816815008056092
0.38768249769897
0.3937176063377529
0.39978592126874457
0.40588652998437486
0.41201851355063246
0.4181809472307368
0.42437290110386927
0.43059344067828886
0.43684162749824573
0.44311651974414634
0.4494171728252925
0.4557426399647154
0.46209197277563396
0.46846422182894554
0.474858437211303
0.4812736690734727
0.4877089681682959
0.4941633863781336
0.5006359772312348
0.507125796406735
0.5136319022280185
0.5201533561440224
0.5266892231983832
0.533238572485919
0.5398004775964602
0.5463740170456326
0.552958274692503
0.5595523401438524
0.5661553091449227
0.5727662839565533
0.5793843737185043
0.5860086947989642
0.5926383711299987
0.5992725345291005
0.605910325006573
0.6125508910588526
0.6191933899476825
0.6258369879651632
0.6324808606847068
0.6391241931978875
0.6457661803372561
0.6524060268851699
0.6590429477687392
0.6656761682408926
0.6723049240478001
0.6789284615825999
0.6855460380257135
0.6921569214717784
0.698760391043393
0.7053557369918603
0.7119422607850228
0.7185192751825104
0.725086104298445
0.7316420836519533
0.7381865602055813
0.7447188923919624
0.7512384501288826
0.7577446148230222
0.7642367793626751
0.7707143480996507
0.7771767368206692
0.7836233727085236
0.790053694293317
0.7964671513940176
0.8028632050507608
0.8092413274480182
0.8156010018291564
0.821941722402548
0.8282629942396514
0.8345643331653543
0.8408452656409209
0.8471053286398944
0.8533440695172623
0.8595610458722733
0.8657558254051876
0.8719279857683775
0.8780771144120645
0.8842028084250599
0.8903046743708614
0.8963823281194113
0.9024353946749396
0.9084635080001044
0.9144663108368987
0.9204434545245432
0.926394598814781
0.9323194116848412
0.938217569148412
0.9440887550649546
0.9499326609476062
0.9557489857700721
0.9615374357727056
0.9672977242681091
0.9730295714465802
0.9787327041815685
0.984406855835538
0.9900517660663818
0.9956671806347277
1.0012528512123282
1.006808535191757
1.0123339954977024
1.0178290004000123
1.0232933233287027
1.0287267426911662
1.034129041691741
1.0395000081538133
1.0448394343446439
1.0501471168030845
1.0554228561703
1.0606664570236748
1.0658777277140399
1.0710564802063038
1.07620252992366
1.0813156955954404
1.0863957991087148
1.0914426653637612
1.0964561221334643
1.1014359999266974
1.10638213185582
1.1112943535082707
1.116172502822388
1.1210164199674322
1.1258259472279266
1.13060092889225
1.1353412111456318
1.1400466419674533
1.144717071032964
1.149352349619332
1.1539523305161488
1.1585168679402709
1.1630458174550644
1.1675390358940343
1.1719963812888172
1.176417712801485
1.1808028906612456
1.1851517761053527
1.1894642313243717
1.1937401194116228
1.1979793043168883
1.2021816508042247
1.2063470244139651
1.2104752914287666
1.214566318843729
1.2186199743404889
1.2226361262652459
1.2266146436107292
1.2305553960019413
1.2344582536857547
1.238323087524143
1.2421497689911816
1.2459381701735526
1.249688163774662
1.2533996231221924
1.2570724221790752
1.2607064355577966
1.264301538537984
1.2678576070871592
1.2713745178846556
1.2748521483485356
1.278290376665517
1.281689081823762
1.2850481436484866
1.288367442840301
1.291646861016182
1.2948862807530217
1.2980855856336153
1.30124466029508
1.304363390479514
1.307441663086893
1.310479366230057
1.3134763892917116
1.316432622983351
1.319347959405991
1.3222222921126274
1.3250555161723143
1.3278475282357505
1.3305982266022953
1.333307511288282
1.3359752840965375
1.3386014486870275
1.3411859106484558
1.343728577570779
1.3462293591184964
1.3486881671045983
1.351104915565091
1.3534795208339656
1.3558119016185168
1.358101979074897
1.360349676883792
1.3625549213261179
1.3647176413586277
1.3668377686893338
1.3689152378525877
1.3709499862838137
1.3729419543936603
1.3748910856415766
1.3767973266086613
1.3786606270696804
1.380480940064178
1.3822582219665533
1.3839924325550381
1.3856835350794756
1.3873314963277752
1.388936286691008
1.390497880227017
1.3920162547224604
1.3934913917532572
1.3949232767432604
1.3963118990211882
1.3976572518756565
1.3989593326083014
1.4002181425848859
1.4014336872843576
1.4026059763457623
1.40373502361301
1.4048208471773749
1.405863469417743
1.4068629170385087
1.4078192211051166
1.4087324170771907
1.409602544839211
1.4104296487287338
1.4112137775620868
1.4119549846575408
1.4126533278559483
1.4133088695387952
1.4139216766436788
1.414491820677196
1.4150193777252418
1.415504428460691
1.4159470581484828
1.4163473566481293
1.416705418413596
1.417021342490632
1.4172952325115151
1.417527196687253
1.4177173477972356
1.4178658031764126
1.417972684699932
1.418038118765352
1.4180622362724233
1.4180451726004606
1.4179870675833526
1.4178880654822574
1.4177483149559993
1.4175679690292258
1.4173471850583657
1.417086124695421
1.4167849538496669
1.4164438426472676
1.4160629653889116
1.415642500505455
1.4151826305116972
1.4146835419582717
1.4141454253817614
1.413568475253078
1.412952889924144
1.4122988715729723
1.4116066261471703
1.410876363305937
1.4101082963606315
1.4093026422139534
1.4084596212977902
1.4075794575098208
1.4066623781489191
1.405708613849405
1.4047183985142395
1.4036919692471996
1.4026295662840873
1.4015314329230755
1.400397815454196
1.399228963088068
1.3980251278839269
1.3967865646769826
1.3955135310051963
1.3942062870355254
1.3928650954896928
1.391490221569524
1.3900819328819425
1.3886404993636328
1.3871661932054684
1.3856592887767265
1.384120062549166
1.3825487930209972
1.3809457606408113
1.379311247731506
1.3776455384142734
1.3759489185326732
1.3742216755768584
1.3724640986079848
1.3706764781828442
1.368859106278802
1.3670122762190056
1.3651362825979865
1.3632314212076386
1.3612979889636294
1.3593362838322767
1.3573466047579434
1.3553292515909465
1.3532845250160506
1.3512127264815565
1.3491141581290187
1.346989122723628
1.344837923585271
1.342660864520312
1.340458249754108
1.3382303838642846
1.3359775717148015
1.333700118390818
1.3313983291343903
1.329072509281015
1.3267229641970277
1.3243499992179006
1.3219539195874144
1.3195350303977635
1.3170936365305674
1.31463004259884
1.3121445528898927
1.3096374713092043
1.307109101325271
1.3045597459154123
1.3019897075125946
1.2993992879532181
1.2967887884259326
1.2941585094214358
1.2915087506832947
1.288839811159777
1.286151988956701
1.2834455812912935
1.2807208844470817
1.2779781937297936
1.2752178034242825
1.2724400067524781
1.2696450958323313
1.2668333616378036
1.2640050939598437
1.2611605813683915
1.2583001111753722
1.2554239693987017
1.252532440727278
1.2496258084869742
1.2467043546075975
1.2437683595908422
1.2408181024792075
1.237853860825866
1.2348759106655123
1.2318845264861338
1.2288799812017295
1.2258625461259638
1.2228324909467347
1.2197900837016435
1.216735590754394
1.2136692767720423
1.2105914047031656
1.2075022357568748
1.2044020293826996
1.2012910432513166
1.1981695332361175
1.195037753395597
1.1918959559565658
1.1887443912981532
1.1855833079366143
1.1824129525108997
1.1792335697690084
1.1760454025550866
1.172848691797269
1.169643676496249
1.1664305937145762
1.1632096785666473
1.1599811642093996
1.156745281833675
1.1535022606562677
1.1502523279126056
1.1469957088500995
1.1437326267221009
1.1404633027824973
1.1371879562808975
1.1339068044584155
1.1306200625440432
1.1273279437515817
1.1240306592771319
1.1207284182971362
1.117421427966936
1.1141098934198739
1.1107940177668814
1.1074740020965723
1.1041500454758213
1.1008223449508174
1.097491095548571
1.0941564902788792
1.0908187201367228
1.0874779741050935
1.0841344391582384
1.0807883002653065
1.0774397403943852
1.0740889405169392
1.0707360796125902
1.0673813346742875
1.0640248807138182
1.0606668907676504
1.0573075359031283
1.0539469852249645
1.0505854058820667
1.0472229630746426
1.0438598200616185
1.040496138168328
1.03713207679447
1.033767793422345
1.0304034436253346
1.0270391810766326
1.0236751575582097
1.020311522970009
1.016948425339364
1.0135860108306243
1.0102244237549893
1.006863806580537
1.0035042999424368
1.0001460426533488
0.9967891717139896
0.9934338223238676
0.990080127892184
0.9867282200488621
0.9833782286557473
0.9800302818179247
0.9766845058951771
0.9733410255135658
0.9699999635771245
0.9666614412796666
0.9633255781167014
0.9599924918974408
0.9566622987569127
0.9533351131681419
