0.12955922607489523
0.13317420830363827
0.13686528522506708
0.14063312283258916
0.14447836054741786
0.14840161026348997
0.15240345541450379
0.1564844500651401
0.16064511802820886
0.16488595200964426
0.16920741278302814
0.17360992839544345
0.178093893406177
0.1826596681600191
0.187307578096443
0.19203791309630708
0.19685092686726804
0.20174683636917973
0.20672582128068379
0.2117880235080488
0.21693354673716073
0.2221624560296025
0.22747477746357259
0.23287049782028402
0.23834956431643084
0.24391188438313183
0.2495573254917775
0.2552857150269273
0.2610968402064659
0.26699044804901306
0.2729662453885289
0.2790238989359561
0.2851630353875518
0.29138324157969
0.29768406468945957
0.30406501248069584
0.31052555359467954
0.3170651178847792
0.32368309679428137
0.3303788437764217
0.3371516747557331
0.34400086862960016
0.3509256678089582
0.3579252787969311
0.36499887280416365
0.37214558639968726
0.3793645221957703
0.3866547495656143
0.39401530539229224
0.4014451948475845
0.4089433921992329
0.4165088416450124
0.4241404581722279
0.4318371284409699
0.439597711689649
0.4474210406612421
0.45530592254858493
0.46325113995728584
0.4712554518845863
0.47931759471261304
0.4874362832145277
0.4956102115719764
0.5038380544023315
0.5121184677942434
0.5204500903499824
0.5288315442331197
0.5372614362201417
0.5457383587545472
0.5542608910021022
0.562827599905846
0.5714370412395988
0.5800877606586585
0.5887782947464728
0.5975071720560602
0.6062729141450149
0.6150740366030104
0.6239090500706921
0.632776461248874
0.6416747738971137
0.6506024898206525
0.6595581098447925
0.6685401347758553
0.6775470663478718
0.6865774081542079
0.6956296665633195
0.7047023516180217
0.7137939779174559
0.7229030654812301
0.732028140595075
0.7411677366374423
0.7503203948865433
0.7594846653073304
0.768659107317988
0.7778422905354401
0.7870327954995935
0.7962292143758775
0.8054301516358329
0.81463422471541
0.8238400646507515
0.8330463166912387
0.8422516408896047
0.8514547126689478
0.8606542233664978
0.869848880754079
0.8790374095351343
0.8882185518182829
0.8973910675673895
0.9065537350281283
0.9157053511310781
0.9248447318713887
0.9339707126650704
0.9430821486820353
0.9521779151559696
0.9612569076711639
0.9703180424265102
0.9793602564767621
0.9883825079512993
0.9973837762506166
1.006363062220713
1.01531938830568
1.0242517986787125
1.0331593593518618
1.042041158264775
1.0508963053527816
1.059723932594583
1.0685231940399835
1.0772932658178953
1.0860333461250669
1.0947426551958834
1.1034204352536006
1.1120659504434618
1.1206784867480533
1.129257351885347
1.1378018751898364
1.146311407477252
1.1547853208932055
1.1632230087463165
1.1716238853261964
1.1799873857068277
1.1883129655357272
1.1966001008094387
1.204848287635805
1.2130570419834898
1.221225899419258
1.2293544148334874
1.2374421621544271
1.2454887340516536
1.253493741629268
1.2614568141092897
1.2693775985057438
1.2772557592899803
1.2850909780476525
1.292882953127889
1.30063139928513
1.3083360473141246
1.3159966436785724
1.3236129501338587
1.3311847433444157
1.3387118144961105
1.3461939689042026
1.3536310256172586
1.361022817017524
1.3683691884182108
1.3756699976580868
1.382925114693879
1.3901344211908613
1.397297810112081
1.4044151853066422
1.4114864610974254
1.4185115618686848
1.4254904216539057
1.4324229837242706
1.4393092001781826
1.4461490315321546
1.4529424463134553
1.4596894206548678
1.4663899378919083
1.4730439881628188
1.4796515680116995
1.4862126799950848
1.492727332292268
1.499195538319706
1.5056173163497795
1.5119926891342015
1.518321683532372
1.524604330144937
1.5308406629528186
1.537030718961983
1.543174537854185
1.54927216164395
1.5553236343419945
1.5613290016253667
1.5672883105144484
1.5732016090571235
1.5790689460202276
1.5848903705885466
1.5906659320714935
1.5963956796177003
1.6020796619376574
1.6077179270345778
1.6133105219436599
1.6188574924798795
1.6243588829944529
1.629814736140141
1.635225092645457
1.6405899910979749
1.6459094677367756
1.6511835562541952
1.6564122876069225
1.6615956898365627
1.6667337878997326
1.6718266035077631
1.6768741549760593
1.6818764570831632
1.6868335209396124
1.6917453538665386
1.6966119592841322
1.701433336609888
1.7062094811667317
1.710940384100939
1.7156260323098977
1.7202664083796493
1.7248614905321942
1.7294112525825136
1.7339156639052502
1.7383746894109817
1.7427882895320352
1.7471564202177132
1.7514790329388927
1.755756074701843
1.7599874880711779
1.7641732112018054
1.7683131778797432
1.7724073175716566
1.7764555554829493
1.7804578126242818
1.7844140058862845
1.788324048122337
1.792187848239196
1.7960053112952636
1.7997763386063095
1.803500827858405
1.8071786732278607
1.8108097655079258
1.814393992242001
1.8179312378631391
1.821421383839545
1.8248643088258456
1.8282598888198491
1.831607997324514
1.8349085055148564
1.8381612824095266
1.8413661950467421
1.844523108664314
1.847631886883452
1.8506923918960696
1.8537044846552861
1.8566680250688177
1.8595828721949716
1.8624488844409322
1.865265919763051
1.8680338358688138
1.8707524904202288
1.873421741238289
1.876041446508245
1.8786114649853944
1.8811316562010783
1.883601880668614
1.8860220000888683
1.8883918775552104
1.8907113777575526
1.8929803671852121
1.8951987143283435
1.8973662898776669
1.8994829669222457
1.9015486211450905
1.9035631310163033
1.9055263779835854
1.907438246659844
1.9092986250077073
1.9111074045207306
1.912864480401095
1.9145697517336009
1.9162231216558019
1.9178244975240613
1.9193737910754103
1.920870918585023
1.9223158010191752
1.9237083641835506
1.9250485388667529
1.92633626097893
1.9275714716853736
1.928754117535005
1.9298841505836737
1.9309615285121522
1.9319862147387825
1.932958178526698
1.9338773950855734
1.934743845667846
1.9355575176593744
1.9363184046645263
1.9370265065856325
1.9376818296968368
1.9382843867123114
1.9388341968488554
1.9393312858828715
1.9397756862017699
1.9401674368497783
1.9405065835682334
1.940793178830377
1.9410272818706928
1.9412089587088515
1.9413382821683118
1.941415331889645
1.9414401943386514
1.9414129628093446
1.9413337374218702
1.9412026251154686
1.9410197396365363
1.9407852015219136
1.9404991380774543
1.9401616833520243
1.9397729781069804
1.939333169781282
1.9388424124523136
1.9383008667925385
1.9377087000221063
1.9370660858575135
1.9363732044564426
1.9356302423589113
1.9348373924248286
1.933994853768092
1.9331028316873544
1.9321615375935783
1.9311711889344876
1.930132009116071
1.9290442274212376
1.9279080789257488
1.9267238044115758
1.9254916502777755
1.924211868449024
1.9228847162819371
1.9215104564692802
1.920089356942202
1.9186216907706144
1.9171077360618338
1.9155477758575812
1.913942098029504
1.9122909951732752
1.9105947645014325
1.9088537077350387
1.9070681309942856
1.905238344688139
1.90336466340314
1.9014474057914552
1.8994868944582886
1.8974834558487417
1.8954374201342263
1.8933491210985218
1.8912188960235619
1.8890470855750643
1.8868340336880483
1.8845800874523706
1.8822855969983323
1.8799509153824445
1.8775763984734273
1.8751624048385351
1.8727092956302493
1.8702174344734304
1.8676871873529988
1.8651189225021902
1.862513010291474
1.8598698231181647
1.8571897352968185
1.8544731229504388
1.8517203639025628
1.8489318375702763
1.8461079248581997
1.843249008053496
1.840355470721948
1.8374276976051305
1.8344660745187453
1.8314709882521227
1.8284428264689527
1.82538197760926
1.822288830792666
1.8191637757229635
1.8160072025940224
1.8128195019970714
1.8096010648293492
1.8063522822041862
1.8030735453624904
1.7997652455857038
1.7964277741102
1.7930615220431714
1.7896668802800013
1.7862442394231457
1.7827939897025087
1.7793165208973598
1.775812222259758
1.7722814824395259
1.7687246894107518
1.7651422303998259
1.7615344918150366
1.7579018591776876
1.754244717054775
1.750563448993193
1.7468584374554856
1.7431300637571228
1.7393787080053185
1.7356047490393562
1.7318085643724463
1.7279905301350869
1.724151021019918
1.7202904102280852
1.7164090694170713
1.7125073686500003
1.7085856763464127
1.704644359234479
1.7006837823046497
1.696704308764742
1.692706299996412
1.688690115513046
1.6846561129190198
1.6806046478703254
1.6765360740365507
1.6724507430641926
1.6683490045412834
1.6642312059633317
1.6600976927005302
1.6559488079662508
1.651784892786768
1.6476062859722362
1.643413324088868
1.639206341432312
1.634985670002209
1.630751639477912
1.626504577195339
1.6222448081249603
1.6179726548508746
1.6136884375509855
1.6093924739782302
1.6050850794428695
1.6007665667957904
1.5964372464128367
1.5920974261801095
1.5877474114802532
1.583387505179691
1.5790180076167921
1.5746392165909533
1.570251427352582
1.5658549325939446
1.5614500224408918
1.5570369844454095
1.5526161035789943
1.5481876622268365
1.5437519401827908
1.5393092146451077
1.5348597602129197
1.5304038488834588
1.5259417500499872
1.521473730500428
1.5170000544166744
1.5125209833745583
1.5080367763444795
1.5035476896926414
1.4990539771829228
1.4945558899793343
1.4900536766490533
1.4855475831660376
1.4810378529151718
1.4765247266969617
1.472008442732736
1.4674892366703616
1.4629673415904447
1.458442988012997
1.453916403904578
1.4493878146858714
1.444857443239699
1.4403255099194479
1.435792232557906
1.4312578264764895
1.4267225044948462
1.422186476940825
1.417649951660802
1.4131131340303393
1.4085762269651816
1.4040394309325595
1.399502943962804
1.39496696166126
1.3904316772204635
1.3858972814326083
1.381363962702263
1.3768319070593373
1.3723012981722966
1.3677723173615914
1.3632451436133155
1.3587199535930707
1.3541969216600294
1.3496762198811925
1.3451580180458174
