0.017195035959713292
0.01773809373862051
0.01829612076643514
0.018869456021919404
0.019458444254163883
0.020063436047617806
0.02068478788678515
0.021322862220567406
0.02197802752574427
0.022650658369932467
0.02334113547327401
0.02404984576923841
0.02477718246374092
0.025523545093043658
0.026289339579543474
0.027074978285758267
0.027880880065960314
0.02870747031536579
0.029555181016636744
0.030424450783265965
0.03131572489988764
0.032229455358954225
0.033166100893742084
0.034126127007198435
0.03511000599663236
0.036118216973636694
0.03715124587927006
0.038209585494045524
0.03929373544248797
0.04040420219195026
0.04154149904548028
0.04270614612850637
0.04389867036881484
0.045119605469861136
0.046369491876998396
0.04764887673632655
0.04895831384605853
0.05029836359996142
0.05166959292278563
0.053072575197492984
0.054507890183747194
0.0559761239279327
0.057477868664045646
0.059013722705570676
0.060584290327998745
0.06219018164186661
0.06383201245618553
0.06551040413206405
0.06722598342638161
0.06897938232542142
0.07077123786841795
0.072602191960688
0.07447289117664022
0.07638398655212766
0.07833613336658345
0.08032999091445306
0.08236622226623026
0.08444549401886578
0.08656847603570955
0.08873584117581387
0.09094826501292855
0.09320642554387122
0.09551100288660963
0.09786267896803746
0.10026213720153844
0.10271006215440082
0.10520713920526792
0.1077540541917951
0.11035149304851886
0.11300014143525883
0.11570068435610796
0.11845380576932885
0.12126018818822545
0.12412051227332185
0.1270354564160579
0.13000569631416067
0.13303190453914315
0.13611475009595897
0.13925489797535423
0.1424530086990043
0.1457097378578846
0.14902573564418298
0.15240164637701775
0.15583810802232026
0.159335751707462
0.16289520123059653
0.16651707256548207
0.17020197336195653
0.1739505024425345
0.17776324929560566
0.18164079356547608
0.18558370453995374
0.1895925406356211
0.19366784888154887
0.19781016440164517
0.20202000989628022
0.20629789512359492
0.21064431638099426
0.2150597559872836
0.21954468176598163
0.22409954653030648
0.22872478757026382
0.2334208261425067
0.23818806696328643
0.24302689770517316
0.24793768849794026
0.25292079143424717
0.25797654008056164
0.2631052489938588
0.26830721324465945
0.27358270794687967
0.2789319877950903
0.2843552866095651
0.28985281688983866
0.2954247693770823
0.30107131262601217
0.30679259258660396
0.3125887321963752
0.318459830983531
0.3244059646815376
0.3304271848556444
0.3365235185417459
0.342694967898151
0.3489415098706098
0.35526309587113536
0.3616596514710091
0.36813107610841367
0.3746772428110843
0.3812979979344525
0.38799316091551816
0.39476252404302403
0.4016058522441296
0.4085228828880026
0.41551332560664334
0.4225768621332441
0.42971314615840633
0.4369218032044507
0.44420243051810904
0.4515545969818593
0.4589778430440483
0.466471680668082
0.47403559330087613
0.4816690358606188
0.48937143474411776
0.49714218785378916
0.5049806646443736
0.512886206189503
0.5208581252681502
0.5288957064710158
0.5369982063267931
0.5451648534484472
0.5533948486993239
0.5616873653791319
0.5700415494296709
0.5784565196602603
0.5869313679927233
0.59546515972573
0.6040569338184539
0.6127057031932477
0.6214104550571967
0.6301701512422777
0.6389837285639418
0.6478500991977488
0.6567681510738663
0.6657367482890635
0.6747547315358882
0.6838209185486659
0.6929341045659928
0.7020930628092668
0.7112965449769347
0.7205432817539704
0.7298319833361864
0.7391613399689075
0.74853002249955
0.7579366829436107
0.7673799550635901
0.7768584549603111
0.786370781676151
0.7959155178096018
0.8054912301406771
0.8150964702665481
0.824729775246885
0.8343896682583267
0.8440746592574795
0.8537832456518724
0.863513912978269
0.8732651355877432
0.8830353773369111
0.8928230922847018
0.9026267253940823
0.9124447132380785
0.9222754847095407
0.932117461733992
0.9419690599849355
0.9518286896010757
0.9616947559047673
0.9715656601211159
0.9814398000971364
0.9913155710203588
1.001191366136268
1.0110655774640191
1.0209365965098267
1.0308028149774549
1.0406626254752411
1.050514422219106
1.0603566017309616
1.0701875635320457
1.0800057108305547
1.0898094512031782
1.0995971972698975
1.1093673673616564
1.119118386180376
1.128848685450832
1.1385567045639642
1.1482408912111752
1.157899702009163
1.167531603114905
1.177135070830368
1.1867085921965828
1.1962506655767025
1.2057598012276889
1.2152345218603045
1.22467336318708
1.2340748744579462
1.243437618983272
1.2527601746439903
1.2620411343886115
1.2712791067168416
1.2804727161496199
1.2896206036853401
1.2987214272420973
1.3077738620857677
1.316776601243786
1.3257283559044688
1.334627855801771
1.3434738495853706
1.352265105175987
1.3610004101058732
1.3696785718444175
1.3782984181088054
1.3868587971597373
1.3953585780821725
1.4037966510511077
1.412171927582428
1.4204833407688209
1.4287298455008506
1.4369104186732131
1.445024059376263
1.4530697890729047
1.4610466517609297
1.4689537141209121
1.4767900656498152
1.4845548187803852
1.4922471089865432
1.4998660948748805
1.5074109582624362
1.514880904240951
1.5222751612277496
1.529592981003475
1.536833638736841
1.5439964329966602
1.5510806857513109
1.5580857423559071
1.5650109715273826
1.571855765307727
1.5786195390156281
1.5853017311867519
1.5919018035029227
1.598419240710466
1.6048535505279573
1.611204263543664
1.6174709331029409
1.6236531351858385
1.6297504682752186
1.635762553215639
1.6416890330633043
1.6475295729273298
1.6532838598026414
1.6589516023947533
1.6645325309367431
1.67002639699867
1.6754329732897575
1.6807520534535807
1.6859834518565835
1.6911270033701624
1.6961825631466378
1.701150006389353
1.706029228117194
1.7108201429238192
1.7155226847318314
1.7201368065421963
1.724662480179152
1.7290996960308855
1.7334484627862232
1.7377088071676101
1.7418807736606012
1.7459644242401466
1.7499598380939023
1.7538671113427893
1.7576863567590746
1.7614177034821816
1.7650612967324606
1.7686172975231564
1.7720858823707764
1.7754672430040934
1.7787615860719643
1.7819691328502163
1.7850901189477468
1.7881247940120732
1.7910734214345145
1.7939362780551733
1.796713653867925
1.7994058517255733
1.8020131870453429
1.80453598751489
1.8069745927989755
1.809329354246958
1.811600634601277
1.8137888077070397
1.8158942582228856
1.8179173813332405
1.8198585824620963
1.8217182769884614
1.8234968899635668
1.8251948558299822
1.8268126181427238
1.8283506292924838
1.8298093502310624
1.8311892501991183
1.8324908064563201
1.833714504013993
1.834860835370334
1.8359303002482932
1.8369234053361825
1.837840664031085
1.8386825961851394
1.8394497278547575
1.8401425910528273
1.8407617235039742
1.8413076684029202
1.8417809741759796
1.8421821942457617
1.8425118867990986
1.8427706145582348
1.8429589445553365
1.8430774479103262
1.8431266996120708
1.843107278302969
1.8430197660669387
1.8428647482208271
1.8426428131092636
1.8423545519029645
1.8420005584005088
1.8415814288335648
1.8410977616756115
1.8405501574541276
1.8399392185662573
1.8392655490979575
1.838529754646608
1.8377324421470917
1.8368742197013304
1.8359556964112598
1.8349774822152467
1.8339401877279178
1.832844424083396
1.8316908027819196
1.830479935539827
1.8292124341428941
1.8278889103029856
1.8265099755180185
1.82507624093519
1.8235883172174636
1.822046814413275
1.8204523418294345
1.8188055079071974
1.81710692010146
1.815357184763076
1.813556907024231
1.8117066906868646
1.8098071381141023
1.8078588501246398
1.8058624258900997
1.8038184628352518
1.8017275565411284
1.7995903006509484
1.7974072867788475
1.7951791044213585
1.7929063408715984
1.7905895811361605
1.788229407854612
1.7858264012216223
1.7833811389116367
1.780894196006083
1.7783661449230557
1.7757975553494472
1.773188994175487
1.7705410254316463
1.7678542102278598
1.765129106695049
1.7623662699288798
1.75956625193573
1.7567296015808391
1.75385686453856
1.750948583244728
1.7480052968510598
1.7450275411815785
1.7420158486910011
1.7389707484250712
1.735892765982772
1.7327824234804274
1.7296402395175765
1.7264667291446878
1.723262403832573
1.7200277714435357
1.7167633362041794
1.7134695986798716
1.7101470557507756
1.7067962005894832
1.7034175226401556
1.700011507599158
1.6965786373971785
1.6931193901827368
1.6896342403071236
1.6861236583106742
1.6825881109103795
1.6790280609887895
1.6754439675841823
1.6718362858819564
1.6682054672072348
1.6645519590186288
1.6608762049031425
1.6571786445721892
1.6534597138586857
1.6497198447151995
1.645959465213111
1.6421789995427762
1.6383788680146638
1.6345594870614082
1.6307212692407949
1.6268646232396273
1.6229899538784522
1.6190976621171156
1.6151881450611376
1.6112617959688613
1.6073190042593795
1.6033601555211745
1.5993856315214943
1.5953958102164072
1.5913910657615309
1.587371768523405
1.5833382850914863
1.5792909782907594
1.575230207194914
1.5711563271401001
1.5670696897392167
1.5629706428967232
1.558859530823969
1.5547366940549838
1.5506024694627631
1.5464571902759812
1.5423011860961446
1.538134782915164
1.5339583031333102
1.5297720655775662
1.5255763855203384
1.5213715746985141
1.5171579413328518
1.512935790147704
1.508705422391024
1.5044671358546784
1.5002212248950273
1.4959679804537707
1.491707690079039
1.4874406379467269
1.483167104882044
1.4788873683812755
1.4746017026337481
1.470310378543973
1.4660136637539767
1.4617118226657821
1.457405116464056
1.4530938031388856
1.448778137508702
1.4444583712433117
1.4401347528870505
1.4358075278820388
1.4314769385915211
1.4271432243233049
1.4228066213532593
1.4184673629489
1.4141256793930101
1.4097817980073346
1.4054359431762962
1.4010883363707651
1.3967391961718483
1.392388738294696
1.3880371756123284
1.3836847181794698
1.379331573256375
1.3749779453326654
1.370624036151133
